350065,1386,1381,39,597,750,39,789,0,789,4,5,1,0,0,36,0,0,9,0,38,1,2,0,195,1,2,0,0,3,0,1,2,106,1,2,0,0,0,1,52,0,0,93,0,1,220,8,1,4
350066,993,988,15,426,558,9,567,0,567,7,1,2,0,1,43,1,0,9,0,37,0,0,0,151,1,2,0,0,4,0,0,0,54,0,2,0,0,0,1,73,0,0,50,0,0,123,3,0,2
350067,1461,1447,13,600,850,11,861,0,861,5,1,1,5,0,43,0,0,14,0,54,1,2,1,280,1,2,0,0,1,0,0,0,63,1,0,0,0,0,0,115,0,1,102,1,0,155,4,0,8
350068,2283,2240,24,1070,1196,17,1213,0,1213,13,3,0,3,1,84,0,0,26,0,84,1,9,0,333,0,3,0,0,14,0,0,2,85,0,5,0,0,1,0,194,0,1,168,0,1,163,9,0,10
350069,1593,1582,11,731,857,5,862,0,862,4,0,2,1,0,58,0,0,7,0,48,0,3,0,258,3,1,0,0,11,0,0,0,67,0,4,0,0,0,1,147,0,4,110,0,2,126,1,0,4
350070,2121,2090,8,932,1183,6,1189,0,1189,7,4,0,3,0,54,0,0,24,0,69,0,5,0,389,0,3,0,1,9,0,0,1,106,2,4,0,0,0,2,168,0,0,157,0,1,165,4,2,9
350071,1827,1798,30,815,990,22,1012,0,1012,10,0,0,1,1,58,0,0,20,0,58,0,0,0,276,0,1,0,0,12,0,0,0,80,1,3,0,0,0,0,159,0,1,147,1,1,169,6,0,7
350072,1512,1490,14,711,788,13,801,0,801,9,2,1,2,0,78,2,0,17,0,40,0,10,0,240,0,2,2,0,0,0,0,1,58,1,3,0,0,1,0,77,0,3,100,0,0,137,8,1,6
350073,1464,1433,23,674,772,18,790,0,790,15,0,1,2,0,52,0,0,18,0,66,0,8,0,222,0,0,0,0,5,0,0,0,71,0,0,0,0,0,1,112,2,0,60,1,2,129,9,2,12
350074,471,485,24,170,278,23,301,0,301,3,0,0,0,0,33,0,0,4,0,14,0,0,0,107,0,2,0,0,0,1,1,3,39,0,0,0,0,1,0,40,1,0,11,0,1,31,5,0,4
350075,1203,1190,42,560,603,40,643,0,643,7,0,0,0,0,27,1,0,4,0,37,0,3,1,195,0,2,0,0,1,0,1,1,78,0,1,0,0,0,0,92,0,0,28,0,1,146,12,1,4
350076,1170,1169,46,508,616,46,662,0,662,7,1,2,3,0,51,0,1,11,0,34,0,1,1,123,1,0,2,0,2,0,1,2,140,1,0,0,0,0,0,61,0,1,37,0,2,157,15,1,4
350077,303,304,18,120,166,17,183,0,183,4,1,0,1,0,15,0,0,1,0,10,0,2,2,35,0,1,0,0,0,0,0,0,34,0,1,0,0,0,0,17,0,0,11,0,0,43,2,0,3
350078,519,519,56,176,294,49,343,0,343,3,0,0,1,0,17,1,0,6,0,36,0,1,0,50,0,1,0,0,1,0,0,0,57,0,0,0,0,0,0,58,0,0,15,0,0,91,5,0,0
350079,633,629,49,244,342,47,389,0,389,3,0,1,0,0,15,1,0,2,0,21,2,0,0,80,0,0,1,0,1,0,0,3,71,0,0,0,0,1,2,41,0,2,34,1,0,99,7,0,1
350080,237,235,14,98,127,12,139,0,139,0,0,0,0,0,15,1,1,0,0,3,0,0,0,31,0,0,0,0,1,0,0,0,18,0,0,0,0,0,1,19,0,0,6,0,1,40,1,0,1
350081,687,677,27,251,409,27,436,0,436,3,0,1,0,0,13,0,1,6,0,15,1,16,0,88,0,0,0,0,2,0,0,1,77,2,1,0,0,0,0,49,0,0,36,0,2,120,0,0,2
350082,225,229,10,85,130,10,140,0,140,0,0,2,0,0,9,0,0,6,0,8,0,9,0,41,0,0,0,0,3,0,0,0,15,0,0,0,0,0,0,12,0,0,7,0,0,25,2,0,1
350083,447,442,12,178,263,6,269,0,269,3,0,0,0,0,17,0,0,2,1,10,0,0,0,49,0,0,0,0,1,0,0,2,65,0,0,0,0,1,0,38,0,0,19,1,0,56,3,0,1
350084,582,576,15,270,299,13,312,0,312,6,0,1,1,0,17,0,0,7,0,19,0,0,0,79,0,0,0,0,1,0,1,1,71,0,0,0,0,0,0,30,0,0,12,0,1,59,4,1,1
350085,843,830,26,368,451,24,475,0,475,1,1,0,0,0,23,0,0,10,0,34,0,6,1,110,1,1,0,0,0,0,0,0,73,0,1,0,0,2,1,57,0,0,23,0,0,122,5,1,2
350086,456,447,42,154,263,39,302,0,302,1,0,0,0,0,36,1,0,0,0,14,0,0,0,56,0,0,0,0,2,0,0,2,71,1,1,0,0,0,0,37,0,1,3,0,1,71,1,0,3
350087,1053,1041,37,398,618,37,655,0,655,8,0,0,0,0,36,0,0,13,1,43,0,1,0,172,0,2,0,1,2,0,0,0,59,0,4,0,0,0,0,106,0,0,71,0,4,123,2,1,6
350088,327,322,15,121,191,15,206,0,206,2,0,0,0,0,12,0,0,3,0,8,0,0,0,36,0,2,0,0,1,0,0,0,38,0,1,0,0,0,0,24,0,0,9,0,1,63,4,0,2
350089,1173,1163,10,540,623,10,633,0,633,3,0,0,0,1,49,0,1,15,0,38,0,1,0,162,0,1,0,0,3,0,0,2,103,1,4,0,1,0,0,58,1,0,34,0,3,138,5,3,6
350090,312,310,20,106,186,20,206,0,206,1,2,0,1,0,11,0,0,0,0,15,0,0,0,28,0,0,0,0,0,1,0,0,40,1,0,0,0,0,0,27,0,0,18,0,0,56,5,0,0
350091,1530,1534,29,652,853,25,878,0,877,4,1,1,2,0,74,2,0,9,0,52,0,17,0,257,2,1,0,0,5,0,0,2,122,0,0,0,0,0,1,103,0,0,52,0,1,148,12,2,7
350092,646,640,8,227,412,7,419,0,419,4,0,0,0,0,17,0,1,4,0,21,0,0,1,93,0,0,0,0,2,0,0,1,66,1,0,0,0,0,0,74,0,0,8,0,1,119,4,0,2
350093,213,213,8,87,120,6,126,0,126,4,0,0,0,0,12,0,0,1,0,1,0,0,0,29,0,0,0,0,2,0,0,0,10,0,0,0,0,1,0,9,0,0,3,0,0,52,1,1,0
350094,732,719,49,265,420,47,467,0,467,1,0,1,1,0,15,0,0,13,0,21,0,0,1,103,0,1,0,1,2,0,0,0,96,1,3,0,0,0,1,53,0,1,25,0,0,115,8,2,2
350095,1440,1409,15,579,846,15,861,0,861,15,0,1,2,0,35,1,0,14,0,54,0,0,1,243,0,0,0,2,6,0,0,1,54,1,5,0,1,0,1,135,0,0,36,0,5,230,13,1,4
350096,1830,1843,26,674,1136,20,1156,0,1156,16,0,1,4,2,70,1,1,14,0,62,1,1,0,337,1,1,1,0,15,0,0,2,66,0,4,0,0,0,1,214,1,2,64,1,4,256,7,1,5
350097,1428,1415,20,538,871,19,890,0,890,19,0,1,0,1,35,0,0,8,0,42,0,1,0,234,0,2,0,2,10,0,0,2,57,1,3,0,1,0,1,145,0,0,31,0,2,271,11,1,9
350098,525,522,9,203,314,8,322,0,322,7,0,0,0,0,15,2,0,3,0,11,0,0,0,71,0,1,0,1,4,0,0,0,47,1,1,0,0,0,0,41,0,0,9,0,1,95,4,5,3
350099,2169,2140,42,896,1236,37,1273,0,1273,9,1,3,1,1,137,0,0,43,1,49,0,15,0,409,1,5,0,4,13,1,0,0,101,1,6,0,1,0,1,115,1,3,81,1,0,246,19,0,4
350100,2193,2151,46,934,1225,34,1259,0,1259,15,0,1,4,1,152,0,1,40,0,42,0,15,0,430,0,2,0,7,13,0,0,1,91,1,1,0,0,1,0,101,0,0,62,0,2,254,12,5,5
350101,315,319,28,83,206,26,232,0,232,3,0,1,0,0,1,0,0,2,0,16,0,0,0,45,0,0,0,0,4,0,0,1,24,0,0,0,0,0,0,30,0,0,11,0,1,85,4,3,1
350102,615,602,15,234,368,13,381,0,381,3,0,0,0,0,21,0,0,7,0,13,0,1,0,80,0,1,1,0,8,0,0,0,92,1,0,0,0,0,0,45,0,0,16,0,0,87,5,0,0
350103,414,415,18,167,229,18,247,0,247,2,0,0,0,0,17,0,0,5,1,6,0,0,0,52,0,0,0,0,0,0,0,0,50,0,1,0,0,0,0,32,0,0,2,0,0,74,3,0,2
350104,375,373,31,127,219,29,248,0,248,2,0,0,0,0,16,0,0,0,0,7,0,0,0,43,0,0,0,5,0,0,0,1,35,0,0,0,0,0,0,49,0,0,3,0,1,80,5,0,1
350105,381,382,23,132,226,23,249,0,249,7,1,0,2,0,20,0,0,1,0,7,0,0,1,62,0,0,0,2,0,0,0,0,22,0,1,0,0,0,0,41,0,0,3,0,0,73,5,0,1
350106,951,940,9,404,539,8,547,0,547,6,0,0,1,0,39,0,0,11,0,18,0,5,1,169,1,0,0,4,7,0,0,3,77,0,2,0,2,0,0,44,0,0,11,0,0,137,6,1,2
350107,540,536,44,158,339,43,382,0,382,8,0,0,3,0,28,0,0,3,0,11,0,0,0,90,0,3,0,0,5,0,0,0,65,0,2,0,0,0,0,40,0,0,20,0,3,96,2,0,3
350108,480,477,11,168,302,10,312,0,312,5,0,0,0,0,7,0,0,2,0,8,0,0,0,81,0,1,0,0,2,0,0,1,56,2,0,0,0,0,0,36,0,0,8,0,0,95,5,0,3
350109,411,404,10,112,289,10,299,0,299,3,1,0,0,0,35,0,0,8,0,9,0,0,0,71,0,1,0,0,2,1,0,0,65,0,0,0,0,0,0,16,0,2,12,0,2,67,2,0,2
350110,357,353,18,115,224,18,242,0,242,3,0,0,1,0,10,0,0,10,0,12,0,0,0,48,0,4,0,0,5,0,0,0,37,2,2,0,0,0,1,31,0,0,5,0,0,64,5,0,2
350111,393,389,13,161,219,13,232,0,232,3,0,0,0,0,8,0,0,0,0,9,0,0,0,70,0,0,0,0,0,0,0,1,37,0,0,0,0,0,0,22,0,0,6,0,0,74,2,0,0
350112,342,342,12,164,166,12,178,0,178,2,0,0,0,0,10,0,0,1,0,9,0,0,0,30,0,1,0,0,1,0,0,0,37,1,0,0,0,0,0,32,0,0,5,0,1,39,9,0,0
350113,849,845,10,348,494,7,501,0,501,8,0,0,1,0,19,0,0,2,0,21,0,0,0,172,0,2,0,0,9,0,0,1,41,1,0,0,0,0,0,36,1,0,17,0,1,160,3,3,3
350114,120,123,1,36,83,1,84,0,84,2,0,0,0,0,2,0,0,2,0,1,0,0,0,13,0,0,0,0,0,0,0,1,32,0,1,0,0,0,0,9,0,0,1,0,1,19,0,0,0
350115,405,393,31,159,218,28,246,0,246,6,0,0,0,0,22,0,0,3,0,6,0,0,0,46,0,1,0,0,0,0,0,0,48,0,0,0,0,0,0,19,0,0,3,0,0,89,3,0,0
350116,384,373,12,137,235,12,247,0,247,2,1,0,0,0,11,0,0,3,0,2,0,0,0,61,0,1,0,0,0,0,0,0,44,1,1,0,0,0,0,12,0,0,5,0,3,92,7,0,1
350117,798,791,21,335,442,21,463,0,463,6,0,1,0,0,37,0,0,8,0,20,0,0,0,106,0,1,0,0,6,0,0,1,63,3,1,1,0,0,0,33,0,0,39,0,1,124,11,0,1
350118,1446,1434,41,659,749,38,787,0,787,10,0,0,2,0,44,0,0,17,0,55,0,0,0,162,0,5,0,0,9,0,0,0,93,0,3,0,0,0,3,80,2,5,68,1,2,220,1,1,4
350119,174,175,4,68,102,4,106,0,106,0,1,0,0,0,1,0,0,0,0,11,0,0,0,15,0,0,0,0,0,0,0,0,25,1,0,0,0,0,0,19,0,0,1,0,0,31,1,0,0
350120,129,131,4,42,83,4,87,0,87,0,0,0,0,0,7,0,0,1,0,1,0,0,0,14,0,1,0,0,3,0,0,0,19,0,0,0,0,0,0,6,0,0,3,0,1,30,1,0,0
350121,315,316,11,112,192,11,203,0,203,1,0,0,1,0,15,0,0,2,0,8,0,0,0,49,0,0,0,0,2,0,0,1,45,0,0,0,1,0,0,9,0,0,7,0,0,59,3,0,0
350122,357,348,6,125,227,5,232,0,232,3,0,1,0,0,6,0,0,1,0,5,0,0,0,55,0,0,1,0,2,0,1,0,34,0,0,0,0,0,0,27,0,0,2,0,1,87,5,0,1
350123,177,175,2,53,122,2,124,0,124,2,1,0,0,0,10,0,0,2,0,1,0,0,0,24,0,0,0,0,0,0,1,0,19,1,0,0,0,0,0,23,0,0,1,0,1,38,0,0,0
350124,99,100,3,37,59,3,62,0,62,0,0,0,0,0,3,0,0,0,0,6,0,0,0,12,0,0,0,0,0,0,0,0,9,0,0,0,0,0,1,6,0,0,1,0,0,22,2,0,0
350125,264,263,17,97,150,17,167,0,167,2,0,0,0,0,2,0,0,0,0,1,0,0,0,31,0,1,0,0,0,0,0,0,33,0,0,0,1,0,0,26,0,0,3,0,1,64,2,0,0
350126,531,524,30,214,287,30,317,0,317,5,1,0,0,0,24,0,0,2,0,10,0,0,0,71,1,2,0,0,2,1,0,1,58,1,2,0,0,0,0,49,0,0,3,0,3,73,7,0,1
350127,231,231,9,63,161,7,168,0,168,0,0,0,0,0,10,0,0,4,1,12,0,0,1,30,0,0,0,1,2,0,0,0,31,0,0,0,0,0,0,21,0,0,3,0,0,47,2,0,3
350128,519,512,37,193,293,33,326,0,326,3,1,1,0,0,19,0,0,2,0,17,0,0,0,93,0,2,0,0,5,0,0,0,48,1,0,1,0,0,0,21,0,1,9,0,2,93,4,1,2
350129,483,481,23,159,303,21,324,0,324,1,0,0,0,0,17,0,0,6,0,13,0,0,0,89,0,2,2,0,5,0,0,1,45,0,0,0,0,0,0,29,0,0,8,0,0,98,5,0,3
350322,1563,1537,31,686,851,26,877,0,877,13,2,2,1,0,57,0,0,6,0,39,0,0,0,310,0,0,0,0,19,0,0,0,84,0,1,0,0,0,0,113,0,0,46,0,2,172,8,1,1
350323,1998,1984,52,861,1091,46,1137,0,1137,8,3,1,2,1,75,1,0,16,0,58,0,0,0,423,0,2,0,0,6,0,0,1,88,4,3,0,0,0,0,135,0,1,51,0,1,241,14,0,2
350324,1659,1629,28,692,943,24,967,0,967,10,2,0,2,0,85,0,0,35,0,45,0,0,1,308,1,4,1,0,5,2,0,0,66,0,2,0,0,0,0,139,0,2,78,0,1,167,3,3,5
350325,870,866,3,344,524,2,526,0,526,7,4,0,1,0,27,1,0,11,0,31,0,0,0,214,2,0,0,0,6,0,0,0,14,1,1,0,0,0,0,78,0,0,37,1,1,82,4,0,3
350326,1329,1303,21,620,694,15,709,0,709,8,2,2,3,2,44,0,0,11,0,20,0,0,0,279,1,1,0,0,5,1,1,0,58,1,1,0,0,0,0,57,0,1,28,0,1,168,6,1,7
350327,1425,1400,29,698,710,17,727,0,727,9,0,0,1,1,63,1,1,20,0,35,0,3,1,241,0,1,0,0,4,0,0,2,68,0,0,1,0,0,0,80,0,0,45,1,0,139,6,0,4
350328,105,106,0,45,60,0,60,0,60,1,0,0,0,0,5,0,0,0,0,4,0,0,0,15,0,0,0,0,0,0,0,0,4,0,0,0,0,0,0,10,0,0,0,0,3,15,3,0,0
350329,240,237,23,86,133,21,154,0,154,2,0,0,0,0,8,0,0,2,0,3,0,0,1,46,1,0,0,0,0,0,0,0,31,0,0,0,0,0,0,21,1,0,0,0,0,38,0,0,0
350330,189,190,0,85,104,0,104,0,104,1,0,0,0,0,9,0,0,0,0,0,0,0,0,24,0,1,0,0,0,0,0,1,22,0,1,0,0,0,0,18,0,0,2,0,1,23,1,0,0
350331,780,781,19,274,487,19,506,0,506,7,0,0,3,0,36,0,0,7,0,17,0,1,0,148,4,2,0,0,3,0,0,0,30,0,0,0,1,0,0,28,0,0,18,0,0,189,10,0,2
350332,741,745,12,278,455,8,463,0,463,4,0,0,2,0,46,1,0,8,0,21,0,0,0,139,0,1,0,0,2,0,0,0,19,0,2,0,1,0,0,28,0,0,12,0,0,169,4,0,4
350333,2001,1982,7,795,1199,7,1206,0,1206,10,0,0,2,0,126,0,0,39,0,42,1,0,2,394,3,1,0,0,6,0,0,1,53,0,4,0,0,0,0,75,0,0,59,0,1,363,11,1,12
350334,1803,1791,20,741,1051,11,1062,0,1062,18,0,0,2,0,130,1,0,32,0,33,0,1,1,338,0,2,0,0,7,0,0,1,54,2,1,0,0,0,3,66,0,0,52,0,0,294,14,0,10
350335,708,692,40,287,384,37,421,0,421,21,0,0,0,0,33,0,0,7,1,10,0,0,0,113,1,1,0,0,1,0,0,0,40,0,0,1,0,0,1,25,0,0,19,0,0,135,7,0,5
350336,1620,1609,62,678,881,61,942,0,942,2,1,0,0,1,48,0,0,13,0,23,0,0,1,359,0,2,0,0,7,0,0,1,75,2,1,0,0,0,1,129,0,17,50,0,1,191,9,0,8
350337,777,767,3,350,424,3,427,0,427,3,0,0,0,0,48,0,0,9,0,13,0,0,0,152,0,1,0,0,9,0,0,2,53,1,1,0,0,1,1,32,0,1,15,1,0,77,5,0,2
350338,1011,1000,6,495,510,6,516,0,516,7,0,0,1,0,80,0,0,7,1,13,0,0,1,215,0,0,0,0,1,0,0,1,54,0,0,0,0,0,0,38,0,0,16,0,1,65,11,0,4
350339,588,582,4,267,318,3,321,0,321,1,0,0,0,0,51,0,0,14,0,11,0,0,0,128,0,0,1,0,0,1,0,0,27,0,1,0,0,0,0,27,0,0,21,0,0,31,1,0,6
350340,492,490,14,240,238,14,252,0,252,4,0,0,0,0,30,0,0,3,0,11,0,0,1,77,0,1,0,0,1,0,0,1,35,0,1,0,0,0,0,23,0,2,5,0,0,52,3,0,2
350341,399,392,23,148,228,23,251,0,251,4,2,0,0,0,9,1,0,7,1,5,0,0,0,76,0,2,0,0,2,0,0,0,58,0,0,0,0,0,0,13,0,0,5,0,2,57,6,0,1
350342,126,126,4,31,91,4,95,0,95,1,0,0,0,0,5,0,0,0,0,3,0,0,0,19,0,0,0,0,2,0,0,0,13,0,0,0,0,0,0,16,0,0,4,0,1,30,1,0,0
350343,303,297,13,94,196,13,209,0,209,4,0,0,0,0,10,0,0,1,0,2,0,0,0,65,0,0,0,0,5,1,0,0,35,0,0,0,0,0,0,19,0,1,3,0,0,60,3,0,0
350344,531,521,10,188,334,9,343,0,343,5,0,0,0,0,28,0,0,3,0,28,0,0,0,77,0,1,0,0,6,0,0,0,58,0,0,0,0,0,0,28,0,1,11,0,1,90,5,0,1
350345,60,61,4,23,33,4,37,0,37,0,0,0,0,0,3,0,0,0,0,0,0,0,0,10,0,0,0,0,0,0,0,2,6,0,0,0,0,0,0,6,0,0,0,0,0,10,0,0,0
350346,486,479,28,179,285,22,307,0,307,1,0,0,0,0,28,2,0,1,0,5,0,0,0,86,0,0,0,0,2,0,0,0,47,2,0,0,0,0,0,33,0,0,3,0,0,94,0,0,3
350347,117,122,4,46,69,2,71,0,71,1,0,0,0,0,2,0,0,0,0,0,0,0,0,20,0,0,0,0,1,0,0,0,12,0,0,1,0,0,0,12,0,0,0,0,0,18,2,0,2
350348,1157,1157,100,493,597,67,664,0,664,5,0,0,0,0,90,1,1,4,0,15,0,1,0,220,1,1,0,0,2,0,0,1,91,0,1,0,0,0,0,58,0,0,21,1,0,133,10,2,5
350349,144,144,11,66,72,6,78,0,78,0,2,0,0,0,1,0,0,1,0,1,0,0,0,30,0,1,0,0,0,0,0,0,14,0,0,0,0,0,0,9,0,0,2,0,0,15,1,0,1
350350,282,275,17,105,163,14,177,0,177,2,0,1,0,0,7,0,0,1,0,9,0,0,2,39,0,0,0,0,0,0,0,0,36,0,1,0,0,0,1,19,0,0,1,0,0,56,2,0,0
350351,711,697,26,303,387,21,408,0,408,4,0,1,1,0,26,0,0,3,1,8,0,0,1,138,0,1,0,0,2,0,0,0,37,1,1,0,0,0,1,25,0,0,7,0,0,142,6,0,2
350352,459,454,26,154,284,21,305,0,305,1,0,0,0,0,26,0,0,1,0,13,0,0,1,113,0,1,0,0,3,0,0,0,39,0,0,0,0,0,0,18,0,0,6,0,0,74,7,0,2
350353,1104,1087,61,413,630,61,691,0,691,6,0,0,0,0,82,3,0,10,0,12,0,0,0,259,0,0,0,0,2,0,0,0,84,0,1,0,0,1,2,79,0,2,19,0,2,113,13,0,1
350354,810,793,48,314,454,42,496,0,496,2,0,0,1,1,49,0,0,9,0,17,1,0,0,139,1,0,0,0,1,0,0,0,70,0,1,0,0,0,0,62,0,0,13,0,4,112,7,2,4
350355,168,167,30,54,88,26,114,0,114,0,0,0,0,1,16,0,0,1,0,5,0,0,0,23,0,0,0,0,2,0,0,0,9,0,0,0,0,0,0,7,0,0,2,0,1,46,0,0,1
350356,849,832,39,360,455,34,489,0,489,5,0,0,1,0,54,1,0,6,0,20,0,0,1,144,0,0,1,0,3,0,0,2,90,0,0,0,0,0,0,43,0,2,13,0,2,93,6,1,1
350357,255,257,2,98,155,2,157,0,157,0,0,0,0,0,16,0,0,3,0,5,0,0,0,53,0,0,0,0,5,0,0,1,28,0,0,0,0,0,0,23,0,0,5,0,0,17,0,0,1
350358,357,371,7,104,248,5,253,0,253,0,0,0,0,0,60,0,0,1,0,4,0,0,1,85,0,1,0,0,2,0,0,0,18,0,0,0,0,0,0,17,0,1,6,0,0,54,2,0,1
350359,495,499,11,208,284,3,287,0,287,4,0,0,0,0,13,0,0,3,0,9,0,0,0,94,0,0,0,0,2,0,0,1,33,0,0,0,0,0,0,21,0,0,6,0,0,97,3,1,0
350360,1077,1042,26,447,608,22,630,0,630,11,0,1,0,1,45,1,1,3,0,23,0,0,0,165,0,3,1,0,7,0,0,1,75,0,2,0,0,0,0,57,0,0,40,2,2,179,7,2,1
350361,63,62,1,13,49,1,50,0,50,1,0,0,0,0,3,0,0,0,0,2,0,0,0,8,0,0,0,0,0,0,0,0,14,0,0,0,0,0,0,6,0,0,0,0,1,15,0,0,0
350362,234,234,7,54,174,6,180,0,180,3,0,1,0,0,16,0,0,0,0,9,0,0,0,30,0,0,0,0,0,0,0,0,33,0,0,0,0,0,0,11,0,0,2,0,1,60,1,5,8
350363,321,314,23,129,170,22,192,0,192,0,0,0,0,1,11,0,0,1,0,4,0,0,0,63,1,0,0,0,1,0,0,0,19,0,1,0,0,1,0,28,1,0,4,0,1,54,0,0,1
350386,1431,1416,12,574,847,10,857,0,857,7,0,1,2,2,75,0,0,12,0,42,0,0,0,237,0,2,1,0,17,1,0,1,46,3,3,1,0,1,1,128,0,0,93,1,0,172,8,0,0
350387,2016,1994,28,848,1143,25,1168,0,1168,10,0,0,0,0,84,0,0,11,2,81,0,0,0,331,0,0,0,1,26,0,0,1,128,0,6,0,0,0,0,121,0,0,87,1,2,253,11,0,12
350389,2310,2277,13,1011,1286,13,1299,0,1299,13,1,2,1,1,81,0,0,10,0,73,0,0,0,410,2,3,0,0,27,0,0,1,147,1,3,0,0,0,1,150,1,0,126,0,5,210,16,0,14
350390,357,353,1,140,216,1,217,0,217,1,0,1,0,0,14,0,2,1,0,24,0,0,0,50,0,0,1,0,4,0,0,1,51,0,2,0,0,0,0,22,0,0,3,0,1,36,1,0,2
350391,48,51,5,11,32,5,37,0,37,1,0,0,0,0,2,0,0,1,0,3,0,0,0,4,0,0,0,0,0,0,0,0,4,0,0,0,0,0,0,3,0,0,2,0,0,17,0,0,0
350392,324,325,19,104,201,19,220,0,220,2,0,0,1,0,6,0,0,5,0,8,1,0,0,77,0,0,0,1,4,0,0,0,23,0,0,0,0,0,0,34,0,0,7,0,1,44,2,0,4
350393,84,85,6,27,51,6,57,0,57,1,0,0,0,0,2,0,0,0,0,2,0,0,0,10,0,0,0,0,0,0,0,0,11,0,0,0,0,0,0,7,0,0,1,0,1,20,1,0,1
350394,333,333,9,124,201,8,209,0,209,1,1,0,0,0,14,0,0,3,0,5,0,0,0,50,0,0,0,1,1,0,0,0,25,0,0,0,0,0,0,13,0,1,2,0,2,87,3,0,0
350395,420,417,20,144,258,18,276,0,276,0,0,0,0,0,21,0,0,6,0,11,0,0,0,63,0,0,0,0,2,0,0,0,27,0,0,0,0,0,0,40,0,0,9,0,0,90,5,0,2
350396,885,878,12,360,518,7,525,0,525,8,0,2,0,0,17,0,0,5,0,27,0,0,0,158,1,1,0,0,6,0,0,1,77,1,1,0,0,0,0,34,0,1,10,0,1,159,8,1,6
350397,1044,1024,17,418,610,16,626,0,626,3,0,2,0,0,18,1,0,4,1,42,1,0,1,172,0,2,1,0,11,0,0,1,117,0,2,0,0,0,0,51,0,0,36,0,1,147,6,3,3
350398,540,543,36,167,337,36,373,0,373,2,0,0,0,0,18,1,0,4,2,21,0,0,0,81,0,0,0,0,6,0,0,0,69,0,0,0,0,0,1,44,0,1,14,0,3,103,3,0,0
350399,78,77,9,38,35,5,40,0,40,1,0,0,0,0,0,0,0,0,0,0,0,0,0,4,0,1,0,0,0,0,0,0,6,1,0,0,0,0,1,13,0,0,2,0,0,10,1,0,0
350400,174,174,2,60,112,2,114,0,114,0,0,0,0,0,4,0,0,1,0,1,0,0,0,39,0,1,0,0,0,0,0,0,21,0,1,0,0,0,0,7,0,0,2,0,0,35,1,0,1
350401,282,279,10,82,192,8,200,0,200,0,0,0,0,0,6,0,0,2,0,7,0,0,0,66,0,0,0,0,1,0,0,1,36,1,0,0,0,0,0,25,0,0,3,0,2,43,4,0,3
350402,1134,1101,40,524,570,40,610,0,610,13,0,2,0,0,20,0,0,10,1,25,0,0,0,154,0,1,0,0,1,0,1,1,82,0,3,0,0,0,0,55,0,1,52,0,2,180,3,0,3
350403,201,198,11,86,104,11,115,0,115,0,0,0,0,0,16,0,0,0,1,3,0,0,0,21,0,0,0,0,0,0,1,1,20,0,0,0,0,0,0,12,0,0,1,0,2,32,1,0,4
350404,351,347,24,108,223,20,243,0,243,4,0,0,0,0,16,0,0,1,0,4,0,0,0,42,0,1,0,1,1,0,0,0,44,0,0,0,0,0,0,21,0,0,7,0,3,93,5,0,0
350405,762,758,62,236,465,61,526,0,526,4,1,1,1,1,25,1,0,9,0,26,0,1,0,119,2,0,0,0,3,0,0,0,50,0,2,0,0,1,1,68,0,2,26,5,7,158,10,1,1
350406,1383,1371,96,538,753,92,845,0,845,6,2,0,1,1,29,0,0,7,1,59,0,0,0,179,0,5,0,1,18,0,0,1,95,1,3,0,0,0,1,82,0,1,71,0,5,258,12,1,5
350407,450,442,23,153,279,18,297,0,297,1,1,0,3,0,16,1,1,8,0,19,0,0,0,61,0,1,0,0,4,0,0,0,72,0,0,0,0,0,0,28,0,0,9,0,2,64,5,0,1
350408,135,132,3,28,104,3,107,0,107,0,0,0,0,0,3,0,0,2,0,13,0,0,0,22,0,0,0,1,2,1,0,0,6,0,0,0,0,0,1,16,0,0,2,0,2,34,2,0,0
350409,159,157,13,39,108,12,120,0,120,0,0,0,0,0,4,0,0,7,0,2,0,0,0,21,0,0,0,0,0,0,0,1,24,0,0,0,1,0,0,18,0,0,0,0,0,38,2,0,2
350410,258,258,15,100,147,11,158,0,158,1,0,1,0,0,11,0,0,2,0,4,0,0,1,50,0,0,0,0,1,0,0,0,26,0,1,0,0,0,0,14,0,0,4,0,3,37,1,0,1
350411,378,385,23,117,243,18,261,0,261,0,1,0,0,0,26,1,0,2,0,19,0,0,1,63,0,0,0,0,4,0,0,1,29,0,1,0,0,0,0,32,0,0,6,0,1,69,4,0,1
350412,378,377,17,140,223,15,238,0,238,5,0,0,0,0,19,0,0,3,0,17,0,0,0,46,3,0,0,0,5,0,0,0,27,0,0,0,0,0,0,23,0,0,7,0,0,77,4,0,2
350413,60,65,3,20,37,3,40,0,40,0,0,0,0,0,0,0,0,1,0,0,0,0,0,10,0,0,0,0,0,0,0,0,7,0,0,0,0,0,0,4,0,0,0,0,0,17,1,0,0
350414,522,517,19,175,332,15,347,0,347,3,1,1,0,1,35,0,0,1,0,9,0,0,0,81,0,5,1,0,3,0,0,0,37,1,0,0,0,0,0,33,0,0,13,0,1,109,5,2,5
350415,504,511,44,160,303,41,344,0,344,2,1,0,1,0,21,0,0,0,0,14,0,0,0,93,0,1,1,0,2,0,0,2,71,0,0,0,0,0,2,23,0,0,15,1,1,85,5,0,3
350416,1665,1632,36,704,925,36,961,0,961,7,0,0,6,2,65,2,0,19,0,66,0,0,0,249,0,3,1,1,38,0,0,4,119,1,1,0,0,0,2,101,0,1,72,0,0,182,16,0,3
350417,144,148,7,55,82,7,89,0,89,1,0,0,1,0,2,0,0,1,0,1,0,0,0,13,0,0,0,0,1,0,0,0,23,0,0,0,0,0,0,15,0,0,1,0,0,29,1,0,0
350418,258,252,21,76,162,20,182,0,182,1,0,0,0,0,8,0,0,2,0,9,0,0,0,50,0,0,0,0,3,0,0,0,37,0,0,0,0,0,0,17,0,0,12,1,1,39,1,0,1
350419,1527,1516,21,746,770,11,781,0,781,6,0,1,0,0,73,1,0,11,1,61,0,1,1,252,0,0,1,0,23,0,0,0,58,1,3,0,0,0,0,74,1,0,60,0,0,138,5,2,7
350420,1140,1126,16,483,646,11,657,0,657,10,0,0,0,1,45,0,0,10,1,61,0,1,0,211,0,0,1,0,12,0,0,0,38,0,2,0,0,0,2,45,0,0,49,0,1,162,3,0,2
350421,2010,1978,29,840,1147,23,1170,0,1170,20,1,3,6,0,70,0,0,17,0,105,0,0,0,361,1,3,1,0,20,0,1,0,64,0,11,0,0,0,1,149,0,0,94,1,1,227,6,0,7
350422,1413,1398,23,616,779,18,797,0,796,5,1,0,3,0,48,1,0,12,1,81,0,0,0,209,0,2,0,1,13,0,0,2,42,1,1,0,0,0,1,85,0,0,72,1,3,196,10,1,4
350423,1686,1671,27,794,870,22,892,0,892,8,0,0,0,2,88,0,1,13,0,78,0,0,0,234,2,0,0,1,27,0,0,0,68,1,2,0,0,0,2,119,0,1,55,0,4,176,6,1,3
350424,1488,1474,36,699,757,32,789,0,789,7,0,2,1,2,54,0,0,12,0,47,0,0,0,249,0,2,0,0,12,0,0,0,92,0,2,0,0,0,0,80,1,1,26,0,1,185,8,2,3
350425,63,65,6,8,49,6,55,0,55,1,0,0,1,0,2,0,0,0,0,1,0,0,0,16,0,0,0,0,1,0,0,1,2,0,0,0,0,0,0,22,0,0,0,0,0,8,0,0,0
350426,66,65,4,29,34,3,37,0,37,0,0,0,0,0,1,0,0,1,0,2,0,0,0,11,0,0,0,0,0,0,0,0,6,0,0,0,0,0,0,4,0,0,0,1,2,9,0,0,0
350427,948,942,23,421,505,22,527,0,527,5,0,1,0,2,54,0,0,11,0,32,0,0,0,128,0,0,0,0,2,0,0,0,56,0,1,0,0,0,2,46,0,0,27,0,0,149,6,2,3
350428,963,955,24,457,488,18,506,0,506,4,0,0,0,0,53,0,0,9,1,28,1,0,1,151,0,2,0,0,5,0,0,1,53,2,0,0,0,0,1,45,0,0,14,0,0,126,7,0,2
350429,264,263,4,119,141,4,145,0,145,3,0,0,0,0,7,0,0,1,0,5,0,0,0,48,0,0,0,0,1,0,0,0,9,0,0,0,0,0,1,19,0,0,6,0,0,43,0,1,1
350430,156,154,12,50,94,12,106,0,106,0,0,0,0,0,4,0,0,0,0,3,0,0,0,34,0,0,1,0,4,0,0,1,12,0,0,0,0,0,0,14,0,0,0,0,0,32,0,1,0
350431,210,208,15,58,138,14,152,0,152,2,0,0,0,1,12,0,0,1,0,4,0,0,0,33,0,0,0,0,2,0,0,0,33,0,0,0,0,0,0,11,0,0,4,1,1,41,5,0,1
350432,78,77,7,34,41,3,44,0,44,0,0,0,0,0,1,0,0,0,0,4,0,0,0,5,0,0,0,0,2,0,0,0,6,0,0,0,0,0,0,4,0,0,2,0,0,20,0,0,0
350434,60,59,0,16,44,0,44,0,44,1,0,0,0,0,0,0,0,0,0,3,0,0,0,6,0,0,0,0,1,0,0,0,6,0,1,0,0,0,1,6,0,0,3,0,0,15,1,0,0
350435,216,210,11,110,96,10,106,0,106,1,0,0,0,0,7,0,0,0,0,3,0,0,0,15,0,1,0,0,4,0,0,1,20,0,0,0,0,0,0,9,0,0,1,0,3,40,1,0,0
350436,384,385,30,125,231,28,259,0,259,2,1,2,0,0,19,0,0,5,0,25,0,0,0,48,0,0,0,0,2,0,0,1,23,0,0,0,0,0,1,28,0,0,10,0,2,85,5,0,0
350437,105,105,4,35,68,2,70,0,70,0,0,0,0,0,3,0,0,0,0,6,0,0,0,17,0,1,1,0,0,0,0,1,10,0,1,0,0,0,0,13,0,0,4,0,0,12,1,0,0
350438,111,113,6,37,70,4,74,0,74,0,0,0,0,0,3,1,0,0,0,4,0,0,0,4,0,0,0,0,4,0,0,0,10,0,0,0,0,0,0,11,0,0,10,0,0,23,4,0,0
350439,462,451,36,194,240,28,268,0,268,3,1,0,1,1,7,0,0,3,0,38,0,0,0,69,0,0,0,0,0,0,0,0,38,0,0,0,0,0,1,36,0,0,15,1,0,50,4,0,0
350440,651,642,63,253,344,54,398,0,398,3,4,1,0,0,32,1,0,4,0,11,0,1,0,93,0,0,0,0,8,0,0,4,52,1,1,0,0,0,0,67,1,1,13,2,2,88,7,0,1
350441,633,624,31,269,340,24,364,0,364,3,0,0,1,1,33,0,0,4,1,22,0,0,0,87,0,1,0,0,12,0,0,1,46,0,0,0,0,0,2,32,0,0,28,0,1,87,1,0,1
350442,612,608,44,251,325,36,361,0,361,1,0,2,0,0,31,1,0,3,0,19,0,0,0,111,2,1,0,0,4,0,0,3,43,0,1,0,0,0,0,38,0,0,11,0,1,84,4,0,1
350443,840,825,28,286,527,27,554,0,554,9,0,0,1,1,17,0,0,5,0,56,0,1,0,128,0,2,0,0,12,0,0,2,57,0,0,0,0,1,0,32,1,0,24,0,0,201,2,0,2
350444,141,139,4,67,70,4,74,0,74,1,0,0,0,0,2,0,0,0,0,4,0,1,0,12,0,0,0,0,1,0,0,0,12,0,0,0,0,0,0,14,0,0,2,0,0,25,0,0,0
350445,150,146,9,47,94,9,103,0,103,1,0,1,0,0,10,0,0,0,0,0,0,0,0,37,0,0,0,0,0,0,0,1,18,0,0,0,0,0,0,12,0,0,0,0,1,22,0,0,0
350446,675,672,40,245,394,36,430,0,430,4,0,0,0,0,28,0,0,4,0,23,0,0,0,153,0,1,1,0,2,1,0,0,66,0,0,0,0,0,0,46,0,0,2,0,0,90,7,0,2
350447,336,334,17,121,204,11,215,0,215,3,0,0,1,0,21,0,0,2,0,10,0,0,0,62,0,0,0,0,2,0,0,1,51,0,0,0,0,0,0,11,0,0,3,1,1,41,4,0,1
350448,528,523,41,140,347,41,388,0,388,0,0,1,0,1,14,0,0,3,0,60,0,0,0,94,0,2,0,0,2,0,0,0,64,0,1,0,0,0,0,39,0,0,9,0,0,93,4,0,1
350449,231,225,11,79,141,11,152,0,152,3,0,0,0,0,7,0,0,0,0,6,0,0,0,37,0,0,0,0,2,0,0,0,26,0,0,1,0,0,0,25,0,0,3,0,0,40,0,0,2
350450,1155,1147,72,407,685,63,748,0,748,9,5,0,0,0,34,0,0,2,0,18,0,0,0,203,2,0,0,0,13,1,0,1,78,0,1,0,0,0,4,74,0,0,35,0,2,251,8,0,7
350451,375,371,38,74,270,31,301,0,301,1,0,0,0,2,40,0,0,3,0,13,0,0,0,36,0,4,0,0,4,0,0,0,34,0,0,0,0,0,1,42,0,0,15,0,0,96,8,1,1
350452,354,355,34,106,215,33,248,0,248,3,0,0,0,0,26,1,0,1,0,11,0,0,0,82,1,0,1,0,1,0,0,0,29,0,0,0,0,0,0,32,0,0,2,0,0,54,2,1,1
350453,402,401,25,100,279,23,302,0,302,1,1,0,1,1,16,0,0,1,0,31,0,0,0,88,0,2,0,0,14,0,0,0,34,1,1,0,0,0,0,16,0,0,15,0,0,77,1,1,0
350454,654,645,27,298,334,22,356,0,356,2,1,0,0,1,37,0,0,4,0,22,0,0,0,98,0,0,0,1,7,0,0,2,47,0,0,0,0,0,0,40,0,0,7,1,2,70,10,0,4
350455,903,889,34,309,563,31,594,0,594,2,0,0,2,0,55,1,0,9,0,43,0,2,0,168,0,3,0,0,15,1,0,0,72,0,2,0,0,0,0,37,0,0,20,0,0,154,5,0,3
350456,216,216,13,84,119,13,132,0,132,0,2,0,0,0,6,0,0,2,0,3,0,0,0,36,0,0,0,0,7,0,0,0,25,0,0,0,0,0,0,5,1,0,4,0,1,38,1,0,1
350669,351,346,21,135,202,14,216,0,216,2,0,0,0,0,9,0,1,11,0,15,0,0,0,61,0,1,0,0,3,0,0,0,43,0,0,0,0,0,2,25,0,0,4,0,0,33,3,0,3
350670,831,825,70,252,511,68,579,0,579,10,1,1,2,0,28,1,2,9,0,19,0,0,1,125,0,1,0,1,6,0,0,2,68,0,3,0,0,0,0,96,0,0,8,0,0,185,3,0,7
350671,762,758,68,270,431,61,492,0,492,5,0,1,2,0,26,0,1,8,0,14,0,0,0,126,0,0,0,0,2,0,0,0,74,0,0,0,0,0,1,48,0,1,11,0,1,161,3,2,5
350672,975,963,51,423,505,47,552,0,552,5,0,0,1,0,29,1,0,7,0,34,0,1,0,132,0,1,0,0,6,0,0,0,109,0,1,0,0,0,1,64,0,0,23,0,1,125,5,0,6
350673,81,81,6,27,51,3,54,0,54,1,0,0,0,0,2,0,0,0,0,0,0,0,0,25,0,0,0,0,0,0,0,0,2,0,0,0,0,0,0,3,0,0,3,0,0,18,0,0,0
350674,543,545,46,197,305,41,346,0,346,4,0,0,0,0,15,0,0,5,0,20,0,0,0,100,0,0,0,0,2,0,0,0,48,1,0,0,0,0,1,42,0,0,12,0,2,88,5,0,1
350675,129,135,21,32,78,19,97,0,97,0,0,0,0,0,12,0,0,0,0,5,0,0,0,18,0,0,0,1,0,0,0,0,16,0,0,0,0,0,0,10,0,0,1,0,4,28,2,0,0
350676,1071,1059,76,381,619,71,690,0,690,13,0,1,1,3,34,0,0,19,0,30,0,0,0,191,0,1,0,0,6,0,0,1,130,0,0,0,1,0,1,83,0,0,31,0,2,132,8,1,1
350677,561,551,49,218,296,47,343,0,343,4,0,1,0,0,32,0,0,5,0,9,0,0,0,75,1,0,1,0,1,0,0,1,87,1,0,0,0,0,0,36,0,0,7,0,1,67,11,1,2
350678,123,125,10,28,87,8,95,0,95,3,0,0,0,0,8,0,0,1,0,7,0,0,0,16,0,0,0,0,0,0,0,0,30,0,0,0,0,0,0,16,0,0,0,0,5,8,0,0,1
350679,699,688,43,310,351,38,389,0,389,4,0,2,0,0,12,0,0,18,1,21,0,0,0,78,0,1,0,0,2,0,0,0,71,1,1,0,0,0,2,70,0,0,7,0,1,87,7,1,2
350680,810,795,44,299,472,39,511,0,511,6,0,0,2,0,29,1,0,8,2,17,0,0,0,141,2,2,0,0,7,0,0,0,115,1,1,0,0,0,1,46,0,0,14,0,6,106,3,0,1
350681,204,203,14,71,119,14,133,0,133,0,1,0,0,0,6,0,0,4,1,3,0,0,0,44,0,0,0,0,1,0,0,0,28,1,0,0,0,0,0,19,0,0,4,0,0,20,1,0,0
350682,438,441,22,184,238,16,254,0,254,2,3,1,0,0,7,0,0,5,0,6,0,0,0,86,2,0,1,0,1,0,0,0,46,0,0,0,0,0,0,20,0,0,8,0,1,62,0,0,3
350683,186,187,8,71,107,8,115,0,115,3,0,0,0,0,3,0,0,1,0,5,0,0,0,41,0,0,0,0,3,0,0,0,18,0,0,0,0,0,0,16,0,0,0,1,2,20,1,0,1
350684,519,518,41,193,288,38,326,0,326,5,0,1,0,0,23,0,0,3,0,13,0,0,0,84,0,0,0,0,7,0,0,0,50,0,1,0,0,0,0,36,1,0,5,0,4,91,2,0,0
350685,1008,999,69,389,563,56,619,0,619,6,0,1,2,0,45,0,0,9,0,25,1,0,2,211,0,4,0,0,1,0,0,1,69,0,2,0,0,0,0,88,0,1,29,0,3,109,4,3,3
350686,558,547,28,242,295,21,316,0,316,1,0,0,3,0,36,0,0,5,0,5,0,0,0,89,0,0,0,0,3,0,0,0,69,0,1,0,0,0,0,36,0,0,13,0,1,51,2,1,0
350687,696,696,42,293,370,33,403,0,403,3,0,0,0,0,27,0,1,4,0,29,1,0,0,103,0,0,0,0,5,0,0,1,65,0,1,0,0,0,0,49,1,0,26,0,0,82,3,0,2
350688,252,256,11,86,156,10,166,0,166,2,0,0,0,0,5,0,0,3,0,7,0,0,0,33,0,0,1,0,0,0,0,1,50,0,0,0,0,0,0,25,0,0,0,0,3,36,0,0,0
350689,684,666,50,244,397,43,440,0,440,6,0,1,2,0,13,0,0,9,0,22,0,1,0,103,0,1,0,1,5,0,0,1,80,1,0,0,0,0,1,55,0,0,15,0,1,117,3,1,1
350690,1905,1878,46,772,1096,37,1133,0,1133,12,2,0,3,1,57,0,0,27,0,97,0,2,0,374,0,1,1,0,16,0,0,2,116,3,5,0,0,0,1,180,0,1,66,0,1,150,8,0,7
350691,1542,1523,34,659,856,27,883,0,883,19,1,1,2,2,53,1,0,26,1,49,0,1,0,267,3,2,1,1,7,0,0,1,89,1,6,0,0,0,1,122,0,1,51,0,0,163,3,0,8
350692,2004,1983,72,853,1101,50,1151,0,1151,25,3,1,1,1,77,0,0,19,0,66,0,2,2,388,2,5,1,0,10,1,1,4,127,0,1,0,0,0,0,168,0,0,83,0,2,137,9,2,13
350693,1293,1287,40,587,666,40,706,0,706,10,0,0,2,1,28,0,0,7,1,35,0,0,0,241,0,2,0,0,4,0,0,1,113,0,1,0,0,0,0,84,1,3,20,0,5,136,7,1,3,01,04,2019,02,20
