460149,228,226,16,50,164,14,178,0,178,0,0,0,0,0,2,0,0,1,1,39,0,0,2,12,0,0,0,0,7,0,0,0,12,0,1,0,0,0,0,48,0,0,0,0,0,48,2,3,0
460150,804,799,33,200,571,33,604,0,604,10,0,1,1,0,3,0,0,0,0,132,0,0,0,55,0,0,0,0,22,0,0,0,12,0,4,0,0,0,1,234,0,0,27,0,1,98,0,1,2
460151,1038,1029,25,219,795,24,819,0,819,9,0,0,0,0,1,0,0,0,0,153,0,0,0,111,0,0,0,0,43,0,0,2,23,0,4,0,1,0,3,372,0,0,5,0,1,83,3,1,4
460152,681,676,30,120,531,30,561,0,561,1,0,0,1,1,0,0,0,1,0,110,0,1,0,18,0,0,0,0,39,0,1,0,12,0,0,0,0,0,2,211,0,0,23,0,1,136,2,0,1
460153,228,231,24,41,163,24,187,0,187,2,0,0,2,0,0,0,0,0,0,52,0,0,0,9,0,0,0,0,2,0,0,0,4,0,0,0,0,0,0,79,0,0,1,0,0,34,1,0,1
460154,1029,1025,35,299,697,33,730,0,730,2,0,2,3,0,2,0,0,0,0,159,0,0,0,65,0,0,0,0,65,0,0,0,17,0,3,0,0,0,2,284,0,1,17,0,1,98,6,1,2
460155,1218,1207,29,446,749,23,772,0,772,13,0,2,1,2,2,1,0,1,0,161,1,1,0,50,0,0,0,0,78,0,0,2,37,0,2,0,1,0,1,237,0,0,27,0,0,133,12,2,5
460156,1110,1110,7,335,770,5,775,0,775,5,0,2,4,0,6,0,0,1,0,169,1,0,0,67,0,1,0,0,31,0,1,0,12,0,1,0,1,0,0,303,0,0,38,0,0,127,0,0,5
460157,1362,1359,9,458,896,8,904,0,904,7,1,3,3,0,1,0,0,3,0,180,0,0,0,103,0,0,0,0,30,0,0,3,27,0,3,0,0,0,1,340,0,0,26,0,1,160,9,1,2
460158,1035,1025,12,323,700,12,712,0,712,5,0,6,3,1,2,0,0,0,1,134,0,0,0,70,0,0,0,0,35,0,0,1,30,0,4,0,0,0,0,263,1,0,24,0,0,124,3,2,3
460159,561,563,32,134,397,30,427,0,427,6,0,0,0,0,0,0,0,0,0,72,0,0,0,23,0,1,0,1,25,1,0,0,14,0,1,0,0,0,2,240,1,0,9,0,0,25,2,0,4
460160,605,617,20,160,425,20,445,0,445,5,1,0,1,1,2,0,0,1,0,98,0,0,0,42,0,0,0,0,10,1,0,0,10,0,3,0,0,0,2,194,0,0,8,0,1,56,5,1,3
460161,138,136,14,30,95,13,108,0,108,2,0,0,0,0,0,0,0,0,0,21,0,0,0,6,0,0,0,0,7,0,0,0,3,0,0,0,0,0,0,57,0,0,1,0,0,9,2,0,0
460162,1893,1882,11,560,1325,8,1333,0,1333,17,0,3,1,0,7,0,0,1,0,253,0,1,1,93,0,0,0,1,92,0,1,0,26,0,5,0,0,0,3,635,3,0,39,1,1,132,9,0,8
460163,1584,1573,19,521,1048,15,1063,0,1063,13,1,3,2,1,4,0,0,1,0,195,0,0,0,103,0,1,0,1,72,0,0,2,24,0,6,0,0,0,1,494,0,1,24,1,1,106,3,0,3
460164,1953,1952,20,617,1316,20,1336,0,1336,15,0,3,2,0,12,0,0,4,1,239,1,2,0,130,0,0,2,0,103,0,1,0,20,1,5,0,0,0,0,564,1,1,51,0,1,163,6,0,8
460165,1599,1575,14,486,1103,10,1113,0,1113,14,0,2,1,0,6,1,1,3,1,192,0,0,0,144,0,0,0,0,66,0,0,1,17,1,4,0,0,0,0,469,2,1,48,0,0,129,7,1,2
460166,1464,1446,11,449,1009,6,1015,0,1015,13,0,1,2,0,8,1,0,4,0,172,0,1,0,96,1,0,1,1,85,0,0,0,12,0,5,0,0,0,1,428,2,0,37,0,0,132,7,0,5
460167,1881,1873,15,544,1324,13,1337,0,1337,18,3,5,1,0,17,0,2,0,1,266,1,0,0,147,0,0,0,0,84,1,0,0,19,0,6,0,0,0,0,580,0,0,30,0,0,134,9,1,12
460168,417,412,3,116,298,3,301,0,301,5,0,0,0,0,4,0,0,0,0,74,0,0,0,46,0,0,0,1,11,0,0,2,9,0,1,0,0,0,0,75,0,0,10,0,0,57,4,0,2
460169,2421,2389,15,935,1472,14,1486,0,1486,17,1,3,4,1,26,0,0,6,0,290,0,0,1,264,0,1,1,0,69,0,2,1,35,0,8,0,0,0,3,553,0,0,53,1,1,123,7,1,14
460170,1068,1058,27,360,681,27,708,0,708,5,1,1,1,0,0,0,0,0,0,212,0,0,0,29,0,0,0,0,30,0,0,2,30,1,0,0,0,0,1,284,0,0,6,0,0,92,9,0,4
460171,915,904,75,255,592,68,660,0,660,5,0,0,0,0,1,0,0,0,0,132,1,0,0,68,0,0,0,0,16,0,0,1,16,0,1,0,0,0,0,258,0,1,28,0,0,120,12,0,0
460172,729,720,41,198,492,39,531,0,531,6,0,0,1,0,6,1,0,0,0,148,0,0,0,23,0,0,0,0,5,0,0,1,41,1,2,0,0,0,2,231,0,1,8,0,0,48,1,3,2
460173,513,514,26,142,346,25,371,0,371,10,0,0,0,0,4,0,0,0,0,26,0,0,0,45,0,0,0,0,9,0,0,0,9,0,0,0,0,0,0,229,0,0,5,0,0,31,0,0,3
460174,633,634,21,174,441,18,459,0,459,4,3,1,2,0,2,0,0,0,0,85,0,0,0,32,0,1,0,0,28,0,0,1,15,0,2,0,0,0,0,238,1,0,8,0,1,31,1,2,1
460175,873,870,53,286,537,50,587,0,587,6,2,0,0,0,1,1,0,0,1,144,0,0,0,26,0,0,0,0,52,0,0,0,36,0,0,0,0,1,0,211,0,0,5,0,1,94,5,0,1
460176,1311,1310,59,355,901,55,956,0,956,6,0,1,1,0,3,0,0,0,0,247,0,2,0,99,0,0,0,0,40,0,0,1,20,0,2,0,0,0,3,404,0,1,29,0,0,88,4,0,5
460177,747,740,60,183,504,60,564,0,564,3,0,0,0,0,0,0,1,1,0,178,0,1,0,27,1,0,0,0,28,0,0,0,45,0,2,0,0,0,2,170,1,0,19,1,1,79,2,0,2
460178,366,362,33,107,226,33,259,0,259,3,0,0,0,0,1,0,0,0,0,78,0,0,0,21,0,0,0,0,8,0,0,0,7,0,0,0,0,0,1,91,0,0,5,0,0,42,1,0,1
460179,237,235,23,53,164,20,184,0,184,0,0,0,1,0,1,0,0,0,0,14,0,0,0,13,0,0,0,0,6,2,0,1,1,0,0,0,0,0,2,65,0,1,3,0,0,68,5,0,1
460180,231,230,20,53,158,20,178,0,178,0,0,0,0,0,1,0,0,0,0,50,0,0,0,23,0,0,0,2,9,0,0,0,2,0,0,0,0,1,0,47,0,0,4,0,0,33,5,1,0
460181,1005,1000,64,362,586,57,643,0,643,6,0,0,1,1,1,0,0,0,0,116,0,0,1,78,0,1,0,0,12,0,0,0,32,0,1,0,1,0,3,257,1,0,3,0,0,115,11,0,2
460182,300,312,22,98,181,21,202,0,202,6,2,0,0,1,0,0,0,0,0,62,0,0,0,14,0,0,0,0,14,0,0,0,4,0,1,0,0,0,1,59,0,0,7,0,0,28,1,0,2
460183,1587,1572,21,523,1045,19,1064,0,1064,9,0,2,0,1,3,0,0,0,0,325,3,0,0,56,0,0,1,0,58,0,0,0,25,0,4,0,1,0,4,396,0,1,56,0,0,116,0,1,2
460184,1413,1402,23,483,907,23,930,0,930,6,0,2,0,0,6,0,0,1,0,246,0,0,0,55,0,0,0,0,80,0,0,0,18,1,2,0,0,0,1,345,0,2,65,0,1,94,0,0,5
460185,465,464,33,143,295,27,322,0,322,5,0,0,0,1,2,0,0,0,0,64,0,1,0,28,0,0,0,0,20,1,0,0,18,0,0,0,0,0,1,119,0,0,8,0,0,47,6,0,1
460186,237,234,12,40,185,12,197,0,197,5,0,0,0,0,0,0,0,0,0,25,0,0,0,12,0,0,0,0,4,0,0,0,9,1,2,0,0,0,2,85,0,1,1,0,0,45,4,0,1
460187,276,278,22,32,222,22,244,0,244,1,0,0,0,1,0,1,0,0,0,64,0,0,0,28,0,0,0,0,10,0,0,0,18,0,0,0,0,0,1,30,0,0,3,0,0,84,2,1,0
460188,267,263,20,64,183,20,203,0,203,2,0,1,0,0,4,0,0,0,0,17,0,0,0,16,0,0,0,0,7,0,0,1,10,0,0,0,0,0,0,90,0,0,1,0,0,49,4,0,1
460189,276,280,18,45,215,16,231,0,231,2,0,1,0,0,0,0,0,0,0,34,0,0,0,20,0,0,0,0,18,0,1,0,13,0,0,0,0,0,0,84,0,0,1,0,0,57,0,0,0
460190,1074,1068,12,402,660,12,672,0,672,19,1,1,3,1,5,0,0,0,0,112,0,0,0,56,0,0,0,0,38,0,0,2,24,0,1,0,0,0,2,259,2,0,10,0,0,129,2,2,3
460191,366,367,31,116,219,31,250,0,250,4,0,0,0,0,1,0,0,0,0,32,0,0,0,17,0,0,0,0,11,0,0,0,7,0,4,0,0,0,0,107,0,0,7,0,0,55,4,0,1
460192,351,352,25,98,230,23,253,0,253,4,0,0,0,0,0,0,1,0,2,40,0,0,0,20,1,0,0,1,5,3,0,1,12,0,0,0,0,0,3,118,0,2,0,0,36,4,0,0,0
460193,192,190,11,36,145,11,156,0,156,1,0,0,0,0,0,0,0,0,0,17,0,0,0,21,0,0,0,0,8,0,0,0,7,0,2,0,0,0,0,59,0,0,2,0,0,37,2,0,0
460194,354,356,39,65,251,38,289,0,289,1,0,0,1,0,0,0,0,0,0,44,0,0,0,7,0,0,0,0,6,0,0,0,8,0,0,0,0,0,0,132,0,0,7,0,0,83,0,0,0
460195,186,185,23,23,143,20,163,0,163,0,0,0,1,0,0,0,0,0,0,15,0,0,0,7,0,0,0,0,2,0,0,0,13,1,1,1,0,0,0,41,0,0,2,0,0,74,5,0,0
460196,2280,2258,43,545,1695,40,1735,0,1735,17,1,0,3,0,10,0,2,0,0,321,0,0,0,91,0,0,0,1,155,1,0,0,36,1,5,0,0,0,4,862,0,0,53,0,0,156,12,0,4
460197,657,652,56,170,437,50,487,0,487,7,0,0,1,0,1,0,0,1,0,93,0,1,0,24,0,0,0,0,17,0,0,1,18,0,0,0,0,0,2,240,0,0,20,0,0,55,5,1,0
460198,732,730,52,245,438,49,487,0,487,7,1,0,2,0,0,0,0,0,0,124,0,0,0,38,0,0,0,0,22,0,0,0,16,0,3,0,0,0,1,146,0,0,22,0,1,98,4,0,2
460199,843,837,19,242,582,19,601,0,601,3,0,1,1,0,1,0,0,1,2,215,0,3,0,46,1,0,0,0,26,0,0,1,16,0,2,0,0,0,0,166,0,0,25,0,0,80,5,1,5
460200,564,581,54,122,392,50,442,0,442,2,0,0,0,0,3,0,0,0,1,123,0,0,0,38,0,0,0,0,14,0,0,1,12,0,1,0,0,0,0,113,0,0,13,0,0,116,4,1,0
460201,174,172,15,41,119,14,133,0,133,0,0,0,0,0,0,0,0,0,0,7,0,0,0,5,0,0,0,0,7,1,0,0,14,1,0,0,0,0,1,72,0,0,0,0,0,23,2,0,0
460202,867,861,31,202,634,31,665,0,665,11,0,0,0,0,0,0,0,1,0,157,0,0,0,76,0,0,0,1,39,0,0,0,22,0,1,0,0,0,1,198,0,0,25,0,0,123,7,1,2
460203,429,425,7,110,312,7,319,0,319,4,0,1,0,0,0,0,0,0,0,96,0,0,0,18,0,0,0,0,6,0,0,0,10,0,0,0,0,0,0,116,2,0,12,0,0,45,7,0,2
460204,294,294,8,82,204,8,212,0,212,1,0,0,0,1,0,0,0,0,0,49,0,0,0,10,0,0,1,0,14,0,1,0,7,0,1,0,0,1,2,92,0,0,0,0,1,26,1,0,4
460205,387,381,32,89,267,31,298,0,298,1,0,0,1,0,6,0,0,14,0,56,0,0,0,21,0,0,0,0,4,0,0,0,9,0,1,0,0,0,0,125,0,0,8,0,0,47,4,0,1
460206,1446,1435,46,477,926,43,969,0,969,11,3,0,1,1,4,0,0,0,0,177,1,0,1,92,0,1,0,0,30,0,1,1,38,0,4,0,0,0,1,413,0,1,32,0,0,145,6,0,5
460207,117,121,3,30,84,3,87,0,87,0,0,0,0,0,1,0,0,0,0,19,0,0,0,1,0,0,0,0,2,0,0,0,0,0,0,0,0,0,0,28,0,0,0,0,0,33,3,0,0
460208,201,202,7,24,171,6,177,0,177,1,0,0,0,0,0,0,0,0,0,33,0,0,0,8,0,0,0,0,3,0,0,0,11,0,1,0,0,0,0,97,0,0,0,0,0,20,2,0,1
460209,1695,1690,12,444,1244,7,1251,0,1251,8,2,2,1,1,4,0,1,0,0,363,0,0,0,95,0,0,1,0,68,0,1,0,18,0,3,0,0,0,1,520,0,0,40,0,1,113,3,0,5
460210,1764,1754,21,490,1254,20,1274,0,1274,10,1,2,0,1,2,0,0,1,0,305,1,0,0,114,0,1,0,0,46,0,0,0,13,0,5,0,1,0,1,583,0,0,46,1,1,132,0,1,6
460211,330,337,30,81,221,28,249,0,249,6,1,1,1,0,0,0,0,0,0,49,0,0,0,16,0,0,0,1,7,0,0,0,13,0,2,0,0,0,1,61,2,0,15,0,0,65,7,1,0
460213,414,414,25,115,277,22,299,0,299,0,0,0,0,0,0,0,0,0,0,75,1,0,0,19,0,1,0,0,16,0,0,1,15,0,1,0,0,0,2,110,0,0,7,0,0,43,2,0,6
460214,315,317,63,84,172,59,231,0,231,4,0,0,1,1,3,1,0,2,0,36,0,0,0,15,0,0,0,0,11,0,0,0,9,0,0,0,0,0,0,97,0,0,6,0,1,42,2,0,0
460215,807,799,38,184,588,35,623,0,623,13,0,0,1,0,1,0,0,0,0,105,0,0,0,67,1,1,0,0,42,1,0,0,47,0,0,1,1,0,0,219,0,0,16,0,0,100,5,0,2
460216,411,405,33,126,257,28,285,0,285,2,0,1,0,0,2,0,0,0,0,54,0,0,0,12,0,0,0,0,22,0,0,0,16,0,1,0,0,0,0,88,1,0,14,0,1,62,9,0,0
460217,447,443,19,103,327,17,344,0,344,4,0,0,0,0,0,0,0,1,0,45,1,0,0,25,0,0,0,0,8,0,0,0,16,0,0,0,0,0,2,166,0,0,5,0,0,63,5,0,3
460218,961,949,11,255,695,11,706,0,706,13,0,2,0,0,3,0,0,0,0,159,0,0,0,62,0,0,0,0,54,0,0,1,19,2,3,0,0,0,1,289,0,0,25,0,0,65,5,1,2
460219,207,209,9,52,146,9,155,0,155,0,0,0,0,0,1,0,0,0,0,29,0,0,0,6,0,0,0,0,6,0,0,0,6,0,0,0,0,0,2,77,0,0,1,0,1,25,1,0,0
460220,321,327,30,100,193,28,221,0,221,4,0,0,0,0,0,0,0,0,0,42,0,0,0,10,0,0,0,1,19,0,0,2,13,0,0,0,0,1,0,74,0,0,1,0,0,45,7,0,2
460221,240,31,19,216,12,12,24,0,24,1,0,0,0,0,0,0,0,0,0,3,0,0,0,1,0,0,0,0,0,0,0,1,2,0,0,0,0,0,0,9,0,0,2,0,0,5,0,0,0
460743,2310,2168,8,948,1354,8,1362,0,1362,22,0,1,6,0,20,1,0,2,0,252,1,0,0,252,0,2,0,0,52,2,0,0,44,2,10,0,0,0,0,392,0,0,99,0,0,181,9,4,8
460744,1860,1860,12,620,1229,11,1240,0,1240,14,0,5,1,1,7,0,0,2,0,302,1,1,0,199,1,3,0,0,54,0,2,0,54,1,12,0,0,0,1,282,1,0,92,0,0,191,8,0,5
460745,1272,1261,5,474,793,5,798,0,798,11,0,1,3,1,7,0,0,2,0,189,0,0,1,139,1,0,0,0,31,1,1,1,27,0,7,0,0,0,1,189,0,0,48,0,1,128,4,1,3
460746,972,965,5,444,523,5,528,0,528,10,1,0,2,1,25,0,0,1,1,112,0,1,0,105,0,0,0,0,10,0,1,0,14,0,5,0,0,0,1,97,0,0,21,0,1,110,3,1,5
460747,1278,1263,4,568,708,2,710,0,710,14,1,0,0,1,6,0,0,3,0,176,0,0,1,108,1,1,0,0,44,0,0,1,44,0,3,1,0,1,0,132,0,0,25,1,1,137,6,0,2
460748,1932,1917,12,692,1228,12,1240,0,1240,14,3,1,2,1,10,0,0,4,0,238,0,0,0,146,0,3,0,2,87,0,0,0,53,0,17,0,0,0,1,368,0,0,76,1,0,200,5,1,7
460749,1209,1195,13,403,793,13,806,0,806,8,0,0,0,1,4,0,0,3,0,177,0,0,1,97,0,0,0,0,38,4,0,1,20,0,10,0,0,0,3,286,0,1,25,0,0,112,10,1,4
460750,1341,1338,21,497,827,17,844,0,844,33,0,2,3,1,6,1,1,2,0,178,0,1,0,117,0,1,0,0,41,4,1,1,39,1,7,0,2,0,1,228,1,1,31,0,1,128,4,0,7
460751,759,756,17,263,479,17,496,0,496,10,0,0,1,0,0,0,0,2,0,117,0,0,1,66,0,0,0,0,17,1,0,0,28,0,11,0,0,0,0,152,1,0,8,0,0,75,2,1,3
460752,1011,1005,75,346,598,67,665,0,665,9,1,0,0,1,2,0,0,0,1,127,0,0,0,86,0,0,0,0,21,0,0,0,38,1,3,0,0,0,1,191,0,0,14,0,1,161,3,2,2
460753,711,704,55,278,381,52,433,0,433,6,0,0,0,0,3,2,0,1,0,61,0,0,0,44,0,0,0,0,21,0,0,2,55,0,1,0,0,0,1,106,0,2,9,0,1,101,7,0,10
460754,246,250,25,76,145,25,170,0,170,1,0,0,0,0,0,0,0,0,0,19,0,0,0,19,0,0,0,0,2,0,0,1,9,0,1,0,0,0,1,81,0,0,2,0,0,32,1,1,0
460755,90,91,4,9,77,4,81,0,81,0,0,1,0,0,0,0,0,0,0,13,0,0,0,9,0,0,0,0,2,0,0,0,12,0,0,0,0,0,0,23,0,0,1,0,0,20,0,0,0
460756,714,713,47,248,425,41,466,0,466,11,0,1,2,0,1,2,0,1,0,114,0,0,0,49,0,0,0,1,11,0,1,4,37,0,4,0,0,0,1,85,1,0,13,0,1,117,6,0,3
460757,489,487,36,111,343,35,378,0,378,5,1,2,0,0,2,0,0,0,0,87,0,0,0,19,0,0,0,0,24,0,1,1,27,0,1,0,0,0,1,88,1,0,23,0,0,92,3,0,0
460758,789,772,27,279,484,26,510,0,510,10,0,0,0,0,1,0,1,1,2,146,0,0,0,49,0,0,0,0,26,0,1,0,25,0,1,0,0,0,0,151,1,1,10,0,0,80,2,0,2
460759,819,812,24,222,575,22,597,0,597,10,0,0,1,0,2,1,0,1,2,179,0,0,0,71,0,1,0,0,18,0,2,1,26,1,3,0,0,0,0,133,0,0,21,0,0,121,3,0,0
460760,522,523,24,138,364,20,384,0,384,5,0,0,0,0,2,0,0,4,0,91,0,1,0,53,0,0,0,0,12,0,0,0,7,0,5,0,0,0,1,80,0,0,24,0,0,93,4,0,2
460761,438,435,21,122,297,19,316,0,316,6,1,0,0,0,2,0,0,1,1,34,0,0,0,26,0,0,0,2,58,0,1,3,19,0,2,0,0,0,0,87,0,0,10,0,0,61,0,1,1
460762,501,496,36,132,335,34,369,0,369,1,0,1,0,0,3,0,1,0,0,91,1,0,0,41,0,0,0,1,8,0,0,0,28,0,0,0,0,0,1,94,0,0,0,0,0,93,3,1,1
460763,150,152,15,49,86,15,101,0,101,0,0,0,0,0,0,0,0,0,0,17,0,0,0,7,0,0,0,0,2,0,0,0,9,0,1,0,0,0,2,31,0,0,0,0,0,31,1,0,0
460764,327,327,38,110,182,35,217,0,217,2,0,0,0,0,1,0,0,0,1,51,0,0,0,19,1,0,0,0,0,0,1,1,13,0,0,0,0,0,0,58,1,0,6,0,0,58,3,1,0
460765,222,223,27,50,150,22,172,0,172,3,0,0,0,0,0,0,0,1,0,19,0,0,0,8,0,0,0,0,11,0,0,1,10,0,0,0,0,1,0,64,0,0,3,0,0,48,2,0,1
460766,423,424,33,103,289,31,320,0,320,6,0,0,0,0,1,0,0,1,0,44,0,1,0,23,0,0,0,0,6,1,1,1,35,1,0,1,0,0,0,110,0,0,5,0,0,78,5,0,0
460767,474,471,12,149,313,12,325,0,325,7,0,2,2,0,4,0,0,0,0,55,0,0,0,27,1,0,0,0,9,0,0,1,26,0,4,0,0,0,0,101,0,1,11,0,0,68,4,0,2
460768,354,355,11,88,255,11,266,0,266,3,0,0,0,0,2,0,0,0,0,51,0,0,0,24,0,0,0,0,16,0,0,0,33,0,10,0,0,0,1,74,0,0,4,0,1,46,0,0,1
460769,1293,1283,56,441,800,52,852,0,852,14,0,2,2,0,1,0,0,1,0,166,0,0,0,99,0,0,0,0,102,0,0,5,40,0,4,0,1,0,2,220,1,0,23,0,0,155,12,1,1
460770,588,586,17,222,351,15,366,0,366,4,2,0,1,0,3,1,0,0,0,82,0,0,0,44,0,0,0,0,7,1,0,0,24,0,1,0,0,0,1,120,0,0,9,0,0,63,1,1,1
460771,903,894,17,325,565,13,578,0,578,6,1,0,1,0,1,0,0,1,0,128,0,1,0,88,0,0,0,0,27,0,1,0,11,0,10,0,0,0,2,187,0,0,16,0,0,86,7,1,3
460772,519,515,39,189,295,35,330,0,330,2,0,1,0,0,1,0,0,0,0,101,0,0,0,29,0,0,0,0,10,0,0,0,15,0,1,0,0,0,0,67,0,0,6,0,1,94,2,0,0
460773,228,225,23,84,122,22,144,0,144,2,0,2,0,0,0,0,0,0,0,26,0,0,0,12,0,0,0,0,11,0,0,0,19,0,3,0,0,0,0,31,0,0,2,0,0,31,5,0,0
460774,237,236,18,46,173,18,191,0,191,1,1,0,0,1,0,1,0,0,0,43,1,0,1,5,0,0,0,0,4,0,0,1,21,0,0,0,0,0,0,46,1,0,3,0,0,57,3,1,0
460775,66,67,8,19,39,8,47,0,47,0,0,0,0,0,0,0,0,0,0,2,0,0,0,1,0,0,0,0,0,0,0,0,4,0,0,0,0,0,0,29,0,0,0,0,0,11,0,0,0
460776,360,358,24,108,228,24,252,0,252,3,0,0,0,0,1,0,0,1,0,47,0,0,0,28,0,0,0,0,6,0,0,1,14,0,0,0,0,0,2,69,0,0,6,0,1,69,2,0,2
460777,402,401,32,105,265,32,297,0,297,3,0,2,0,0,0,0,0,0,0,59,0,0,2,26,0,1,0,0,3,1,0,0,30,0,0,2,0,1,0,73,0,0,1,0,1,87,4,0,1
460778,51,50,6,24,21,6,27,0,27,0,0,0,0,0,0,0,0,0,0,1,0,1,0,2,0,0,0,0,0,0,1,0,2,0,0,0,0,0,0,7,0,0,3,0,0,10,0,0,0
460779,111,112,6,48,57,6,63,0,63,0,0,0,0,0,3,0,0,1,0,2,1,0,0,8,3,0,0,0,0,0,0,0,14,0,0,0,0,0,1,6,0,0,0,0,0,23,0,0,1
460780,531,522,17,193,321,17,338,0,338,3,0,0,2,1,1,0,0,2,0,48,1,1,0,57,0,0,0,0,6,0,0,0,18,0,1,0,0,0,0,71,0,1,11,0,0,105,4,3,2
460781,216,217,11,40,165,11,176,0,176,1,0,1,0,0,1,0,0,0,0,40,0,0,0,26,0,0,0,0,3,0,0,0,18,0,1,0,0,0,0,39,0,0,5,0,0,39,2,0,0
460782,399,397,10,164,226,9,235,0,235,2,0,0,0,0,3,0,0,0,1,33,0,1,0,36,1,0,0,0,7,0,0,0,17,0,3,0,0,0,0,48,0,0,13,0,1,62,5,1,1
460783,735,703,29,223,484,28,512,0,512,2,0,3,0,1,1,0,0,1,1,104,0,1,0,102,0,1,0,0,17,1,0,1,42,0,7,0,0,1,0,88,0,0,14,0,0,118,0,1,5
460784,183,188,9,32,142,9,151,0,151,3,1,0,0,0,2,0,0,0,0,21,0,0,0,23,0,2,0,0,3,1,0,0,22,0,4,0,0,0,0,13,0,0,0,0,0,54,2,0,0
460785,219,218,10,39,170,10,180,0,180,1,0,0,1,0,0,0,0,0,0,25,0,0,1,17,0,0,0,0,4,0,0,0,7,0,1,0,0,0,0,18,1,0,1,0,0,99,3,0,1
460786,456,452,15,181,260,15,275,0,275,3,0,4,1,1,2,0,0,1,0,45,0,2,1,30,0,0,0,0,5,0,0,0,34,0,2,0,0,0,0,65,1,1,6,0,0,64,6,1,0
460787,372,367,1,172,199,1,200,0,200,0,0,0,0,1,5,0,0,1,0,29,0,0,1,39,0,0,0,0,2,0,1,0,31,0,2,0,0,0,1,19,0,0,2,0,2,58,3,1,2
460788,930,934,38,265,629,36,665,0,665,10,0,0,2,0,4,0,0,0,0,259,1,0,0,92,0,0,0,0,25,0,0,0,31,0,6,0,0,0,3,113,0,3,14,0,0,93,5,1,3
460789,453,445,17,135,301,17,318,0,318,5,0,0,0,0,3,0,0,0,0,136,0,0,1,36,0,0,0,0,3,0,0,1,23,0,0,0,0,0,1,36,0,1,1,0,0,62,5,0,4
460790,444,441,8,67,369,8,377,0,377,2,0,0,0,0,0,0,0,0,0,145,0,0,0,31,0,0,0,1,19,0,0,0,19,0,7,0,0,0,0,79,0,2,1,0,0,69,1,1,0
460791,219,216,21,59,139,21,160,0,160,1,0,0,0,0,1,0,0,0,0,42,0,0,0,7,0,0,0,0,7,0,0,0,15,0,5,0,0,0,0,47,0,0,5,0,0,27,2,0,1
460792,387,381,28,153,207,27,234,0,234,1,1,2,1,0,1,0,0,0,0,38,0,0,0,12,0,1,0,0,10,0,0,1,22,0,6,0,0,3,0,81,0,0,2,0,0,49,3,0,0
460793,606,600,37,198,371,37,408,0,408,2,0,1,0,0,2,0,0,0,1,76,0,0,0,33,0,2,0,1,7,0,0,0,28,2,2,0,1,0,0,104,0,4,11,0,0,119,8,1,3
460794,147,147,14,40,94,13,107,0,107,0,0,0,0,0,0,0,0,0,0,16,0,0,0,9,0,1,1,0,5,0,0,0,7,0,1,0,0,0,0,26,0,0,2,0,0,39,0,0,0
460796,141,139,11,46,84,11,95,0,95,1,0,0,0,0,0,0,0,1,0,9,0,0,0,15,0,0,0,0,2,0,0,0,11,0,0,0,0,0,0,19,1,0,0,0,0,31,2,0,3
460797,741,733,8,245,491,5,496,0,496,6,0,1,3,2,2,0,0,1,0,114,1,0,0,76,0,0,0,0,18,1,0,0,17,0,8,0,1,0,0,105,1,0,39,0,0,88,4,1,7
460798,333,334,34,62,244,27,271,0,271,1,0,2,1,0,0,0,1,1,0,73,0,1,0,15,0,0,0,0,10,0,0,0,22,0,8,0,0,0,0,84,0,2,3,0,0,44,1,1,1
460799,120,116,16,31,75,14,89,0,89,0,0,0,0,0,1,0,0,0,1,22,0,0,0,2,0,1,0,0,1,0,0,0,10,0,2,0,0,0,0,25,0,0,0,0,0,20,2,0,2
460800,837,828,13,364,461,12,473,0,473,9,0,1,0,0,6,0,0,4,0,67,1,0,0,118,0,0,0,0,8,0,0,1,59,1,3,1,0,0,0,71,0,0,11,0,1,100,6,1,4
460801,567,562,23,221,323,23,346,0,346,2,0,0,1,0,3,0,0,2,0,69,0,0,0,35,0,0,0,0,22,1,0,0,22,0,1,0,0,0,1,98,0,0,3,0,0,75,10,0,1
460802,453,449,51,146,259,48,307,0,307,2,0,0,2,0,0,0,0,0,0,38,0,0,0,15,0,0,0,0,3,0,0,0,21,0,4,0,0,0,1,93,1,0,6,0,1,109,9,0,2
460803,141,142,8,54,81,6,87,0,87,0,0,0,0,0,1,0,0,0,0,9,0,0,1,16,0,0,1,0,1,0,0,0,4,0,1,0,0,0,0,19,0,0,0,0,0,32,2,0,0
460804,228,222,11,65,152,11,163,0,163,6,0,0,0,0,1,0,0,0,0,27,0,0,1,25,0,0,0,0,4,0,0,0,13,1,0,0,0,0,0,28,0,0,2,0,0,49,4,1,1
460805,912,906,75,325,517,70,587,0,587,13,1,1,0,0,1,0,1,2,0,109,0,0,0,50,0,0,0,0,8,3,0,1,68,0,1,0,0,1,0,151,0,0,5,0,0,163,6,0,2
460806,210,209,11,92,110,8,118,0,118,2,0,0,0,0,1,0,0,0,0,9,0,0,0,6,0,0,1,0,3,0,1,0,33,0,3,0,0,0,0,18,0,0,2,0,0,34,1,0,4
460807,567,566,49,236,286,45,331,0,331,6,0,0,0,0,3,0,0,0,0,49,0,1,1,22,0,0,0,1,37,0,0,0,19,0,2,0,0,0,0,107,1,0,8,0,1,70,3,0,0
460808,117,120,6,46,65,6,71,0,71,3,0,0,0,0,0,0,0,0,0,12,0,0,0,6,0,0,0,0,5,0,0,0,2,1,0,0,0,0,0,25,0,0,2,0,0,15,0,0,0
460809,183,177,16,47,121,15,136,0,136,0,0,0,0,0,0,0,0,0,0,27,0,0,0,1,0,0,0,0,19,0,0,0,6,0,5,0,0,0,0,40,0,0,4,0,0,32,2,0,0
460810,249,246,9,108,132,9,141,0,141,2,0,0,1,0,2,0,0,0,0,25,0,0,0,6,0,0,0,0,3,0,0,0,15,0,3,0,0,0,1,48,0,0,3,0,0,27,4,1,0
460811,204,200,18,80,111,13,124,0,124,0,0,0,0,0,0,0,0,0,0,28,0,0,0,14,0,0,0,0,8,0,0,1,11,0,1,0,0,0,0,32,0,0,1,0,0,27,0,1,0
460812,504,496,28,122,355,27,382,0,382,6,4,1,0,0,0,0,0,1,1,87,0,1,0,52,1,0,0,0,14,0,0,1,19,1,2,0,0,0,0,77,0,0,16,0,0,94,2,0,2
460813,474,470,32,128,314,32,346,0,346,0,0,0,0,0,0,0,0,0,0,135,0,0,0,12,0,0,0,0,36,0,0,0,7,0,2,0,0,0,0,75,0,0,8,0,0,63,6,1,1
460814,159,160,21,33,105,21,126,0,126,5,0,0,0,0,0,0,0,0,0,26,0,0,0,15,0,0,0,0,6,0,0,0,5,0,0,0,0,0,0,32,0,0,3,0,0,34,0,0,0
460815,447,443,16,186,246,15,261,0,261,6,0,1,1,0,1,0,0,0,0,25,0,0,0,52,0,0,0,0,12,0,0,0,24,0,3,0,0,0,0,34,0,0,8,0,1,82,8,2,1
460816,789,781,40,302,451,36,487,0,487,5,0,0,2,1,2,0,0,2,0,87,1,0,0,79,0,0,0,0,21,0,1,2,37,1,6,0,0,0,0,89,1,1,22,0,0,119,6,1,1
460817,291,292,23,76,192,23,215,0,215,0,0,0,0,0,1,0,0,0,0,30,0,0,0,24,0,0,0,0,14,0,0,0,10,0,1,0,0,0,1,34,0,0,6,0,0,82,9,0,3
460818,174,176,16,40,118,16,134,0,134,0,0,0,2,0,0,0,0,0,0,14,0,0,0,5,0,0,0,0,7,0,0,0,12,0,0,0,0,0,0,34,0,0,2,0,0,58,0,0,0
460819,186,184,8,51,127,8,135,0,135,0,0,0,0,0,0,1,0,0,0,9,0,0,0,17,0,0,0,0,2,0,0,1,6,0,0,0,0,0,0,53,0,0,0,0,0,45,1,0,0
460820,150,148,9,33,109,8,117,0,117,0,0,0,0,0,0,0,0,0,0,32,0,0,0,5,0,1,0,1,2,0,0,0,3,0,0,0,0,0,0,44,0,0,2,0,0,23,4,0,0
460821,246,245,35,61,153,32,185,0,185,3,0,0,1,0,1,0,0,0,0,37,0,0,0,15,0,0,0,0,6,0,0,0,10,0,0,0,0,0,1,61,0,0,4,0,0,44,0,1,1
460822,207,199,23,80,106,21,127,0,127,0,0,0,0,0,0,0,0,0,0,20,0,0,0,6,0,0,0,0,7,0,0,0,13,0,2,0,0,0,0,38,0,0,3,0,2,34,2,0,0
460823,723,716,31,169,527,27,554,0,554,5,0,0,1,0,2,0,0,1,0,96,0,0,0,74,0,2,0,0,25,1,0,0,50,0,5,0,0,0,1,160,2,0,18,0,2,99,8,0,2
460824,798,785,28,152,622,24,646,0,646,9,2,2,2,1,1,0,0,0,0,196,1,1,0,72,1,1,1,1,17,0,0,0,52,0,6,0,0,0,2,134,0,0,4,0,0,131,2,1,6
460825,849,859,24,210,616,23,639,0,639,4,0,0,0,0,2,0,1,0,0,116,0,1,0,111,0,2,0,0,25,0,0,1,38,0,5,0,0,0,0,155,0,0,31,0,0,132,10,2,3
460826,111,113,16,35,62,14,76,0,76,0,0,0,0,0,2,0,0,0,0,13,0,0,0,9,0,0,0,0,1,0,0,0,3,0,0,0,0,0,0,25,0,0,3,0,0,17,3,0,0
460827,417,413,27,54,340,23,363,0,363,27,0,0,0,0,0,0,0,0,0,65,0,0,0,59,0,0,0,0,15,0,0,0,26,0,0,0,0,0,0,92,0,0,0,0,0,76,3,0,0
460830,267,25,9,244,16,7,23,0,23,0,0,0,0,0,0,0,0,0,0,3,0,0,1,2,0,0,0,0,0,0,0,0,1,0,1,0,0,0,0,4,0,0,0,0,0,11,0,0,0
461059,1203,1181,48,337,819,47,866,0,866,9,1,0,2,2,10,0,1,1,0,242,0,0,0,80,0,1,0,0,44,0,0,1,46,0,4,0,0,0,1,209,0,0,16,0,0,174,12,0,10
461060,279,274,12,41,226,12,238,0,238,2,0,2,2,0,0,0,0,2,0,44,0,0,0,14,1,0,0,0,12,0,0,0,26,0,0,0,0,0,0,63,0,0,5,0,0,64,1,0,0
461061,600,591,24,134,444,22,466,0,466,9,0,0,0,0,1,0,0,0,1,119,0,0,0,34,0,0,0,3,40,0,0,0,14,0,0,0,0,1,2,104,1,0,10,0,0,118,8,0,1
461062,1959,1938,50,740,1171,48,1219,0,1219,16,0,3,4,0,3,1,0,0,2,261,0,0,0,188,0,0,0,0,61,4,1,2,47,0,1,0,0,0,4,253,1,0,90,0,2,259,10,2,4
461063,627,617,58,192,383,52,435,0,435,2,0,0,0,0,0,1,0,2,0,73,1,0,0,46,0,0,1,0,27,0,0,1,45,0,0,0,0,0,0,108,0,0,29,0,0,83,9,2,5
461064,348,343,15,135,198,15,213,0,213,3,0,0,1,0,2,0,0,0,0,30,1,0,0,24,0,0,0,1,18,0,0,0,21,0,1,0,0,0,1,49,0,0,8,0,0,41,9,2,1
461065,237,233,14,64,161,12,173,0,173,2,1,2,0,0,0,0,0,0,0,10,0,0,0,12,0,1,0,0,5,0,0,1,27,0,0,0,0,0,0,42,0,0,4,0,0,64,1,1,0
461066,165,162,16,50,100,15,115,0,115,1,0,0,0,1,0,0,0,0,0,11,0,0,0,4,0,0,0,0,6,0,0,1,6,0,0,0,0,0,0,45,0,0,1,0,0,36,2,0,1
461067,327,325,33,103,193,31,224,0,224,0,0,0,2,0,0,0,0,0,0,52,0,0,0,18,0,0,0,0,12,0,0,1,25,1,0,0,0,0,1,47,0,0,1,0,0,63,1,0,0
461068,159,158,7,30,122,7,129,0,129,1,0,0,0,0,0,0,1,0,0,19,0,0,0,5,1,0,0,0,4,0,0,0,7,0,0,0,0,0,0,45,0,0,3,0,0,39,3,0,1
461069,102,102,1,23,78,1,79,0,79,0,0,0,0,0,1,0,0,0,0,19,0,0,0,4,0,0,0,0,4,2,0,0,7,0,0,0,0,0,0,16,0,0,1,1,0,22,2,0,0
461070,660,651,39,202,419,39,458,0,458,10,0,0,0,0,1,0,0,0,0,99,0,0,0,72,0,0,0,0,14,0,0,0,42,0,0,0,0,0,2,88,0,0,3,0,0,119,0,0,8
461071,381,376,41,116,225,40,265,0,265,5,0,0,0,0,3,0,0,3,0,48,0,0,0,26,0,0,0,0,23,0,0,0,25,0,1,0,0,0,0,60,0,0,6,0,0,61,4,0,0
461072,1311,1297,70,558,688,65,753,0,753,9,1,2,0,1,4,1,0,2,1,171,0,1,0,87,0,0,0,1,36,0,0,0,45,0,1,0,0,0,1,159,0,1,35,0,0,177,10,2,5
461073,912,906,51,278,583,51,634,0,634,3,0,0,1,0,0,0,0,1,0,120,0,0,0,50,0,0,0,0,42,1,0,2,35,0,0,0,0,1,0,138,0,0,29,0,0,195,7,1,8
461074,321,328,25,100,198,23,221,0,221,2,0,0,0,0,0,0,0,0,0,29,0,0,0,32,0,0,0,0,12,0,0,0,24,0,0,0,0,0,1,40,0,1,8,0,0,64,7,0,1
461075,795,784,52,263,482,50,532,0,532,9,0,0,0,0,0,0,0,0,0,104,0,0,0,40,0,0,0,0,26,1,0,0,47,0,0,0,0,0,1,188,0,0,1,0,0,111,3,0,1
461076,489,478,38,139,314,36,350,0,350,6,0,0,0,0,0,0,0,0,1,81,0,0,0,26,1,0,0,0,17,0,0,0,23,0,0,0,0,0,0,114,0,0,16,0,0,53,11,0,1
461077,642,637,38,220,386,36,422,0,422,3,0,1,0,1,1,0,0,0,1,65,0,1,1,47,0,0,0,0,32,0,0,0,19,0,1,0,0,0,1,117,0,0,19,0,0,103,7,0,2
461078,192,194,13,21,158,13,171,0,171,4,0,0,0,0,2,0,0,0,0,25,0,0,0,6,0,0,0,0,34,0,0,0,9,0,0,0,0,0,0,51,0,0,0,0,0,39,0,0,1
461079,396,390,5,81,311,4,315,0,315,1,0,0,0,0,0,0,0,0,0,52,1,0,0,25,0,0,0,0,11,0,0,0,27,0,0,0,0,1,1,99,0,0,5,0,0,92,0,0,0
461080,210,209,12,35,164,11,175,0,175,0,0,0,1,0,0,0,0,0,0,23,0,0,0,11,0,0,0,0,19,0,0,0,4,0,0,0,0,0,2,65,0,0,0,0,0,47,2,1,0
461081,2115,2101,106,716,1304,95,1399,0,1399,15,0,0,2,0,2,0,0,2,1,349,1,0,1,117,0,0,1,0,76,1,0,0,55,0,6,0,0,0,3,272,1,1,52,0,3,400,29,3,6
461082,639,635,89,164,394,81,475,0,475,5,0,1,1,0,0,0,0,1,0,91,0,0,0,38,0,0,0,0,23,0,0,1,30,0,0,0,0,0,0,146,0,0,16,1,0,109,10,1,1
461083,381,373,11,106,265,10,275,0,275,1,0,0,1,0,3,0,0,0,0,56,0,0,0,21,0,0,0,0,13,0,0,0,12,0,0,0,0,0,0,108,0,0,3,0,0,56,0,0,1
461084,444,439,32,95,318,31,349,0,349,1,0,0,1,0,4,0,0,0,1,84,0,0,0,44,0,0,0,0,15,0,0,0,16,0,0,0,0,0,1,82,1,0,5,0,1,84,8,0,1
461085,1098,1096,63,309,727,62,789,0,789,1,0,0,1,1,4,0,1,0,0,162,0,0,0,49,0,0,0,2,40,1,0,0,20,0,0,0,0,0,0,380,1,0,12,0,0,109,2,0,3
461086,393,396,23,75,295,23,318,0,318,7,0,0,0,0,0,0,0,0,0,76,0,0,0,26,0,0,0,0,12,0,0,0,15,0,0,0,0,0,2,127,0,0,4,0,0,49,0,0,0
461087,330,331,7,93,231,6,237,0,237,2,0,0,1,0,1,0,0,0,0,71,0,0,0,25,0,0,0,1,12,0,2,0,7,1,0,0,0,0,0,52,0,0,9,0,0,45,3,1,4
461088,225,217,13,89,123,13,136,0,136,0,0,1,0,0,0,0,0,0,0,17,0,0,0,17,0,0,0,0,9,0,0,0,5,0,0,0,0,0,0,42,0,0,2,0,0,36,4,2,1
461089,651,645,38,197,420,34,454,0,454,4,0,1,1,0,4,0,0,1,0,84,0,0,0,36,0,0,0,0,22,1,0,0,17,0,1,0,0,0,0,167,0,0,9,0,0,100,4,0,2
461090,195,200,27,33,136,26,162,0,162,0,0,0,0,0,1,0,0,1,0,33,0,0,0,10,0,0,0,0,8,0,0,0,5,0,0,0,0,0,0,53,0,0,5,0,0,43,3,0,0
461091,246,241,16,61,169,16,185,0,185,1,0,0,0,0,0,0,0,0,0,27,0,0,0,4,0,0,0,0,4,0,0,0,9,0,0,0,0,0,0,44,0,0,1,0,0,92,1,1,1
461092,1134,1126,67,398,675,61,736,0,736,11,2,0,1,1,4,0,0,2,0,158,0,0,0,53,0,1,0,1,44,1,0,1,20,0,1,0,0,0,0,212,1,0,28,0,1,178,4,1,10
461093,231,230,17,38,176,17,193,0,193,0,0,1,1,0,0,0,0,0,0,15,0,0,0,13,0,0,0,0,2,0,0,0,8,0,0,0,0,0,0,106,0,0,5,0,0,36,0,0,6
461094,291,290,21,75,195,21,216,0,216,0,1,0,0,0,3,0,0,0,0,32,0,0,0,18,0,0,0,0,10,1,0,0,18,0,0,0,0,0,0,34,0,0,4,0,0,87,7,1,0
461095,189,186,8,35,146,8,154,0,154,1,0,3,0,0,0,0,0,0,0,11,0,0,1,16,0,0,0,0,8,0,0,0,2,0,0,0,0,0,1,54,0,0,7,0,0,48,1,0,1
461096,120,121,5,33,83,4,87,0,87,1,0,0,0,0,2,0,0,0,0,12,0,0,0,4,0,0,0,1,12,0,0,0,2,0,0,0,0,0,0,32,0,0,1,0,0,19,1,0,0
461097,135,133,11,35,90,10,100,0,100,0,0,0,0,0,0,0,0,0,0,8,0,0,0,5,0,0,0,0,10,0,0,0,2,0,0,0,0,0,1,30,0,0,2,0,0,40,1,0,1
461098,132,135,7,26,99,7,106,0,106,2,0,0,0,1,0,0,0,0,0,19,0,0,0,3,0,0,0,0,4,0,0,0,13,0,0,0,0,0,0,34,0,0,2,0,0,28,0,0,0
461099,609,607,32,166,411,32,443,0,443,3,0,0,0,0,0,0,1,0,0,44,0,0,0,29,0,0,0,0,34,0,0,0,17,0,1,0,0,0,1,216,0,0,4,0,0,88,4,0,1
461100,726,721,25,247,459,20,479,0,479,1,0,0,1,0,1,0,0,0,0,65,0,1,0,51,0,0,0,0,48,0,0,1,15,0,0,0,0,0,0,204,1,0,11,0,0,71,5,0,3
461101,504,503,23,99,382,23,405,0,405,3,0,0,0,0,0,0,0,0,0,58,0,0,0,31,0,0,0,0,26,0,0,1,12,0,0,0,0,0,0,133,1,0,3,0,1,128,8,0,0
461102,306,307,7,80,219,7,226,0,226,4,0,0,0,1,0,0,0,0,0,17,0,0,0,19,0,0,0,1,17,0,0,1,10,0,3,1,0,0,3,105,0,0,4,0,0,36,4,0,0
461103,441,434,20,109,313,19,332,0,332,1,0,1,1,0,0,0,0,0,1,78,0,0,0,27,0,0,0,0,16,0,0,1,17,0,3,0,0,0,1,112,0,0,8,0,0,60,4,0,1
461104,588,590,29,113,447,28,475,0,475,7,1,0,0,0,1,0,0,0,0,53,0,0,0,48,1,0,0,0,18,0,0,1,68,0,0,0,0,1,2,163,0,0,4,0,0,97,5,1,4
461105,183,177,17,66,101,16,117,0,117,1,0,0,0,1,0,0,0,0,0,25,0,0,0,8,0,0,0,0,2,0,0,0,10,0,1,0,0,0,0,40,1,0,1,0,0,26,1,0,0
461106,159,158,12,39,108,12,120,0,120,1,0,0,0,0,2,0,0,0,0,28,0,0,0,8,0,0,0,0,10,0,0,0,11,0,0,0,0,0,1,27,0,0,3,0,0,29,0,0,0
461107,240,233,12,78,151,11,162,0,162,3,0,0,0,0,0,0,0,0,0,43,0,0,0,15,0,0,0,0,9,0,0,0,24,0,0,0,0,0,0,18,0,0,2,0,0,44,1,0,3
461108,246,240,24,99,129,18,147,0,147,1,0,0,0,0,0,0,0,2,0,19,0,0,1,16,0,0,1,0,10,0,0,1,12,0,0,0,0,1,0,44,0,0,2,0,1,31,4,1,0
461109,87,89,4,21,62,4,66,0,66,2,0,0,0,0,0,0,0,0,0,4,0,0,0,3,0,0,0,0,2,0,0,1,4,0,0,0,0,0,1,21,1,0,0,0,0,25,2,0,0
461110,126,125,7,43,76,7,83,0,83,1,0,0,0,1,1,0,0,0,0,7,0,0,0,5,0,0,0,0,1,0,0,2,9,1,0,0,0,0,0,22,0,0,0,0,0,28,4,0,1
461111,426,425,19,73,334,19,353,0,353,6,0,3,0,0,2,0,0,0,0,71,0,0,0,38,0,0,0,0,12,6,1,0,27,0,0,0,0,0,0,84,0,0,14,0,0,87,2,0,0
461112,294,293,17,34,244,16,260,0,260,3,0,1,0,0,0,1,0,0,0,40,2,0,0,40,3,0,0,0,10,0,0,0,22,0,0,0,0,0,0,73,0,0,4,0,0,55,3,0,3
461113,357,354,25,47,286,24,310,0,310,1,0,0,1,0,3,0,0,0,1,46,0,0,0,20,0,0,0,0,34,0,1,0,19,0,0,0,0,0,1,120,1,0,0,0,0,60,0,0,2
461114,321,315,31,51,239,31,270,0,270,2,0,1,0,0,1,0,0,0,0,25,0,0,0,41,0,0,0,0,17,0,0,0,25,0,0,0,0,0,0,97,0,0,1,0,0,53,7,0,0
461115,2481,2415,10,882,1590,9,1599,0,1599,14,1,3,7,1,19,0,0,4,0,367,0,0,1,292,1,1,0,0,98,1,1,2,41,0,4,0,1,1,0,430,0,2,108,2,0,172,6,6,13
461116,555,546,7,157,391,7,398,0,398,3,1,0,0,0,1,0,0,1,0,64,1,0,0,35,0,0,0,2,31,0,0,0,21,0,0,0,0,0,0,145,0,0,6,0,0,81,5,0,1
461117,909,907,11,258,640,11,651,0,651,4,1,1,0,0,1,0,0,1,2,115,0,1,0,56,0,0,0,0,46,0,0,2,31,0,2,0,0,0,1,242,1,0,9,0,0,120,6,1,8
461118,1122,1115,35,355,734,33,767,0,767,11,0,0,0,0,7,0,0,0,1,158,0,1,1,83,0,0,0,0,60,0,0,1,33,0,3,0,0,0,3,234,0,1,18,0,0,138,7,1,6
461119,468,468,37,211,222,35,257,0,257,6,0,0,0,0,8,1,0,0,0,21,0,0,0,46,0,0,0,0,0,0,0,2,40,0,0,0,0,0,1,79,0,0,5,0,1,42,4,0,1
461120,372,371,14,135,225,12,237,0,237,8,0,1,4,0,0,0,0,0,0,38,0,1,0,23,0,0,0,0,28,1,0,1,11,0,2,0,0,0,1,40,0,0,28,0,0,46,3,0,1
461121,480,482,33,195,254,31,285,0,285,4,0,1,1,0,1,0,0,0,0,40,0,0,0,45,0,0,0,0,14,0,0,0,16,0,0,0,0,0,3,86,0,0,7,0,0,63,1,0,3
461122,1569,1560,41,583,947,39,986,0,986,4,1,0,1,0,11,0,0,1,1,236,1,0,0,114,0,0,0,1,57,1,2,1,55,0,3,0,0,0,0,221,0,1,19,0,0,238,10,0,7
461123,555,553,50,191,321,43,364,0,364,1,0,0,0,0,0,0,0,0,0,41,0,0,0,25,0,0,0,0,6,0,0,1,17,0,1,0,0,0,0,182,1,0,10,0,0,72,5,1,1
461124,87,87,3,22,63,2,65,0,65,1,0,0,0,0,0,0,0,0,0,13,0,1,0,0,0,0,0,0,3,0,0,0,1,0,0,0,0,0,0,19,0,0,0,0,0,27,0,0,0
461125,1113,1100,45,438,632,43,675,0,675,7,1,0,0,1,3,0,0,0,0,123,0,0,0,66,1,0,0,0,23,0,1,0,45,0,0,0,0,0,2,206,1,0,8,0,0,169,16,2,0
461126,330,331,3,115,212,3,215,0,215,5,0,0,1,0,2,0,0,0,0,41,0,0,0,20,0,0,0,0,19,0,0,0,4,0,0,0,0,0,0,58,0,0,11,0,0,51,1,0,2
461127,852,849,36,241,579,32,611,0,611,3,0,0,0,1,4,0,0,0,0,166,0,1,0,45,0,1,0,0,37,0,0,0,19,0,3,0,2,0,1,154,0,1,24,0,0,135,9,0,5
461128,801,789,16,334,451,16,467,0,467,2,0,0,2,0,0,1,0,2,0,102,1,0,0,47,0,1,0,0,20,2,0,0,13,0,0,0,0,0,0,88,0,0,15,0,0,159,4,0,8
461129,1182,1166,28,455,702,25,727,0,727,8,1,2,0,0,2,0,0,0,0,149,1,0,0,83,0,0,0,0,47,0,0,1,4,0,4,0,0,0,2,197,0,1,28,0,0,185,9,3,0
461130,1329,1323,27,474,828,27,855,0,855,9,0,1,1,0,9,0,0,0,0,183,0,0,0,91,0,0,0,0,59,1,0,0,18,0,1,0,0,0,0,231,0,0,46,0,1,189,8,1,6
461131,273,269,15,88,170,15,185,0,185,0,0,0,0,0,2,0,0,0,1,46,0,0,0,10,0,0,0,0,4,0,0,0,15,0,0,0,0,0,0,45,0,0,13,0,0,41,7,1,0
461132,1341,1330,44,550,753,38,791,0,791,8,0,1,0,1,10,0,0,1,0,180,2,0,0,99,0,0,0,1,78,0,2,1,11,0,1,0,0,0,0,244,0,1,24,0,1,116,6,0,3
461133,1263,1250,20,425,819,19,838,0,838,7,0,1,2,0,1,0,0,0,0,178,0,0,0,100,2,1,0,0,86,0,0,0,18,0,2,0,3,0,0,292,1,0,26,0,0,112,3,0,3
461134,1119,1106,26,396,699,24,723,0,723,10,2,0,0,0,3,0,1,2,0,124,0,1,0,73,0,1,0,0,87,0,0,0,19,0,6,0,0,0,0,220,0,2,23,0,1,145,1,0,2
461135,303,300,25,107,171,25,196,0,196,2,0,0,0,0,1,0,0,0,0,25,0,0,0,15,1,0,0,0,5,0,1,1,16,0,0,0,0,0,1,69,0,0,0,0,0,52,2,0,5
461136,528,521,21,153,358,17,375,0,375,2,0,2,0,0,0,0,0,2,0,44,0,0,1,59,0,0,0,0,30,0,0,1,38,0,0,0,0,0,1,98,0,0,11,0,0,80,2,0,4
461140,402,398,11,63,328,11,339,0,339,3,0,0,0,0,0,0,0,0,0,31,0,0,0,12,0,0,0,1,25,0,0,0,10,0,0,0,0,1,2,175,0,0,2,0,0,76,1,0,0
461141,177,176,10,43,127,7,134,0,134,1,0,0,0,0,1,0,0,0,0,17,0,0,0,10,0,0,0,0,9,0,0,0,12,0,0,0,0,0,1,41,0,0,2,0,1,37,2,0,0
461142,528,523,31,171,329,28,357,0,357,5,0,0,0,0,1,0,0,1,0,69,0,2,0,31,0,0,0,0,15,0,0,0,39,0,1,0,0,0,0,101,0,0,0,0,0,83,6,1,2
461143,432,430,24,159,255,18,273,0,273,4,0,1,2,0,1,0,0,0,0,65,0,1,0,39,0,0,0,0,13,0,0,1,11,0,0,0,0,0,0,53,0,0,1,0,0,77,4,0,0
461144,1146,1136,76,461,618,67,685,0,685,11,0,0,0,0,2,0,1,0,0,133,0,1,0,62,0,0,0,1,36,0,0,0,51,0,0,0,1,0,1,189,2,0,23,0,0,159,3,2,7
461145,267,266,10,72,185,10,195,0,195,2,0,0,0,1,2,0,0,0,0,24,0,0,0,15,0,0,0,0,8,0,0,0,17,0,0,0,0,0,0,54,1,0,27,0,0,40,4,0,0
461146,1197,1184,66,436,701,60,761,0,761,11,1,1,2,0,4,0,0,1,0,122,1,1,1,97,0,0,0,1,45,0,0,0,39,0,3,0,0,0,2,176,0,1,55,0,1,175,7,4,10
461147,144,32,10,115,21,8,29,0,29,0,0,0,1,0,0,0,0,0,0,4,0,0,0,2,0,0,0,0,1,0,0,0,0,0,0,0,0,0,0,16,0,0,3,0,0,2,0,0,0,01,04,2019,00,16
