460510,2181,2175,17,813,1352,16,1368,0,1368,10,2,3,3,2,26,0,1,2,0,253,0,8,0,177,0,1,0,1,141,2,0,0,35,0,12,0,0,1,0,342,1,0,95,0,0,222,6,2,20
460511,1920,1903,21,704,1197,19,1216,0,1216,13,2,8,5,0,10,1,0,2,0,219,0,1,0,167,0,3,0,1,84,1,0,2,46,1,3,1,0,0,2,350,1,1,79,0,1,178,14,3,17
460512,2298,2245,16,949,1333,16,1349,0,1349,16,1,2,3,0,10,0,0,6,0,226,0,1,0,207,0,1,0,0,85,4,0,1,63,1,4,0,0,0,0,375,0,0,115,1,0,196,9,2,20
460513,2049,2147,20,630,1401,18,1419,0,1419,13,4,5,1,0,29,1,0,4,0,255,0,2,0,230,2,0,0,0,92,5,0,1,38,0,3,0,0,0,0,379,0,2,103,0,0,229,5,3,13
460514,2325,2315,22,881,1426,18,1444,0,1444,9,2,2,4,1,20,1,0,4,0,300,0,0,0,186,0,0,0,0,95,1,1,0,39,0,7,1,1,0,0,425,0,1,127,1,0,191,6,0,19
460515,2001,1976,9,747,1247,7,1254,0,1254,14,2,5,1,0,19,0,0,4,0,223,0,2,1,174,0,0,0,0,74,1,1,2,42,0,4,0,0,1,2,353,1,0,109,0,0,190,11,1,17
460516,1968,1949,17,646,1306,16,1322,0,1322,15,3,8,2,0,3,0,0,5,1,234,1,2,0,172,0,0,0,0,147,1,0,0,44,0,3,0,0,0,1,372,1,2,93,0,1,194,4,0,13
460517,1824,1807,17,614,1194,16,1210,0,1210,16,2,3,2,1,11,0,0,3,0,255,0,2,1,145,0,0,0,0,101,0,0,1,29,0,4,0,0,0,1,346,0,0,87,2,0,182,7,0,9
460518,1200,1209,2,260,938,2,940,0,940,9,3,1,1,0,11,0,0,11,1,106,0,1,0,371,0,1,0,0,25,0,0,0,30,0,0,0,3,0,2,243,0,0,45,0,0,63,3,3,7
460519,240,240,24,76,141,23,164,0,164,1,0,0,0,0,1,0,0,0,0,13,0,0,0,32,0,1,0,0,8,0,0,0,10,0,0,0,0,0,0,22,0,0,3,0,0,49,3,0,21
460520,144,143,13,53,79,12,91,0,91,1,0,0,0,0,0,0,0,0,0,11,0,0,1,3,0,0,0,0,3,0,0,0,3,0,0,0,0,0,0,21,0,0,0,0,0,36,3,0,9
460521,588,576,16,180,392,16,408,0,408,2,0,2,0,0,1,0,0,1,1,72,0,0,0,52,0,0,0,0,23,0,0,0,10,1,1,0,0,0,0,118,0,5,42,1,0,69,1,0,6
460522,363,363,25,91,247,25,272,0,272,1,0,1,1,0,0,0,1,0,0,28,1,0,0,25,0,0,0,0,28,0,0,0,21,0,0,0,0,1,1,108,1,2,5,0,1,43,2,0,1
460523,243,241,13,46,184,13,197,0,197,2,1,0,1,0,0,0,0,0,0,11,0,0,0,18,0,0,0,0,10,1,0,0,22,0,0,0,0,0,1,58,0,0,2,0,0,57,5,1,7
460524,228,223,10,39,179,10,189,0,189,0,0,0,0,0,0,0,1,0,3,24,0,0,0,5,0,0,0,1,9,3,0,0,16,0,0,0,0,0,1,71,0,0,10,0,0,38,1,0,6
460525,51,51,3,16,32,3,35,0,35,0,0,0,0,0,0,0,0,0,0,7,0,0,0,4,0,0,0,0,1,0,0,0,0,0,0,0,0,0,0,12,0,0,0,0,0,7,1,2,1
460526,168,166,13,38,117,13,130,0,130,1,0,1,0,0,0,0,0,0,0,29,0,0,0,11,0,0,0,0,3,3,0,0,15,0,0,0,0,0,0,27,0,1,10,0,0,25,3,0,1
460527,531,524,40,149,342,40,382,0,382,3,1,0,1,0,6,1,0,0,0,52,0,1,0,49,0,1,0,1,12,0,0,0,20,0,0,0,0,0,2,124,0,0,13,0,0,86,1,1,7
460528,273,274,17,54,202,17,219,0,219,3,0,0,0,0,2,0,0,1,0,36,0,1,0,35,0,1,0,0,3,1,0,0,18,0,0,0,0,0,2,64,0,1,16,1,0,24,1,0,9
460529,291,289,15,82,194,15,209,0,209,3,0,0,1,0,0,0,0,0,0,46,0,0,0,28,0,0,0,0,11,0,0,0,27,0,0,0,0,0,1,35,0,0,6,0,1,34,6,2,8
460530,573,576,34,154,385,34,419,0,419,4,0,2,0,0,2,0,0,1,0,101,1,0,0,49,0,0,0,1,12,1,0,0,33,0,3,0,1,0,0,126,0,0,15,0,1,57,3,1,5
460531,93,93,1,23,69,1,70,0,70,1,0,0,1,0,0,0,0,0,0,4,0,0,0,11,0,0,0,0,2,0,0,0,4,0,0,0,0,0,0,24,0,0,0,0,0,18,0,1,4
460532,87,86,0,39,48,0,48,0,48,2,0,1,0,0,0,0,0,0,0,11,0,0,0,2,0,0,0,0,3,0,0,0,5,0,0,0,0,0,1,11,0,0,0,0,0,7,0,0,5
460533,207,202,13,56,138,13,151,0,151,2,1,0,1,0,1,0,0,0,0,6,0,0,0,22,1,1,0,0,6,0,2,1,16,0,1,0,0,0,0,47,0,0,4,0,0,30,2,1,6
460534,171,175,11,40,122,9,131,0,131,3,0,0,0,0,0,0,0,0,1,18,0,0,0,12,0,0,0,0,3,0,0,0,0,0,0,0,0,0,0,51,1,0,8,0,0,30,1,0,3
460535,1365,1342,5,533,828,4,832,0,832,5,1,0,1,0,3,1,0,3,0,190,0,3,0,136,2,0,0,1,49,0,1,1,39,2,3,0,0,0,1,178,1,1,33,0,0,156,5,0,16
460536,891,883,7,339,545,7,552,0,552,7,0,1,2,0,2,0,0,0,0,85,0,0,0,56,0,2,0,0,48,1,0,0,34,0,1,0,0,0,3,94,0,0,29,0,0,168,13,1,5
460537,951,955,47,337,567,47,614,0,614,8,0,0,3,2,5,0,0,0,0,142,0,0,0,72,0,0,0,0,26,0,0,0,30,0,1,0,0,0,2,178,0,0,26,0,0,101,7,0,11
460538,1254,1251,25,463,766,25,791,0,791,7,2,3,2,0,6,0,0,1,0,158,0,0,0,84,0,2,0,0,25,2,1,0,35,0,0,0,0,0,1,240,0,1,31,0,0,161,10,2,17
460539,267,265,11,75,181,11,192,0,192,1,1,0,0,0,1,0,0,0,0,35,0,0,0,23,0,1,0,1,9,3,0,0,10,1,1,0,0,0,0,54,0,0,7,0,0,38,2,2,2
460540,447,438,23,155,269,23,292,0,292,3,0,0,1,0,0,0,0,1,0,57,0,0,1,46,0,1,0,0,16,0,0,0,34,0,0,0,0,0,0,65,1,1,5,1,0,52,5,1,1
460541,114,114,29,30,61,23,84,0,84,0,0,0,0,0,0,0,0,0,0,15,0,0,0,14,0,0,0,0,4,0,0,0,17,1,0,1,0,0,0,10,0,0,1,0,0,18,2,0,1
460542,222,225,28,37,157,28,185,0,185,2,0,0,0,0,3,0,1,0,0,30,0,1,1,10,0,0,0,0,6,1,0,2,31,0,0,0,0,0,2,54,1,0,4,0,0,23,1,0,12
460543,771,761,33,188,552,31,583,0,583,9,0,0,2,0,0,0,0,0,0,113,0,0,0,71,0,0,0,0,27,2,0,1,57,0,0,0,0,0,0,160,0,0,19,0,0,112,3,2,5
460544,789,779,16,259,514,16,530,0,530,4,0,1,0,0,4,0,0,1,0,110,0,0,2,85,0,0,0,0,60,0,0,0,16,0,2,0,0,0,0,128,1,1,29,0,1,71,5,0,9
460545,564,557,13,172,379,13,392,0,392,2,1,0,2,0,3,0,0,0,0,45,1,0,0,58,0,0,0,1,64,0,0,0,26,0,6,1,0,0,0,99,0,0,33,0,0,45,1,0,4
460546,252,253,11,72,169,11,180,0,180,0,0,1,0,0,1,0,0,1,0,23,0,0,0,21,0,0,0,0,18,0,0,0,12,0,0,0,0,0,1,35,0,0,17,0,0,36,3,2,9
460547,150,151,11,49,91,10,101,0,101,0,0,0,0,0,0,0,0,1,0,34,0,0,0,8,0,0,0,0,12,0,0,0,9,0,0,0,0,0,0,18,0,0,2,0,1,13,0,1,2
460548,174,168,5,61,108,5,113,0,113,3,0,1,0,0,2,0,0,0,0,13,0,1,0,10,0,0,0,0,33,0,0,1,9,0,0,0,0,0,0,17,0,0,0,0,0,18,0,0,5
460549,54,54,3,14,37,3,40,0,40,0,0,0,0,0,0,0,0,0,0,1,0,0,0,6,0,0,0,0,3,0,0,0,8,0,0,0,0,0,0,12,0,0,1,0,0,6,0,0,3
460550,312,310,24,146,142,24,166,0,166,1,0,0,0,0,1,0,0,0,0,13,0,0,0,10,0,0,0,0,7,7,0,0,32,0,0,0,0,0,0,26,0,0,0,0,0,65,0,0,4
460551,54,56,8,12,34,8,42,0,42,1,0,0,0,0,0,0,0,0,0,2,0,0,0,0,0,0,0,0,1,0,0,0,7,0,0,0,0,0,1,15,0,0,0,0,0,12,2,0,1
460552,522,517,14,149,360,13,373,0,373,2,0,0,1,0,0,0,0,1,0,48,1,0,0,30,0,0,0,1,7,0,0,1,17,0,1,0,0,1,2,161,0,0,12,0,1,71,5,1,9
460553,207,205,8,46,153,8,161,0,161,0,0,1,0,0,0,0,0,0,0,16,0,0,0,17,0,0,0,0,9,0,0,0,10,0,0,0,0,0,1,76,1,0,1,0,2,22,1,1,3
460554,276,273,5,60,211,5,216,0,216,6,1,0,0,0,0,0,0,0,0,14,0,1,0,22,0,2,0,0,4,0,0,4,13,0,0,0,1,0,1,114,2,0,3,0,0,23,0,0,5
460555,288,285,15,105,168,15,183,0,183,1,0,1,0,0,2,0,0,0,0,26,0,0,0,15,0,0,0,0,18,0,0,0,11,0,2,0,0,0,0,72,0,3,14,0,0,15,0,1,2
460556,279,276,14,79,186,14,200,0,200,1,0,0,1,0,3,0,0,0,0,18,0,0,1,17,0,0,1,0,4,1,0,0,27,0,0,0,0,0,1,47,0,0,4,0,1,55,7,1,10
460557,138,136,4,44,90,4,94,0,94,0,0,1,0,0,0,0,1,0,0,9,0,0,0,12,0,0,0,0,3,0,0,0,15,0,1,0,0,0,0,22,0,0,4,0,1,13,2,1,9
460558,282,278,25,83,174,25,199,0,199,2,0,0,0,0,0,0,0,0,0,22,0,0,5,17,0,0,0,0,3,5,0,0,27,0,0,0,0,1,0,64,1,0,3,0,0,43,0,2,4
460559,195,194,23,58,114,23,137,0,137,3,0,0,0,0,0,0,0,0,0,16,0,0,0,9,0,0,0,0,5,0,0,0,13,0,0,0,0,0,0,39,0,0,1,0,0,44,2,0,5
460560,966,960,37,280,649,37,686,0,686,6,1,0,0,0,5,0,0,0,1,113,0,0,0,56,0,0,0,0,39,1,0,1,36,0,3,0,0,0,1,293,0,0,12,0,0,103,11,1,3
460561,90,93,8,18,65,7,72,0,72,1,0,0,0,0,0,0,0,0,0,2,0,0,0,3,0,0,0,0,2,0,0,0,4,0,0,0,0,0,0,48,1,0,0,0,0,11,0,0,0
460562,201,200,20,45,136,20,156,0,156,3,0,0,0,0,0,0,0,0,0,17,0,0,0,3,0,0,0,0,3,1,0,0,5,0,0,1,0,0,1,95,0,0,1,0,0,21,4,0,1
460563,297,294,13,80,204,13,217,0,217,5,1,0,0,0,1,0,0,1,0,26,1,0,0,24,0,0,0,1,7,1,0,0,32,0,0,0,0,0,0,58,0,0,4,0,0,48,3,0,4
460564,351,349,9,112,230,9,239,0,239,2,0,0,0,0,4,0,0,0,0,34,0,1,0,13,0,1,0,0,9,0,1,2,18,0,5,0,0,0,7,113,0,1,2,0,0,15,2,2,7
460565,669,670,27,149,493,27,520,0,520,3,0,0,1,0,0,0,0,0,0,94,0,2,0,26,0,0,0,0,15,0,0,0,67,0,0,0,0,0,1,188,1,1,11,0,1,100,5,0,4
460566,195,195,10,62,124,9,133,0,133,3,0,0,0,0,1,0,0,0,0,19,0,0,0,10,0,0,0,0,2,0,0,0,24,0,0,0,0,0,2,37,0,0,4,0,0,24,3,1,3
460567,471,491,39,102,333,36,369,0,369,5,0,1,0,0,3,0,0,2,0,83,2,0,0,42,0,0,0,0,7,0,0,0,18,0,0,0,0,0,1,123,0,0,13,0,0,59,4,0,6
460568,195,195,12,54,129,12,141,0,141,0,0,0,1,0,0,0,0,0,0,26,0,0,0,13,0,0,0,0,9,0,0,0,7,0,0,0,0,0,0,46,0,0,4,0,0,32,2,0,1
460569,183,179,14,28,141,14,155,0,155,1,0,0,0,0,0,0,0,0,0,27,0,0,0,14,0,0,0,0,9,0,0,0,6,0,2,0,0,0,2,76,0,0,3,0,0,13,0,0,2
460570,1119,1108,24,358,740,21,761,0,761,6,3,4,1,0,2,0,0,0,1,189,5,4,0,104,0,1,0,2,33,4,0,0,31,0,0,0,0,0,1,179,1,0,49,0,0,121,9,2,9
460571,771,753,55,382,336,53,389,0,389,5,0,0,0,0,1,0,0,1,0,42,0,0,1,56,0,0,0,0,28,1,0,2,35,0,0,0,0,0,0,103,2,0,11,0,0,78,8,2,13
460572,537,535,39,164,334,39,373,0,373,6,0,0,0,0,2,0,1,0,0,58,0,0,0,72,0,0,0,0,15,1,0,0,28,0,1,0,0,0,0,78,1,0,6,0,0,90,6,2,6
460573,249,247,4,98,147,4,151,0,151,3,0,0,2,0,3,1,0,0,0,15,0,0,1,39,0,0,0,0,6,1,0,0,20,0,0,0,0,0,1,28,0,0,5,0,0,22,1,2,1
460574,426,410,10,133,284,9,293,0,293,2,0,1,1,0,5,0,0,1,0,56,0,1,0,30,0,0,0,1,12,2,0,0,14,0,0,0,0,0,0,72,0,0,23,0,0,58,6,0,8
460575,51,48,2,17,32,2,34,0,34,0,0,0,0,0,0,0,0,0,1,3,0,0,1,3,0,0,0,0,1,0,0,1,1,0,0,0,0,0,0,13,0,0,0,0,0,10,0,0,0
460576,512,503,27,202,284,26,310,0,310,2,1,0,0,0,1,1,1,1,0,38,2,0,0,32,0,0,0,0,12,0,0,0,33,0,0,0,0,0,1,97,2,0,9,0,0,65,6,0,6
460577,174,173,6,53,116,5,121,0,121,0,0,0,0,0,0,0,0,0,0,20,0,0,0,17,0,0,0,0,6,0,0,0,10,0,1,0,0,0,0,33,0,1,2,0,0,26,2,0,3
460578,87,85,9,15,64,8,72,0,72,1,0,0,1,0,0,0,0,0,0,15,0,0,0,10,0,0,0,0,1,0,0,0,9,0,0,0,0,0,0,16,0,0,0,0,0,15,1,0,3
460579,87,83,7,28,52,7,59,0,59,0,0,0,0,0,0,0,0,0,0,5,0,0,0,8,0,4,0,0,2,0,0,0,6,0,0,0,0,0,0,15,0,0,1,0,0,12,0,1,5
460580,840,831,58,321,463,56,519,0,519,8,0,0,1,0,8,0,1,0,0,78,0,0,0,74,0,0,0,0,25,0,0,2,62,0,5,0,0,0,1,124,1,1,18,0,0,72,7,1,30
460581,156,153,10,48,99,9,108,0,108,0,0,0,0,0,0,0,0,0,0,24,0,0,0,11,0,0,0,0,3,0,0,0,9,0,0,0,0,0,0,23,0,0,5,0,0,27,1,0,5
460582,105,106,9,23,75,7,82,0,82,1,0,0,0,0,0,0,0,0,1,14,0,0,0,7,0,0,0,0,0,0,0,0,4,0,0,0,0,0,0,26,0,0,0,0,0,20,2,0,7
460583,243,247,13,52,178,13,191,0,191,2,0,0,0,1,1,0,0,1,0,52,0,0,0,20,0,0,0,0,14,0,0,0,11,0,0,0,0,0,0,48,0,0,3,0,0,35,1,0,2
460584,399,397,28,113,258,28,286,0,286,2,0,2,0,0,1,0,0,0,0,57,0,0,0,22,0,0,0,0,19,1,1,0,17,0,1,0,0,0,1,96,0,2,7,0,0,48,5,0,4
460585,744,738,58,220,467,57,524,0,524,7,1,1,0,0,1,1,2,0,0,88,0,0,0,61,0,0,0,0,30,2,0,0,52,0,1,0,0,0,1,136,0,1,11,0,0,114,4,1,9
460586,117,115,9,26,83,8,91,0,91,2,0,0,0,0,0,0,0,0,0,10,0,1,0,0,0,0,0,0,3,1,0,1,14,0,1,0,0,0,0,15,0,0,0,0,0,38,1,1,3
460587,114,113,1,33,80,1,81,0,81,1,0,0,0,0,0,0,0,0,0,10,0,0,0,6,0,0,0,0,7,0,0,0,9,0,0,0,0,0,0,26,0,0,0,0,1,14,0,0,7
460588,192,197,22,41,130,21,151,0,151,4,1,0,0,0,0,0,0,0,0,14,0,0,0,21,0,0,0,0,5,1,0,0,28,1,1,0,0,1,0,42,0,0,0,0,1,25,3,1,2
460589,138,137,11,33,94,11,105,0,105,0,0,0,0,0,2,0,0,0,0,17,0,0,0,6,0,0,0,0,5,0,0,0,7,0,1,0,0,0,1,41,1,0,2,0,0,16,1,2,3
460590,744,733,40,248,457,39,496,0,496,4,1,1,1,0,0,0,1,0,0,74,0,0,0,58,2,2,0,0,17,2,0,0,29,0,1,0,0,0,0,157,1,0,18,0,1,104,6,2,14
460591,318,314,24,80,214,24,238,0,238,1,1,0,1,0,0,0,0,0,0,54,0,0,1,15,0,0,0,0,9,3,0,0,16,0,1,0,0,0,0,76,0,0,12,0,1,39,0,1,7
460592,96,92,4,28,64,4,68,0,68,0,0,0,0,1,0,0,0,0,0,10,0,0,0,8,0,0,0,0,0,2,0,0,0,1,0,0,0,0,0,20,0,0,1,0,0,22,0,0,3
460593,168,166,14,43,111,14,125,0,125,1,0,0,0,0,0,0,0,0,0,15,0,0,0,17,0,0,0,0,4,4,0,1,11,0,1,0,0,0,1,34,0,0,3,0,0,29,2,0,2
460594,738,681,45,245,451,42,493,0,493,8,0,2,1,0,0,0,0,2,0,65,0,0,0,62,1,0,0,2,54,1,0,1,39,0,1,0,0,0,2,113,2,0,18,0,0,102,5,0,12
460595,96,87,9,14,73,9,82,0,82,0,0,0,0,0,0,0,0,0,0,10,0,0,0,5,0,0,0,0,5,0,0,0,10,0,0,0,0,0,0,23,0,0,2,0,0,21,4,1,1
460596,675,668,33,231,415,29,444,0,444,4,0,1,3,0,0,0,0,1,0,61,0,0,0,35,0,0,0,0,18,1,0,0,25,1,3,0,0,0,3,214,0,0,7,0,0,56,5,0,6
460597,318,315,24,97,197,24,221,0,221,3,0,4,0,0,0,0,0,0,0,25,0,0,0,25,0,1,0,0,9,0,0,1,22,0,0,0,1,0,0,57,1,0,1,0,0,65,1,0,5
460598,954,943,39,225,690,39,729,0,729,21,0,0,0,2,0,0,0,0,0,89,7,0,0,61,0,1,0,0,78,1,0,0,91,1,0,0,0,0,3,207,5,0,7,0,0,132,10,1,12
460599,633,629,13,181,440,12,452,0,452,5,0,0,1,0,3,0,0,0,0,81,0,0,0,88,0,0,0,0,36,0,0,0,37,1,1,0,0,0,1,99,1,0,12,0,0,78,0,1,7
460600,183,185,10,46,127,10,137,0,137,3,0,0,0,0,0,0,0,1,0,35,0,0,0,20,0,0,0,0,14,1,0,0,9,0,0,0,0,0,1,27,0,0,4,0,0,15,4,1,2
460601,429,419,17,136,276,17,293,0,293,3,0,1,0,0,1,0,0,0,0,48,0,1,0,38,0,0,0,0,27,0,0,0,15,0,1,0,0,0,1,87,0,3,7,0,0,50,3,0,7
460602,78,78,3,26,49,3,52,0,52,0,0,0,0,0,0,0,0,0,0,7,0,0,0,6,0,0,0,0,6,0,0,0,14,0,1,0,0,0,0,8,0,0,1,0,0,8,0,0,1
460603,177,181,6,56,115,6,121,0,121,2,0,0,0,0,2,0,0,0,0,13,1,0,0,12,0,0,0,0,5,0,0,0,14,0,0,0,0,0,0,18,0,0,4,0,0,36,6,2,6
460604,1245,1225,43,436,768,41,809,0,809,9,1,1,2,1,1,0,0,0,0,142,0,1,0,150,0,0,1,0,35,0,0,1,75,0,4,0,0,1,1,203,0,0,20,0,0,130,11,4,15
460605,543,538,26,109,409,25,434,0,434,6,0,0,1,0,0,0,0,0,0,41,1,0,0,35,0,0,0,0,36,0,0,0,43,0,0,0,0,0,3,118,0,1,6,0,1,117,10,1,14
460606,1290,1262,27,435,828,27,855,0,855,4,3,1,4,0,4,0,0,0,0,156,0,0,0,126,0,0,0,0,35,1,0,0,50,0,5,0,0,0,1,232,0,1,53,0,0,140,5,0,34
460607,111,111,5,28,78,5,83,0,83,2,0,0,0,0,0,0,0,0,0,8,0,0,0,7,0,0,0,0,4,0,0,0,2,0,0,0,0,0,0,36,0,0,1,0,0,19,0,0,4
460608,195,199,11,53,131,11,142,0,142,2,0,0,0,0,0,0,0,0,0,13,0,0,0,14,0,0,0,0,7,0,0,0,20,0,0,0,0,0,0,38,1,0,7,0,0,30,4,2,4
460609,201,202,5,63,133,5,138,0,138,3,0,0,0,0,1,2,0,0,0,17,0,0,0,10,0,0,0,0,14,0,0,0,8,0,1,0,0,0,0,46,0,0,8,0,0,22,4,0,2
460610,84,78,2,6,76,2,78,0,78,18,1,0,0,0,2,0,0,0,0,13,0,0,0,2,0,0,0,0,0,0,0,0,3,0,0,0,0,0,0,34,0,0,2,0,0,1,1,0,1
460611,315,43,13,290,17,8,25,0,25,1,0,0,0,0,0,0,0,0,0,6,0,0,0,0,0,0,0,0,4,0,0,0,3,0,0,0,0,0,0,5,0,0,1,0,0,3,0,0,2
460612,189,39,3,151,35,3,38,0,38,0,0,0,0,0,0,0,0,1,0,0,0,0,0,21,0,0,0,0,2,1,0,0,4,0,0,0,0,0,0,5,0,0,0,0,0,4,0,0,0
460613,90,60,18,31,42,17,59,0,59,0,1,0,0,0,1,0,0,0,0,6,0,0,0,1,0,0,0,0,2,1,0,0,3,0,0,0,0,0,1,19,0,0,0,0,0,20,3,0,1
460680,258,254,11,63,184,11,195,0,195,3,0,0,0,0,0,0,0,0,0,33,0,2,0,28,0,0,0,0,6,0,0,0,1,0,0,0,0,0,0,87,0,0,10,0,0,21,1,1,2
460681,372,368,14,97,261,14,275,0,275,4,0,0,1,1,0,0,0,0,0,37,1,0,0,25,0,0,0,1,6,0,0,1,16,0,1,0,0,0,1,131,0,0,12,0,0,33,2,0,2
460682,306,305,13,69,227,10,237,0,237,1,0,1,0,0,0,0,0,0,0,32,0,0,0,21,0,0,0,0,6,0,0,1,24,0,2,0,0,0,1,103,0,0,7,0,0,35,2,0,1
460683,225,223,17,69,141,15,156,0,156,2,0,0,0,0,0,0,0,0,0,12,1,0,0,20,0,0,0,0,0,0,0,1,14,0,0,0,0,0,2,69,0,0,3,0,0,27,2,0,3
460684,150,152,7,37,106,7,113,0,113,1,1,0,1,0,2,0,0,0,0,16,2,0,1,10,0,0,0,0,2,0,0,0,6,0,0,0,0,0,0,47,1,0,1,0,0,18,0,0,4
460685,306,303,28,65,215,26,241,0,241,1,0,0,0,0,1,0,0,0,0,33,0,0,0,29,0,0,0,0,7,0,0,0,5,0,1,0,1,0,2,109,0,0,5,1,0,39,3,1,3
460686,102,91,11,23,70,9,79,0,79,0,0,0,0,0,0,0,0,0,0,8,0,0,0,9,0,0,0,0,1,0,0,0,6,0,0,0,1,0,0,32,0,0,8,0,0,12,1,0,1
460687,483,485,25,127,331,25,356,0,356,3,0,0,1,0,4,0,0,0,0,46,0,0,0,43,0,0,0,0,28,0,0,0,14,0,2,0,0,0,1,139,2,0,8,0,0,56,4,0,5
460688,144,144,9,23,112,9,121,0,121,0,0,0,0,0,0,0,0,0,0,33,0,0,0,10,0,0,0,0,4,0,0,0,8,0,0,0,0,0,1,50,0,0,1,0,0,12,1,0,1
460689,840,829,52,232,558,50,608,0,608,5,0,2,0,0,2,0,0,1,2,149,0,1,0,50,0,0,0,0,17,0,0,0,33,0,7,0,0,0,4,246,1,0,7,0,1,65,6,1,8
460690,417,412,12,118,287,12,299,0,299,3,0,0,0,0,1,0,0,3,0,37,0,0,0,29,0,0,0,0,10,0,0,0,22,0,1,0,0,0,0,112,0,0,6,0,0,70,0,0,5
460691,252,255,6,68,178,6,184,0,184,2,0,0,1,0,2,0,0,0,1,28,0,0,0,20,0,1,0,0,10,0,0,1,20,0,1,0,0,0,2,67,0,0,2,0,0,24,1,0,1
460692,591,585,43,130,419,42,461,0,461,6,0,0,1,0,0,1,1,0,0,82,0,0,0,58,0,0,0,0,9,0,0,1,13,0,1,0,0,0,1,174,0,0,19,0,1,82,3,1,7
460693,147,150,9,28,110,9,119,0,119,2,0,0,0,0,0,0,0,0,0,20,0,0,0,16,0,0,0,0,3,0,0,0,6,0,0,0,0,0,0,56,0,0,3,0,0,12,0,1,0
460694,1197,1185,39,340,818,39,857,0,857,9,3,0,0,0,8,0,0,2,0,157,0,0,0,74,0,0,0,0,45,0,0,2,33,0,11,0,0,0,1,356,1,0,45,0,0,99,5,1,5
460695,696,692,38,165,494,37,531,0,531,2,1,2,2,1,2,0,0,0,0,104,2,0,1,52,0,0,0,0,16,0,0,0,33,0,0,0,0,0,4,158,2,0,12,0,0,127,8,0,2
460696,474,468,33,110,334,30,364,0,364,1,0,0,1,0,1,0,0,0,0,81,0,3,0,47,0,1,0,0,14,0,0,0,17,0,2,0,1,0,1,114,0,0,8,0,0,62,4,1,5
460697,93,92,2,23,68,2,70,0,70,1,0,0,0,0,0,0,0,0,0,13,0,0,0,5,0,0,0,0,2,0,0,0,2,0,0,0,0,0,0,37,0,0,1,0,0,8,0,0,1
460698,1722,1696,33,526,1166,30,1196,0,1196,9,1,1,1,0,3,0,0,4,0,185,0,2,0,125,0,0,0,1,74,0,1,0,28,0,2,0,0,0,4,539,1,3,23,0,0,164,10,3,12
460699,876,866,13,209,655,12,667,0,667,6,0,0,0,0,0,1,0,8,0,103,2,0,0,67,0,1,0,0,36,1,0,0,25,0,1,0,0,0,2,301,0,0,32,0,0,73,2,2,4
460700,213,220,2,48,163,2,165,0,165,2,0,0,0,0,2,0,0,0,0,35,0,0,0,10,0,0,0,0,10,0,0,0,7,0,0,0,0,0,0,83,0,0,4,0,0,10,0,1,1
460701,2145,2122,25,690,1434,21,1455,0,1455,20,1,4,1,0,6,1,1,7,1,234,0,3,0,182,0,3,0,0,89,0,0,0,27,0,7,0,1,0,1,590,0,0,71,0,0,175,10,1,19
460702,2109,2119,28,639,1443,27,1470,0,1470,14,1,6,1,0,4,0,0,4,0,276,2,5,1,183,0,0,0,2,121,2,1,0,45,0,6,0,1,0,1,503,0,2,71,0,0,190,11,0,17
460703,1956,1938,29,666,1262,28,1290,0,1290,14,0,3,1,0,11,1,0,1,0,229,1,3,0,135,0,1,0,0,108,3,0,0,21,0,9,0,0,0,3,414,1,1,72,0,0,229,4,2,23
460704,1557,1534,16,570,977,10,987,0,987,12,3,0,3,0,15,0,1,6,0,143,0,3,2,149,1,1,0,0,69,1,0,2,15,0,1,0,0,0,3,363,0,1,52,0,0,131,4,2,4
460705,1485,1455,24,560,911,14,925,0,925,15,0,0,1,1,7,0,0,4,0,138,0,0,1,152,0,0,0,0,56,1,1,1,21,0,4,0,0,0,1,337,0,0,36,0,0,134,2,0,12
460706,1926,1900,21,671,1239,16,1255,0,1255,13,3,4,1,0,6,0,0,6,0,207,1,1,0,168,0,0,0,1,71,1,0,2,29,0,1,0,0,0,5,504,0,0,70,1,1,139,2,1,17
460707,861,849,2,292,567,2,569,0,569,4,1,2,0,1,17,0,0,0,0,64,0,1,0,108,0,0,0,0,29,2,0,1,12,1,0,0,0,0,1,219,1,0,53,0,0,35,2,0,15
460709,246,241,2,63,181,2,183,0,183,2,2,0,0,0,0,0,0,1,0,28,0,1,2,40,0,1,0,0,8,0,0,3,3,0,0,0,0,0,1,60,0,1,2,0,0,24,1,0,3
460710,653,641,33,226,394,33,427,0,427,3,0,0,0,0,3,0,0,1,0,71,0,1,0,41,0,0,0,0,24,0,0,2,20,0,2,0,0,0,1,179,0,0,12,0,0,61,3,0,3
460711,306,309,5,56,245,5,250,0,250,0,0,0,0,0,0,0,0,0,0,34,0,0,0,20,0,0,0,0,25,0,0,0,10,0,1,0,0,0,0,107,0,1,5,0,0,40,3,1,3
460712,204,201,3,57,144,3,147,0,147,1,0,1,0,0,1,1,0,0,0,17,0,0,0,16,0,0,0,0,8,0,0,0,7,0,3,0,0,0,0,47,0,0,5,0,1,37,0,1,1
460713,156,153,25,42,93,21,114,0,114,2,0,0,0,0,1,0,0,0,0,13,0,0,0,6,0,0,0,0,0,0,0,0,7,0,0,0,0,0,0,52,0,0,1,0,0,26,3,0,3
460714,609,608,31,207,376,26,402,0,402,3,2,0,1,0,3,0,0,1,0,67,1,0,0,35,0,0,0,1,13,1,0,2,24,0,2,0,0,0,0,122,0,1,17,0,1,88,5,0,12
460715,156,159,9,41,106,9,115,0,115,0,0,0,0,0,0,0,0,3,0,8,0,0,0,4,0,0,0,0,3,7,0,0,4,0,0,0,0,0,0,36,0,1,1,0,0,41,5,0,2
460716,2271,2249,47,747,1483,41,1524,0,1524,7,2,2,5,1,9,0,0,1,0,322,0,1,0,200,1,0,1,0,51,13,0,2,67,2,2,0,2,1,3,346,0,1,23,0,1,400,33,4,21
460717,882,878,31,255,601,26,627,0,627,10,0,1,0,0,1,0,0,0,0,155,1,0,0,76,0,1,0,0,7,8,0,1,23,1,2,0,0,0,1,190,1,0,6,0,0,129,5,0,8
460718,2370,2350,51,639,1681,50,1731,0,1731,21,1,0,1,3,2,0,0,6,0,240,0,2,1,134,0,1,0,0,86,2,0,3,44,0,2,0,0,0,5,919,1,2,70,1,1,154,6,1,22
460719,1200,1186,21,380,800,20,820,0,820,6,0,0,0,0,1,0,0,2,0,101,1,2,0,98,0,0,0,0,87,0,0,1,29,1,0,0,0,0,1,356,1,1,12,0,0,94,15,1,10
460720,384,382,8,82,294,8,302,0,302,1,0,0,3,0,0,0,0,0,0,31,0,4,0,30,0,0,0,0,14,0,0,0,13,0,2,0,0,0,2,157,0,0,5,0,0,35,0,0,5
460721,1983,1968,30,642,1311,30,1341,0,1341,7,1,0,2,0,6,1,0,1,0,263,0,0,0,127,0,1,0,0,63,3,0,4,48,0,3,0,0,0,3,530,0,0,48,0,0,191,11,4,24
460722,705,700,30,184,491,30,521,0,521,3,0,0,1,0,1,0,0,0,1,102,0,0,0,56,0,0,0,1,29,1,0,0,16,0,2,0,0,1,0,174,3,0,8,0,0,107,8,1,6
460723,1047,1038,31,368,651,28,679,0,679,10,1,2,1,0,0,0,0,0,1,66,0,2,0,104,0,0,0,0,48,0,0,1,30,0,1,0,1,0,6,223,0,2,17,1,0,139,11,2,10
460724,2004,1989,78,751,1196,57,1253,0,1253,25,2,5,4,0,10,0,2,1,1,194,1,3,0,129,0,3,0,0,61,0,1,0,38,0,5,0,0,0,0,493,1,2,55,0,1,182,7,3,24
460725,1488,1483,29,501,958,29,987,0,987,14,0,1,3,0,7,0,0,4,1,164,0,4,0,125,0,1,1,0,50,0,0,1,42,1,7,0,0,0,0,390,1,1,36,0,2,106,8,3,14
460726,753,748,18,235,501,17,518,0,518,8,0,0,0,0,9,0,0,1,0,82,0,0,0,59,1,0,0,0,18,1,0,0,21,0,5,0,0,0,0,120,0,0,15,1,0,160,7,4,6
460727,1167,1155,45,363,761,43,804,0,804,10,0,1,1,1,1,0,1,1,0,253,2,0,0,51,0,0,0,0,31,0,1,1,37,0,1,0,0,0,2,311,2,1,21,0,0,63,7,1,3
460728,237,239,14,61,162,14,176,0,176,2,0,0,0,0,1,0,0,0,0,44,0,1,0,11,0,0,0,0,5,0,0,0,10,0,1,0,0,0,0,66,0,0,3,0,0,24,3,2,3
460729,2418,2390,45,739,1636,43,1679,0,1679,15,0,5,7,0,3,0,0,1,0,344,0,1,1,178,0,0,0,1,66,0,0,3,68,1,1,1,0,0,3,666,0,2,90,0,0,200,8,4,10
460730,981,969,38,203,741,37,778,0,778,6,0,0,0,0,3,0,0,0,0,155,0,2,0,55,0,0,0,0,40,2,0,1,35,0,1,0,0,1,1,325,0,0,4,0,0,123,3,1,20
460731,921,911,22,298,602,21,623,0,623,4,1,1,1,0,2,0,0,1,0,99,0,0,0,68,1,1,0,0,17,0,0,1,35,0,1,0,0,0,1,240,1,0,34,0,1,99,5,2,7
460732,558,548,21,143,395,20,415,0,415,7,1,0,0,0,0,0,0,1,0,76,1,0,0,31,0,0,0,0,23,0,0,1,25,0,3,0,0,0,1,148,0,0,25,0,1,64,1,2,4
460733,255,250,15,66,176,13,189,0,189,2,0,0,1,0,2,0,0,0,0,28,0,0,0,11,0,0,0,0,9,0,0,0,13,0,0,0,1,0,0,75,0,1,7,0,0,34,2,0,3
460734,1329,1307,25,422,884,23,907,0,907,8,0,2,1,0,3,0,2,2,1,132,0,0,0,120,0,2,0,0,49,0,0,0,17,0,5,0,1,1,2,301,2,2,41,1,0,190,11,2,9
460735,708,701,12,212,484,12,496,0,496,5,1,3,1,0,3,0,0,0,0,55,5,3,0,80,0,1,0,2,37,0,0,0,13,1,0,0,0,0,2,172,1,0,22,0,0,78,2,2,7
460736,495,498,17,111,367,17,384,0,384,0,0,1,0,0,0,0,0,0,1,63,0,0,0,61,0,1,0,0,14,1,0,0,18,0,1,0,0,0,0,120,0,1,7,0,0,80,10,4,1
460737,186,190,6,29,151,6,157,0,157,0,0,1,0,0,0,0,0,1,0,10,0,0,0,25,0,0,0,0,4,0,0,0,9,0,0,0,0,0,0,64,0,0,10,0,0,32,0,0,1
460738,297,297,18,62,217,18,235,0,235,1,0,0,0,0,0,0,0,0,0,37,0,0,0,19,0,0,0,1,7,0,0,0,13,0,0,0,0,0,1,80,0,0,2,0,1,65,2,1,5
460739,243,47,15,202,28,13,41,0,41,0,0,0,0,0,1,0,0,0,1,7,0,0,0,3,0,0,0,0,1,0,0,0,2,0,1,0,0,0,0,15,0,0,1,0,0,8,1,0,0
460740,516,406,0,360,156,0,156,0,156,14,6,0,2,3,5,3,1,0,0,11,0,0,0,13,0,0,1,0,1,0,0,0,17,0,2,0,0,0,1,32,1,0,0,0,0,32,9,1,1
460741,276,227,0,49,227,0,227,0,227,28,0,2,1,0,1,2,0,0,0,3,0,0,0,65,0,0,0,0,0,1,0,0,1,0,1,2,0,0,0,11,0,0,0,0,1,94,12,0,2
460831,465,469,40,146,281,38,319,0,319,4,0,0,0,0,1,0,0,0,0,89,0,0,0,23,0,0,0,0,17,0,0,0,8,0,3,0,0,0,1,120,0,0,2,0,0,45,3,0,3
460832,273,270,19,35,221,17,238,0,238,3,0,0,1,0,4,0,0,0,0,34,1,0,0,21,0,0,0,0,5,1,0,0,18,0,1,0,0,0,2,97,1,0,5,0,1,40,1,0,2
460833,591,586,41,133,422,36,458,0,458,1,0,0,0,0,0,0,0,2,0,56,0,0,0,28,0,0,0,0,13,0,0,0,16,0,1,0,0,0,1,272,0,0,4,0,0,61,3,0,0
460834,198,200,15,45,139,14,153,0,153,2,0,0,0,0,2,0,0,0,0,9,0,0,0,12,0,1,0,0,2,0,0,1,11,0,0,0,0,0,1,68,0,0,1,0,0,39,0,0,4
460835,462,454,34,99,329,34,363,0,363,1,0,0,1,0,0,0,0,0,0,89,0,0,0,6,0,1,0,0,7,0,0,0,18,0,0,0,0,0,0,136,0,0,5,0,0,94,1,0,4
460836,516,509,34,81,401,34,435,0,435,0,0,1,1,0,2,0,0,1,0,93,0,0,0,32,1,0,0,0,11,3,1,0,27,0,5,0,0,0,2,174,0,0,9,0,0,64,0,3,5
460837,312,316,23,63,229,20,249,0,249,5,0,0,0,1,2,0,0,0,0,36,0,0,0,7,0,0,0,0,4,6,0,1,17,0,1,0,0,0,1,103,1,0,2,0,0,53,6,0,3
460838,159,166,17,39,108,12,120,0,120,1,0,0,0,0,2,0,0,0,0,14,0,0,0,6,0,1,0,0,13,0,0,0,5,0,0,0,0,0,1,49,0,0,0,0,0,26,1,0,1
460839,723,712,58,286,384,53,437,0,437,10,0,0,1,0,2,0,0,0,0,56,0,0,0,45,0,0,0,1,11,0,0,1,40,0,0,0,0,0,2,131,0,1,4,0,0,111,8,0,13
460840,270,268,42,107,134,29,163,0,163,2,0,1,0,0,0,0,0,0,0,15,0,0,0,15,0,0,0,0,4,4,0,0,14,0,1,0,0,0,0,71,0,0,2,0,0,29,3,0,2
460841,114,118,19,40,58,16,74,0,74,0,0,0,0,0,0,0,1,0,0,13,1,0,0,3,0,0,0,0,5,0,0,0,7,0,0,0,0,0,0,20,0,0,3,0,0,19,1,0,1
460842,105,107,7,13,85,7,92,0,92,0,0,0,0,0,1,0,0,0,0,27,0,0,0,10,0,0,0,0,1,0,0,0,1,0,0,0,0,0,0,30,0,0,0,0,0,17,5,0,0
460843,363,373,18,103,243,17,260,0,260,6,0,0,1,0,0,1,0,0,0,45,0,0,0,18,0,0,0,2,34,0,1,0,8,0,0,0,0,1,1,89,0,0,1,0,0,43,2,0,7
460844,111,115,2,38,71,2,73,0,73,1,0,1,0,0,1,0,0,0,0,8,0,0,0,6,1,0,0,0,1,0,0,0,11,0,0,0,0,0,0,29,0,0,0,0,0,12,0,0,2
460845,801,789,48,226,529,46,575,0,575,2,0,1,0,1,4,0,0,0,0,192,0,0,0,56,2,0,0,0,21,0,0,0,33,0,2,0,0,0,0,167,0,0,8,0,0,83,1,2,0
460846,273,273,3,70,200,3,203,0,203,3,0,1,0,1,0,0,0,1,0,28,0,0,0,16,0,0,0,0,12,0,0,0,12,0,0,0,0,0,0,96,0,0,2,0,0,26,1,1,3
460847,453,452,9,167,278,8,286,0,286,3,0,1,0,0,1,0,0,0,0,67,0,0,0,30,0,0,0,0,5,1,0,0,11,0,0,0,0,0,0,123,0,0,7,0,0,34,1,0,2
460848,756,756,32,226,500,30,530,0,530,3,0,0,1,0,2,0,0,0,1,95,1,0,0,65,1,0,0,0,18,4,0,0,22,0,1,0,0,0,1,215,0,0,4,0,0,87,7,0,2
460849,651,640,27,239,385,27,412,0,412,2,0,0,0,0,1,0,0,0,0,81,0,0,0,40,0,0,0,0,8,3,0,0,20,0,0,0,0,0,1,174,0,0,11,0,1,67,3,0,0
460850,423,422,13,111,299,13,312,0,312,2,0,0,0,0,4,0,0,0,0,50,0,0,0,28,0,0,0,0,11,0,0,0,23,0,2,0,0,0,0,144,0,0,7,0,0,34,3,0,4
460851,1623,1605,33,589,1002,32,1034,0,1034,6,2,4,3,0,9,0,1,2,0,216,0,1,0,163,0,0,1,0,23,3,0,0,28,1,7,0,0,0,3,316,0,0,29,0,1,181,12,4,18
460852,1614,1589,24,591,1001,22,1023,0,1023,8,1,3,0,0,12,0,0,3,0,230,0,1,0,152,0,1,0,0,32,3,0,0,41,1,7,0,1,0,2,298,0,0,32,0,2,186,4,0,3
460853,219,214,17,89,116,14,130,0,130,3,0,0,0,0,1,0,0,0,0,13,0,0,0,5,0,0,0,0,1,1,0,0,8,0,0,0,0,0,0,25,0,0,0,0,0,71,1,0,1
460854,411,415,34,111,269,31,300,0,300,1,0,1,2,0,4,0,0,0,0,40,0,0,0,28,0,1,0,0,13,0,0,1,15,0,0,0,1,0,1,80,0,0,2,0,0,93,8,4,5
460855,384,383,30,118,237,29,266,0,266,3,0,1,0,1,2,0,1,0,0,45,0,1,0,25,0,0,0,0,5,0,0,0,17,0,1,1,0,0,0,115,0,0,4,0,0,33,5,1,5
460856,474,468,26,114,338,22,360,0,360,3,1,1,0,0,1,0,0,3,0,79,0,0,0,36,1,0,0,0,11,0,0,0,14,0,1,0,0,0,0,103,2,0,9,0,0,82,10,0,3
460857,108,108,8,42,58,8,66,0,66,0,0,0,1,0,2,0,0,0,0,7,0,0,0,6,0,0,0,0,0,0,0,0,2,0,0,0,0,0,0,20,0,0,0,0,0,25,3,0,0
460859,633,630,51,171,419,43,462,0,462,4,0,0,1,1,0,0,1,0,1,111,0,1,0,35,0,1,0,1,7,0,0,0,24,1,2,0,0,0,3,186,0,1,19,0,0,58,0,2,2
460860,495,495,83,154,260,81,341,0,341,3,1,1,0,0,3,0,0,1,0,81,0,1,0,27,0,1,0,0,14,0,1,1,21,0,2,0,0,0,1,109,0,0,1,0,0,59,3,0,10
460861,273,270,18,71,184,18,202,0,202,1,1,0,1,0,5,0,0,0,0,45,0,0,1,23,0,0,0,0,12,0,0,1,16,1,2,0,0,0,0,35,0,0,3,0,0,49,1,0,5
460862,216,218,7,41,170,5,175,0,175,3,0,1,0,0,0,0,0,0,0,33,0,0,0,11,0,0,0,0,1,0,0,1,21,0,0,0,0,0,0,47,0,0,5,0,0,47,3,0,2
460863,189,184,6,49,134,6,140,0,140,0,0,0,0,0,4,0,0,1,0,33,0,0,1,7,0,0,0,0,3,0,0,0,8,0,1,0,0,0,0,23,0,0,1,0,0,46,6,0,6
460864,450,452,31,102,318,30,348,0,348,3,0,1,0,0,4,0,0,0,0,47,0,0,0,58,0,0,0,0,12,2,0,0,17,0,2,0,0,0,0,67,0,0,24,0,0,93,8,3,7
460865,1845,1851,10,637,1198,10,1208,0,1208,14,3,3,1,0,20,0,1,3,0,239,1,1,0,139,0,1,0,1,67,0,0,1,53,0,15,1,1,0,3,379,0,2,51,0,2,187,7,1,11
460866,1935,1920,24,689,1226,20,1246,0,1246,18,1,2,4,0,17,0,0,1,0,216,1,0,0,137,0,0,2,1,86,1,0,0,46,0,8,0,0,0,0,375,1,0,60,0,0,243,9,1,16
460867,1515,1521,17,451,1049,15,1064,0,1064,11,0,0,2,0,8,0,0,2,0,193,0,0,0,121,0,1,0,0,84,1,0,3,42,1,5,0,0,1,3,321,2,2,41,1,1,204,5,1,8
460868,1059,1041,42,415,606,38,644,0,644,8,1,1,0,0,4,0,0,1,0,181,0,0,0,89,0,0,0,2,16,0,0,2,25,0,2,0,1,0,0,147,0,0,12,0,0,143,2,0,7
460869,297,293,7,98,192,7,199,0,199,2,0,0,0,0,3,0,1,0,0,40,0,0,0,14,0,0,0,1,41,0,0,2,5,0,0,0,0,0,0,43,0,0,4,0,0,36,2,2,3
460870,306,309,11,38,257,11,268,0,268,8,0,0,0,0,6,0,0,0,0,29,0,0,0,39,0,0,0,0,17,4,0,0,22,0,0,0,0,0,2,89,2,2,3,1,0,44,0,0,0
460871,126,124,3,45,80,1,81,0,81,2,0,0,0,0,8,0,0,0,0,11,0,0,0,5,0,0,0,0,5,0,0,2,16,0,0,0,0,0,0,12,1,0,1,0,1,8,2,1,6
460872,654,648,122,184,350,120,470,0,470,5,2,1,0,0,5,1,0,0,0,91,0,0,0,34,0,0,0,1,7,0,0,2,40,0,2,0,0,8,0,166,1,0,9,0,1,82,4,1,7
460873,159,159,16,18,126,15,141,0,141,1,0,0,0,1,3,0,0,0,0,23,0,0,0,7,0,0,0,0,3,0,0,0,6,0,0,0,0,0,1,49,0,0,6,0,0,32,0,0,9
460874,498,491,51,181,276,41,317,0,317,2,1,0,0,0,0,0,0,0,0,71,0,0,0,15,0,0,0,1,10,0,0,1,23,0,2,0,0,0,2,147,0,0,4,0,0,35,1,0,2
460875,150,150,25,22,103,25,128,0,128,1,0,0,0,0,0,0,0,0,0,26,0,0,0,5,0,0,0,0,5,0,0,0,6,0,0,0,0,0,0,47,0,0,2,0,1,32,1,0,2
460876,219,217,23,39,157,23,180,0,180,2,0,0,0,1,0,0,0,0,0,34,0,0,0,7,0,0,0,0,3,0,0,0,5,0,0,0,0,0,1,71,1,0,5,0,0,42,2,1,5
460877,342,348,24,40,279,23,302,0,302,3,0,1,0,0,0,0,0,0,0,80,0,0,0,14,0,0,0,0,10,0,0,0,15,0,0,0,1,0,1,96,0,2,18,0,0,50,4,1,6
460878,600,597,47,190,363,47,410,0,410,1,2,0,1,0,2,0,0,0,0,106,1,0,0,36,0,0,0,0,17,1,0,1,29,0,6,0,0,0,1,101,0,2,10,0,0,80,6,0,7
460879,282,278,32,64,187,31,218,0,218,0,0,1,0,0,0,0,0,0,0,40,0,0,0,10,0,2,0,0,10,0,0,0,14,0,0,0,0,0,0,68,0,0,9,0,0,58,3,0,3
460880,450,444,58,117,276,57,333,0,333,5,0,2,0,0,2,0,0,0,0,46,0,0,0,16,0,0,0,0,3,0,0,0,23,0,0,0,0,0,0,123,0,0,4,0,1,100,4,0,4
460881,240,239,9,39,192,9,201,0,201,2,0,4,0,0,4,1,0,0,0,40,0,0,0,16,0,0,0,0,2,0,0,0,20,0,1,0,0,0,0,58,0,0,2,0,0,45,1,0,5
460882,534,525,29,137,369,28,397,0,397,11,0,1,0,0,5,0,1,1,1,87,0,0,1,18,0,0,0,0,19,0,0,0,45,0,0,0,0,0,1,100,0,0,8,0,1,93,1,1,2
460883,159,158,9,32,118,9,127,0,127,4,0,0,0,0,3,0,0,0,1,30,0,0,0,6,0,0,0,0,2,0,0,0,7,0,0,0,0,0,0,40,0,0,1,0,0,22,2,0,9
460884,435,433,36,104,299,32,331,0,331,8,0,1,0,0,9,0,0,0,0,61,0,0,0,19,0,1,0,1,9,2,0,0,20,0,0,0,0,0,1,89,0,2,6,0,0,96,1,0,5
460885,375,366,23,101,251,23,274,0,274,1,0,0,0,0,2,0,0,0,0,48,0,0,4,19,0,0,0,0,14,1,0,0,25,0,0,0,0,0,1,83,0,0,3,0,0,63,3,2,5
460886,126,125,11,62,58,6,64,0,64,1,0,0,0,0,2,0,0,0,0,5,0,0,0,6,0,0,0,0,1,0,0,0,8,0,1,0,0,0,0,25,0,0,2,0,0,10,0,0,3
460887,87,86,17,25,47,15,62,0,62,0,0,0,0,0,4,0,0,0,0,3,1,0,0,2,0,0,0,0,0,0,0,0,6,1,0,0,0,0,1,29,0,0,0,0,0,15,0,0,0
460888,429,424,48,116,267,46,313,0,313,0,1,0,0,0,8,0,0,0,0,43,0,0,0,16,0,0,0,0,10,0,0,0,36,0,0,0,0,0,1,110,1,0,8,0,0,61,7,1,10
460889,243,244,22,110,111,22,133,0,133,3,0,0,1,0,1,1,0,0,0,20,1,0,0,11,0,0,0,0,4,3,0,1,19,0,0,0,0,0,0,52,0,0,2,0,0,11,1,0,2
460890,270,269,18,58,198,14,212,0,212,0,0,0,0,0,7,0,0,0,1,64,0,0,0,6,0,0,0,0,5,1,0,0,15,0,0,0,0,0,0,53,0,0,2,0,0,52,2,1,3
460891,240,244,14,71,155,14,169,0,169,0,0,0,0,0,7,0,0,0,0,44,0,0,0,8,0,0,0,0,10,0,0,0,11,1,0,0,0,0,0,51,0,0,4,0,0,21,1,2,9
460892,465,459,23,95,348,22,370,0,370,2,0,0,0,1,1,0,0,0,0,96,0,0,0,22,0,0,0,0,17,0,0,2,33,1,3,0,0,0,0,129,0,1,3,0,0,49,6,0,4
460893,189,187,4,32,153,4,157,0,157,3,0,0,0,0,0,0,0,0,0,41,0,0,0,8,0,0,0,0,3,0,0,0,14,0,0,0,0,0,0,71,0,0,1,0,0,13,1,0,2
460894,225,227,17,53,157,15,172,0,172,10,0,2,0,0,5,0,0,0,0,27,0,0,1,18,0,0,0,0,2,0,2,1,13,0,0,0,0,0,0,51,0,0,2,0,0,36,0,0,2
460895,381,379,42,118,226,37,263,0,263,14,0,0,0,0,4,0,0,0,0,36,0,0,0,25,0,0,0,0,9,0,0,0,25,0,0,0,0,0,0,95,0,0,2,0,0,50,3,0,0
460896,405,405,37,120,250,35,285,0,285,7,0,0,0,0,4,0,0,1,0,29,0,0,0,30,0,1,0,0,13,0,0,0,18,0,0,0,0,0,0,68,0,0,9,0,0,97,2,0,6
460897,402,405,48,130,229,43,272,0,272,6,0,0,0,0,3,0,0,0,0,49,0,0,0,34,1,1,0,0,9,2,0,2,20,0,1,0,0,0,0,91,0,0,1,0,1,35,5,1,10
460898,66,64,16,17,34,15,49,0,49,0,0,1,0,0,0,0,0,0,0,11,0,0,0,0,0,0,0,0,1,0,0,0,9,0,0,0,0,0,0,15,0,0,0,0,0,10,0,0,2
460899,696,691,145,197,365,134,499,0,499,3,0,1,0,0,2,0,0,1,1,74,0,0,0,54,0,0,0,0,16,3,0,1,39,0,0,0,0,0,0,170,0,0,11,2,1,109,3,0,8
460900,405,401,35,97,273,35,308,0,308,3,2,1,0,0,3,0,0,0,0,47,0,0,1,35,0,0,1,0,10,0,0,0,23,0,0,0,0,0,0,89,0,0,1,0,0,84,5,0,3
460901,402,400,31,70,302,30,332,0,332,2,0,3,0,0,0,0,0,0,0,68,0,0,0,22,0,0,0,0,14,5,0,2,26,0,2,0,0,0,0,99,0,0,2,0,0,77,2,1,7
460902,204,200,22,66,117,21,138,0,138,1,1,0,1,0,0,0,0,0,0,20,0,0,0,5,0,0,0,0,11,0,0,0,18,0,0,0,0,0,1,45,1,0,1,0,0,27,3,0,3
460903,165,71,9,112,44,9,53,0,53,0,0,1,0,0,0,0,0,0,0,13,0,0,0,1,0,0,0,0,5,0,0,0,5,0,0,0,0,0,0,13,0,0,1,0,0,12,0,0,2
461746,1374,1369,20,497,860,17,877,0,877,12,0,2,0,0,1,0,0,0,0,140,0,1,0,107,0,0,0,0,58,1,0,0,24,0,3,0,0,0,0,286,1,0,74,0,1,133,17,1,15
461747,1557,1530,22,670,866,21,887,0,887,12,0,0,2,0,13,0,1,1,0,151,0,4,1,125,1,0,0,0,53,0,0,0,36,0,3,0,0,0,1,227,1,1,65,0,0,170,2,5,12
461748,1566,1554,22,616,934,16,950,0,950,17,2,3,1,1,10,0,0,1,1,111,1,1,0,158,0,0,0,0,68,0,0,2,20,1,1,0,0,0,0,312,0,2,71,0,0,141,6,3,16
461749,1677,1657,14,705,963,9,972,0,972,12,1,2,2,0,13,0,0,7,0,133,1,2,0,187,0,1,0,1,46,1,0,2,25,1,6,0,1,0,1,310,0,0,73,2,0,116,7,3,16
461750,1488,1469,14,613,863,12,875,0,875,13,1,1,2,2,15,0,0,0,0,132,0,4,0,145,0,1,0,0,63,0,0,1,27,0,3,0,1,0,1,246,0,1,63,0,0,131,2,1,19
461751,1461,1439,19,611,836,14,850,0,850,8,0,2,0,0,7,0,0,2,0,129,0,3,0,130,0,0,0,1,76,1,0,0,21,0,4,0,0,0,1,249,0,1,66,1,1,130,5,2,10
461752,1494,1490,8,706,783,5,788,0,788,18,0,1,0,0,2,0,0,3,0,128,0,1,0,152,1,0,0,1,47,1,0,1,25,0,1,0,0,0,0,228,0,1,46,0,0,110,7,2,12
461753,1482,1484,10,647,828,7,835,0,835,6,0,1,1,0,11,0,0,2,0,105,0,0,0,117,0,0,0,0,53,0,0,2,29,3,2,0,0,0,1,310,0,1,54,0,0,119,6,1,11
461754,1494,1484,22,597,880,17,897,0,897,12,1,2,1,0,5,0,0,2,0,132,0,0,0,138,0,0,0,0,49,0,0,1,22,1,4,0,0,0,0,285,1,0,83,0,0,133,3,0,22
461755,1485,1465,10,626,852,7,859,0,859,16,0,2,1,0,7,0,0,4,0,116,0,4,0,107,0,1,0,0,51,0,0,0,27,0,4,0,0,0,3,291,1,1,62,0,0,139,8,2,12
461756,1569,1560,13,633,923,13,936,0,936,12,1,4,1,0,9,0,0,1,0,151,0,0,0,156,1,0,1,0,46,0,0,2,26,0,2,0,0,0,0,304,0,0,77,0,1,127,4,0,10
461757,1524,1505,10,610,909,5,914,0,914,7,1,2,1,0,4,0,0,3,0,139,0,1,0,127,1,1,0,1,52,0,1,1,24,0,6,0,0,0,1,323,0,0,67,0,0,122,14,3,12
461758,231,33,19,201,14,16,30,0,30,0,0,0,0,0,0,0,0,0,0,4,1,0,0,6,0,0,0,0,3,0,0,0,1,0,0,0,0,0,0,10,0,0,0,0,0,4,0,0,1
462155,114,15,2,100,12,2,14,0,14,0,0,0,0,0,0,0,0,0,0,1,0,1,0,0,0,0,0,0,1,1,0,0,3,0,0,0,0,0,0,5,0,0,0,0,0,2,0,0,0,01,04,2019,00,05
