050375,393,394,25,85,286,22,308,0,308,3,1,0,0,0,1,0,0,6,0,19,1,0,0,47,0,0,0,0,3,0,0,0,34,0,2,0,0,0,0,106,0,0,18,0,0,62,5,0,0
050376,378,373,27,121,231,26,257,0,257,4,0,0,0,0,11,0,0,8,0,15,0,1,0,37,0,0,0,0,2,0,0,1,15,0,1,0,0,0,1,75,0,0,6,0,0,73,6,0,1
050377,957,948,41,311,605,41,646,0,646,5,1,0,0,1,15,1,0,8,0,40,0,1,0,128,0,1,0,0,2,0,0,0,65,1,1,0,0,0,1,141,0,1,81,0,1,139,9,0,3
050378,39,49,6,0,33,6,39,0,39,0,0,0,0,0,6,0,0,0,0,3,0,0,0,5,0,0,0,0,0,0,0,0,9,0,0,0,0,0,0,6,0,0,6,0,0,4,0,0,0
050379,192,198,19,42,132,18,150,0,150,2,0,1,0,0,7,0,0,4,1,13,0,0,0,32,0,1,0,0,0,0,0,0,10,0,0,0,1,0,0,35,0,0,3,1,0,34,1,1,3
050380,552,545,34,179,339,34,373,0,373,8,0,0,0,0,11,0,1,12,0,32,0,0,1,84,0,0,0,0,5,0,0,0,37,0,0,0,0,0,1,51,0,0,56,0,0,61,8,0,5
050381,1641,1758,57,508,1089,44,1133,0,1133,10,0,1,2,1,31,0,0,12,0,72,0,0,2,225,0,1,0,0,22,0,0,4,85,2,1,0,1,0,2,370,1,2,95,0,1,174,8,2,6
050382,237,235,21,66,152,19,171,0,171,1,0,0,0,0,15,0,0,7,0,14,0,0,0,32,0,0,0,0,1,0,0,2,15,0,0,0,0,0,0,37,0,1,17,0,0,28,1,0,0
050383,612,610,58,160,396,56,452,0,452,2,1,0,0,0,14,0,0,2,0,27,0,2,0,96,0,1,0,0,9,0,1,0,34,0,0,0,1,0,3,140,2,0,37,0,0,71,6,1,2
050384,489,488,47,137,313,39,352,0,352,6,0,0,0,2,11,0,0,5,0,22,0,0,0,69,1,1,0,0,5,1,0,2,36,0,0,0,0,3,0,59,4,0,40,0,1,80,4,0,0
050385,387,386,33,88,270,29,299,0,299,3,0,0,0,0,2,0,1,7,0,5,0,0,0,45,0,0,0,0,3,0,0,2,31,1,0,0,0,0,1,141,0,0,21,1,0,33,2,0,0
050386,525,536,56,176,303,46,349,0,349,4,0,1,0,0,8,1,1,7,0,18,0,0,0,69,0,0,0,1,1,0,0,0,50,1,1,0,0,0,0,65,0,0,22,1,0,85,9,1,3
050387,1557,1545,49,640,869,48,917,0,917,11,1,0,2,2,16,1,0,23,0,46,0,0,0,277,1,0,1,1,21,2,0,2,89,0,1,0,0,0,1,209,0,1,49,0,0,147,12,0,1
050388,1662,1650,39,703,921,38,959,0,959,8,0,0,0,0,33,1,0,10,2,44,0,0,0,269,0,2,0,0,3,0,0,0,76,2,1,0,0,0,1,237,0,0,59,1,1,185,15,0,9
050389,543,536,41,195,311,37,348,0,348,0,1,0,0,0,23,0,0,4,0,24,0,0,0,78,0,1,1,0,8,1,0,1,41,0,1,1,0,0,1,84,0,1,9,0,0,60,4,1,3
050390,393,397,45,109,241,43,284,0,284,2,0,0,1,0,10,0,0,6,0,23,0,0,0,37,0,0,0,0,1,0,0,2,51,0,1,0,0,0,1,51,0,1,25,1,0,64,6,0,1
050391,300,297,21,103,181,16,197,0,197,2,0,0,0,0,6,1,0,1,0,6,0,0,0,35,0,1,0,0,2,0,0,0,22,0,0,0,0,0,1,55,0,0,7,1,0,52,4,1,0
050392,105,108,11,28,67,10,77,0,77,0,1,0,0,0,0,0,0,5,0,4,1,0,0,7,0,0,0,0,0,0,0,1,8,0,0,0,0,0,0,9,0,1,3,0,0,32,4,0,1
050393,2094,2071,46,807,1249,38,1287,0,1287,28,0,1,2,3,68,3,0,20,1,98,0,0,0,296,2,0,0,0,21,0,1,0,77,1,3,0,0,0,1,330,1,3,118,1,0,195,11,1,1
050394,459,453,12,142,306,11,317,0,317,6,0,0,0,0,14,2,0,2,0,18,0,1,0,85,0,0,0,0,2,0,0,0,25,2,2,0,0,0,0,49,0,1,33,1,0,66,8,0,0
050395,891,920,40,251,603,37,640,0,640,7,0,0,2,1,24,0,0,9,0,20,0,0,1,149,1,1,0,0,2,0,1,1,60,0,2,0,0,0,3,174,0,1,57,0,1,111,8,1,3
050396,474,476,28,117,338,19,357,0,357,4,0,1,1,0,9,0,0,8,0,27,1,0,0,77,0,0,0,0,2,0,0,0,33,0,3,0,0,0,1,98,0,0,34,1,0,49,3,1,4
050397,294,297,28,102,168,24,192,0,192,4,0,1,3,0,4,0,0,0,0,16,0,0,0,35,0,0,0,0,2,0,0,2,7,1,0,0,0,0,1,42,0,0,25,0,2,44,3,0,0
050398,429,439,20,112,297,20,317,0,317,1,0,0,0,0,35,0,0,8,0,17,0,0,0,41,0,0,1,0,3,0,0,0,39,0,0,0,0,0,0,38,0,0,12,0,0,105,11,3,3
050399,252,249,24,58,170,24,194,0,194,1,3,0,0,0,7,0,0,1,0,5,0,0,0,38,1,0,0,0,4,0,0,0,39,0,0,0,0,0,0,41,0,0,3,0,0,47,4,0,0
050400,237,247,40,35,163,39,202,0,202,0,0,0,0,0,13,1,0,1,0,12,0,0,0,31,0,0,0,0,1,0,0,1,38,0,0,0,0,1,0,61,0,0,11,0,0,29,2,0,0
050401,924,912,71,353,509,62,571,0,571,11,2,0,0,1,19,0,0,11,0,21,0,0,2,97,0,0,0,0,3,0,0,1,100,2,0,0,0,0,1,153,0,1,18,0,2,113,4,2,7
050402,537,532,82,167,294,76,370,0,370,3,0,0,0,1,10,0,1,12,0,12,0,0,0,41,0,0,1,0,5,0,1,1,47,1,0,0,0,0,0,95,0,0,15,0,1,113,7,0,3
050403,486,487,53,180,264,42,306,0,306,3,0,0,2,0,12,2,0,9,1,17,1,0,1,47,0,0,0,0,2,0,0,1,23,0,0,0,0,0,1,79,0,0,28,0,0,69,5,0,3
050404,111,117,14,28,71,12,83,0,83,3,3,1,0,0,4,0,0,2,0,4,0,0,0,7,0,0,0,0,0,0,0,1,11,0,0,0,0,0,2,24,0,1,6,0,0,14,0,0,0
050405,267,268,23,90,157,20,177,0,177,2,0,0,2,0,6,0,0,5,0,9,0,0,0,35,0,0,0,0,2,0,0,1,19,2,0,0,0,0,1,47,1,0,9,0,0,33,3,0,0
050406,156,162,14,38,105,13,118,0,118,1,0,0,0,0,3,0,0,0,0,6,0,0,0,27,0,0,0,0,7,0,0,0,9,0,0,0,0,0,0,41,0,0,3,0,0,15,4,0,2
050407,768,776,81,253,442,73,515,0,515,3,0,0,1,0,19,1,0,2,0,56,0,0,0,106,1,0,0,0,2,0,2,4,76,1,2,0,0,0,1,87,0,2,29,1,0,110,4,1,4
050408,756,754,97,176,486,94,580,0,580,7,0,1,1,0,26,1,1,7,0,12,0,0,0,104,0,0,0,0,1,0,0,0,41,1,1,0,0,0,1,126,0,1,54,1,1,179,9,0,4
050409,507,505,74,116,319,72,391,0,391,3,2,0,3,0,12,0,0,8,0,12,0,0,0,57,0,1,0,0,4,0,0,0,56,1,2,0,0,0,2,57,0,0,56,0,0,100,9,0,6
050410,309,311,48,67,203,39,242,0,242,22,0,0,0,0,6,0,0,6,0,11,0,0,0,33,0,0,0,0,5,0,0,0,28,1,2,0,0,0,0,38,0,0,29,0,0,55,5,0,1
050411,1506,1487,50,446,1014,46,1060,0,1060,15,3,0,2,1,31,1,1,22,0,56,1,0,0,234,0,0,0,0,16,0,0,0,61,0,4,1,0,0,2,318,0,0,96,0,0,178,11,1,5
050412,1386,1361,43,474,871,41,912,0,912,8,3,3,1,1,30,1,0,19,0,85,0,0,0,229,0,0,0,0,12,1,0,0,53,1,3,0,0,0,4,258,0,0,62,0,0,121,12,0,5
050413,606,606,23,133,453,20,473,0,473,7,0,0,0,0,32,2,0,12,0,23,0,0,0,80,2,0,0,0,4,0,1,0,45,2,0,0,0,0,1,114,0,1,49,1,0,87,5,0,5
050414,813,819,51,254,514,45,559,0,559,6,1,1,0,1,28,2,1,2,0,16,0,0,2,137,2,2,0,0,12,0,0,1,65,2,0,0,0,0,1,118,1,0,38,0,1,106,10,1,2
050415,1482,1480,47,523,920,39,959,0,959,13,0,0,3,0,31,2,0,14,0,48,0,1,0,214,0,0,0,0,6,0,0,1,58,1,2,0,0,0,1,295,0,3,88,0,1,161,9,1,6
050416,639,629,18,238,387,14,401,0,401,4,0,0,0,0,35,0,0,8,0,30,0,0,0,71,0,0,0,0,2,0,0,0,40,0,1,0,0,0,1,51,0,2,40,0,0,107,6,0,3
050417,285,281,28,106,154,25,179,0,179,2,0,0,1,0,2,0,0,5,0,16,0,0,0,20,0,0,0,0,0,0,0,0,16,0,0,0,0,0,2,38,0,0,16,0,1,53,7,0,0
050418,201,199,9,83,111,7,118,0,118,0,0,0,1,0,12,0,0,1,0,8,0,0,0,13,0,0,0,0,0,0,0,0,15,0,0,0,0,0,0,28,0,1,11,0,1,22,4,0,1
050419,423,419,26,121,276,26,302,0,302,2,1,1,0,0,8,0,0,5,0,18,0,0,0,28,0,0,0,0,5,0,0,1,29,0,0,0,0,0,1,75,0,0,28,0,0,91,5,0,4
050420,237,241,21,74,145,18,163,0,163,2,0,0,0,0,5,0,0,2,0,6,0,0,0,25,0,0,0,0,2,0,0,1,22,0,0,0,0,0,0,51,0,0,10,1,0,32,4,0,0
050421,195,202,19,51,127,17,144,0,144,1,1,0,0,0,8,0,0,2,0,6,0,0,0,24,0,0,0,0,2,0,0,0,27,0,2,0,0,0,0,35,0,0,2,0,0,28,5,0,1
050422,1026,1015,58,332,642,52,694,0,694,13,0,0,1,1,15,0,1,11,1,51,0,1,0,141,0,0,0,0,1,0,0,0,63,2,1,0,0,0,1,134,0,0,44,1,2,190,16,1,2
050423,2214,2166,39,749,1430,35,1465,0,1465,18,0,2,0,1,53,0,0,9,0,86,1,2,1,450,1,2,1,0,13,0,1,1,55,2,4,0,0,0,1,372,1,3,194,0,2,173,9,3,4
050424,1833,1832,28,695,1120,18,1138,0,1138,19,1,1,7,1,58,0,0,12,0,69,0,2,1,248,0,1,1,1,30,0,1,0,41,1,5,0,0,1,1,312,0,0,155,0,1,159,2,0,7
050425,2319,2284,14,812,1499,8,1507,0,1507,15,4,3,6,4,81,0,0,24,0,74,0,0,0,333,0,3,1,0,29,0,0,1,48,3,2,0,0,0,1,446,0,1,226,0,1,189,5,1,6
050426,1581,1548,21,554,1011,16,1027,0,1027,7,4,1,3,0,44,1,0,11,0,66,0,1,0,192,1,2,0,0,25,0,0,0,37,0,6,0,0,0,1,283,0,1,186,3,0,144,4,2,2
050427,1884,1894,33,548,1309,27,1336,0,1336,16,1,5,0,1,65,1,0,25,1,74,0,0,0,277,2,0,0,0,21,1,0,0,54,0,4,0,0,0,2,438,0,3,157,0,1,178,6,1,2
050428,1644,1626,15,566,1063,15,1078,0,1078,18,1,0,0,0,34,1,0,11,0,58,0,0,1,211,0,0,0,0,24,0,0,1,50,2,2,0,0,0,2,344,1,4,137,2,2,168,4,0,0
050429,1770,1761,25,509,1238,23,1261,0,1261,21,0,6,4,0,54,3,0,11,2,65,0,0,0,407,0,3,0,1,23,0,0,3,50,2,4,0,1,0,0,300,0,1,151,1,4,133,5,1,5
050430,192,195,0,63,129,0,129,0,129,0,0,0,0,0,1,0,0,5,0,2,0,0,0,35,0,0,0,0,0,0,0,1,10,0,0,0,0,0,1,38,0,0,17,0,0,17,2,0,0
050431,309,314,14,106,189,14,203,0,203,1,1,2,1,0,6,0,0,5,0,4,0,0,0,41,0,0,0,0,0,0,0,1,33,1,1,0,0,0,1,41,0,1,13,0,1,43,6,0,0
050432,2295,2293,24,766,1510,19,1529,0,1529,14,3,2,3,1,74,0,0,22,0,118,1,2,0,321,0,0,0,0,29,0,1,3,50,3,3,0,0,0,3,390,0,2,240,1,0,222,8,2,11
050433,285,100,18,197,70,18,88,0,88,1,0,0,1,0,9,0,0,1,0,8,0,0,0,11,0,0,0,0,4,0,0,0,5,0,0,0,1,0,0,20,0,1,11,0,0,13,0,1,1
050434,468,464,29,148,294,26,320,0,320,3,0,0,0,0,7,1,0,4,0,22,0,1,0,62,0,0,0,1,1,0,1,0,51,1,0,0,0,0,0,62,1,0,23,0,0,65,12,0,2
050435,213,207,1,99,113,1,114,0,114,1,1,0,0,0,2,0,0,0,0,2,0,0,0,18,0,0,0,0,0,0,0,1,17,0,1,0,0,0,0,19,0,0,3,0,0,40,8,0,1
050436,165,165,13,50,104,11,115,0,115,2,1,0,0,0,1,0,0,3,1,1,0,0,0,29,0,0,0,0,0,0,0,1,12,0,1,0,0,0,0,13,0,0,7,0,0,41,2,0,0
050437,78,77,1,22,55,1,56,0,56,0,0,0,1,0,0,0,0,0,0,2,0,0,0,7,0,0,0,0,0,0,0,0,9,0,0,0,0,0,0,14,0,0,0,0,0,23,0,0,0
050438,78,77,6,18,54,6,60,0,60,0,0,0,1,1,1,0,0,1,0,2,0,0,0,6,0,0,0,0,0,0,0,0,16,0,0,0,0,0,0,18,0,0,0,0,0,13,1,0,0
050439,489,482,35,163,293,33,326,0,326,2,0,2,1,1,11,0,0,1,0,26,0,0,0,73,0,2,0,0,1,0,0,0,39,0,0,0,1,0,0,60,0,1,8,0,0,93,3,1,0
050440,138,138,5,41,92,5,97,0,97,0,0,0,1,0,6,0,0,1,0,6,0,0,0,21,0,1,0,0,1,0,0,2,9,0,0,0,0,0,0,11,0,0,10,0,0,25,0,0,3
050441,885,875,16,437,433,15,448,0,448,10,2,1,0,0,17,0,0,4,0,17,0,1,0,94,0,4,0,0,0,0,0,0,45,1,0,0,0,1,1,91,0,0,29,0,2,112,13,1,2
050442,1014,1001,15,440,561,13,574,0,574,8,0,1,0,0,12,0,0,4,0,37,0,1,0,144,0,0,0,0,2,0,0,0,41,2,0,0,0,0,0,138,0,0,62,0,0,109,6,0,7
050444,531,530,31,196,304,31,335,0,335,5,1,0,1,0,12,0,0,5,0,18,0,0,0,86,0,1,0,0,0,0,0,2,46,1,1,1,0,0,0,51,0,1,14,0,1,80,4,0,4
050445,195,189,4,78,113,4,117,0,117,1,0,1,0,0,2,0,0,3,0,5,0,0,0,31,0,0,0,0,1,0,0,0,16,0,0,0,0,0,0,31,0,0,10,0,0,0,15,1,0
050446,273,269,28,44,201,28,229,0,229,0,0,0,0,0,9,0,0,2,0,13,0,0,0,40,0,0,0,0,0,0,0,0,42,0,0,1,0,0,0,36,0,0,11,0,0,69,3,1,2
050447,543,540,59,165,326,52,378,0,378,6,1,1,0,0,10,0,0,11,0,12,0,0,0,73,1,0,0,0,0,1,0,6,48,0,0,0,1,1,2,60,1,0,15,0,1,121,4,0,2
050448,1569,1547,56,662,858,49,907,0,907,11,0,2,2,0,27,0,0,6,0,46,0,1,0,281,1,1,1,0,7,0,0,2,94,1,2,0,1,0,4,141,0,3,95,0,2,150,13,0,13
050449,1260,1247,48,488,729,43,772,0,772,9,0,0,0,0,31,1,0,4,0,39,1,0,0,256,0,2,0,0,6,0,0,2,64,0,2,0,0,1,1,99,0,0,80,1,0,160,4,1,8
050450,1044,1024,44,406,598,40,638,0,638,2,0,0,0,0,22,1,0,4,1,29,0,0,0,181,1,0,0,0,5,0,0,3,85,0,3,0,1,1,0,129,0,1,31,0,0,128,6,2,2
050451,498,495,12,181,305,12,317,0,317,1,0,0,0,0,15,0,0,3,1,27,0,0,0,64,0,2,0,0,6,0,0,0,58,0,0,0,0,0,1,45,0,1,11,0,1,75,4,0,2
050452,561,554,8,257,299,5,304,0,304,2,0,0,0,1,13,0,0,2,0,13,0,0,0,57,0,0,0,0,0,0,0,1,43,0,0,0,0,0,0,63,0,1,22,1,0,73,9,1,2
050453,1374,1366,35,491,848,35,883,0,883,13,0,2,0,0,15,0,0,18,0,46,1,0,2,200,0,0,0,1,2,0,0,0,74,1,3,0,0,0,0,235,0,2,65,0,3,183,8,2,7
050454,591,589,10,215,366,10,376,0,376,2,1,0,0,0,10,2,0,5,0,14,1,0,0,80,0,2,0,0,3,0,0,1,30,1,0,0,0,0,2,89,0,1,28,0,0,95,3,0,6
050455,225,222,24,22,179,24,203,0,203,4,0,0,0,0,7,0,0,1,1,6,0,0,0,39,0,0,0,0,3,0,0,0,15,0,0,0,0,0,0,25,1,0,8,0,0,86,6,0,1
050456,216,209,16,59,141,16,157,0,157,3,0,0,0,0,4,0,0,1,0,11,0,1,0,37,0,0,0,0,0,0,0,0,15,0,0,0,0,0,0,45,0,0,9,0,0,30,0,0,1
050457,72,69,18,7,47,18,65,0,65,0,0,0,0,0,0,0,0,5,0,3,0,0,0,3,0,0,0,0,2,0,0,1,5,0,0,0,1,1,0,16,0,0,0,0,0,24,0,1,3
050458,186,182,3,49,134,3,137,0,137,2,0,0,0,0,5,0,0,3,0,4,0,0,0,36,0,1,0,0,1,0,0,0,13,0,0,0,0,0,1,36,0,0,7,0,0,24,2,0,2
050459,681,670,42,247,393,41,434,0,434,5,0,1,0,0,19,1,0,2,0,12,0,2,1,100,0,0,0,0,0,0,0,1,68,0,0,0,0,0,0,80,0,1,16,0,1,116,4,1,3
050460,423,421,37,118,270,35,305,0,305,4,0,0,1,0,15,0,0,7,0,13,0,0,0,59,0,0,0,0,3,0,0,0,43,0,0,1,1,0,0,66,0,2,16,0,0,72,2,0,0
050461,387,387,17,143,229,15,244,0,244,6,0,0,0,0,12,1,0,2,0,9,0,0,0,59,0,0,0,0,4,0,0,0,28,0,0,0,0,0,0,39,0,0,19,0,0,61,2,1,1
050462,138,138,4,50,85,3,88,0,88,1,0,0,0,1,0,0,0,0,0,6,0,0,0,13,0,0,0,0,0,0,0,0,14,0,0,0,0,0,2,18,0,0,2,0,0,28,3,0,0
050463,471,464,34,175,266,30,296,0,296,4,0,1,0,0,17,0,0,2,1,15,0,0,0,92,0,1,0,1,3,0,0,0,54,0,0,0,0,0,0,36,0,0,7,0,2,51,6,0,3
050464,258,251,15,88,159,11,170,0,170,3,0,0,0,0,1,0,0,0,0,15,1,0,0,38,0,0,0,0,7,0,0,0,27,0,1,0,0,0,1,31,0,1,8,0,0,35,1,0,0
050465,54,56,11,13,30,11,41,0,41,0,0,0,0,0,0,0,0,0,0,0,0,0,0,4,0,0,0,0,0,0,0,0,3,0,0,0,0,0,0,5,0,0,1,0,0,28,0,0,0
050466,231,226,14,75,144,12,156,0,156,2,0,0,0,0,7,0,0,0,1,4,0,0,0,35,0,0,0,0,1,0,0,1,21,0,0,0,0,1,0,37,0,0,5,0,1,38,2,0,0
050467,51,57,6,14,34,3,37,0,37,0,0,0,0,0,0,0,0,1,0,3,0,0,0,2,0,0,0,0,0,0,0,0,6,0,0,0,0,0,0,7,0,0,1,0,0,15,0,1,1
050468,108,107,15,18,75,15,90,0,90,0,0,0,0,0,2,0,0,2,0,1,0,0,0,6,0,0,0,0,0,0,0,0,6,0,0,0,0,0,0,32,0,0,2,0,1,34,4,0,0
050469,255,252,30,78,151,26,177,0,177,0,0,1,2,0,6,0,0,1,0,7,0,0,0,30,0,0,0,0,0,0,0,0,39,1,0,0,0,0,0,21,0,4,16,0,1,46,1,1,0
050470,399,390,34,132,236,31,267,0,267,1,0,0,1,0,9,0,0,1,0,5,0,0,0,60,0,0,1,0,0,1,1,0,60,1,0,0,0,0,0,61,0,0,15,0,0,48,0,1,1
050471,30,29,3,10,17,3,20,0,20,1,0,0,0,0,2,0,0,0,0,0,0,0,0,4,0,0,0,0,0,0,0,0,7,0,0,0,0,0,1,1,0,0,0,0,0,4,0,0,0
050472,612,604,59,209,345,58,403,0,403,6,1,0,1,1,12,0,0,3,0,25,0,0,0,70,0,1,0,0,3,0,0,0,41,0,4,0,0,0,0,79,4,0,20,0,0,122,7,0,3
050474,195,193,4,46,145,4,149,0,149,1,0,0,0,0,4,0,0,0,0,4,0,0,0,27,0,0,0,0,0,0,0,0,31,0,0,0,0,0,0,31,0,1,4,0,0,44,2,0,0
050475,399,394,39,138,225,36,261,0,261,3,0,0,0,0,5,0,0,3,0,11,0,0,0,46,0,0,0,0,0,0,0,2,28,1,0,1,0,0,0,39,0,0,5,0,1,102,7,0,7
050476,300,297,32,94,174,32,206,0,206,1,1,0,1,1,6,0,0,1,1,8,1,0,0,29,0,2,0,1,0,0,0,0,44,0,0,0,0,0,1,39,0,1,7,0,1,54,5,1,0
050477,435,433,16,142,277,16,293,0,293,7,0,0,0,0,6,0,0,2,0,11,0,0,0,76,0,1,0,1,2,0,0,1,28,1,0,0,0,0,0,40,3,0,10,0,0,93,8,0,3
050478,330,326,17,103,210,17,227,0,227,1,0,0,0,0,3,0,0,1,1,13,0,0,1,35,0,1,0,0,0,0,0,3,12,0,0,0,0,0,0,44,0,0,3,2,0,95,11,0,1
050479,378,372,20,111,247,20,267,0,267,4,0,0,0,0,2,0,0,3,0,9,0,0,1,66,0,0,0,0,0,0,0,0,34,1,0,0,0,0,0,69,0,0,35,0,0,39,2,0,2
050480,375,374,29,134,215,26,241,0,241,2,1,0,0,0,11,0,0,0,0,8,0,0,0,52,0,1,0,0,2,0,0,2,40,0,0,0,0,1,0,51,0,0,18,1,0,47,3,0,1
050481,807,797,30,360,419,28,447,0,447,7,0,0,1,1,14,0,1,3,0,17,0,0,0,79,0,1,0,0,4,0,0,0,69,0,3,0,0,0,2,80,0,0,17,0,1,136,9,0,2
050482,2403,2373,43,933,1441,29,1470,0,1470,15,2,2,3,1,68,0,0,17,0,106,0,2,0,425,0,4,1,0,15,0,0,2,65,1,5,0,1,0,2,266,0,1,152,0,0,295,11,2,6
050483,498,497,7,217,276,5,281,0,281,2,1,1,1,0,21,2,1,2,0,25,0,0,0,76,0,0,0,0,0,0,0,0,15,0,0,0,0,0,0,33,0,2,28,0,1,61,6,0,3
050484,528,531,27,194,307,27,334,0,334,5,0,0,0,0,11,0,0,1,0,12,0,0,0,104,0,3,0,0,1,0,0,2,39,0,3,0,0,0,1,32,0,0,10,0,1,100,5,0,4
050485,942,938,75,267,601,74,675,0,675,8,1,0,1,0,11,0,0,1,0,30,0,0,0,158,2,1,0,0,4,0,0,0,78,0,2,0,0,0,0,92,0,2,42,0,1,224,13,1,3
050486,167,169,8,42,117,8,125,0,125,0,0,1,0,0,2,0,0,0,0,4,0,0,0,23,0,0,0,0,0,0,0,2,15,0,0,0,0,0,0,14,0,0,5,0,0,55,3,0,1
050487,222,220,11,57,154,11,165,0,165,2,2,0,0,0,4,0,1,3,0,6,0,0,0,49,0,0,0,0,0,0,0,0,23,0,0,0,0,0,0,17,0,1,2,0,1,52,2,0,0
050488,69,69,0,8,61,0,61,0,61,0,0,0,1,0,0,0,0,1,0,1,1,0,0,23,0,0,0,0,1,0,0,0,8,0,0,0,0,0,0,10,0,0,1,0,0,10,0,0,4
050489,456,455,23,145,288,23,311,0,311,7,0,0,0,0,6,0,0,4,0,13,0,0,0,94,0,3,0,0,0,0,0,0,37,0,2,0,0,0,0,33,0,0,14,0,1,94,0,0,3
050490,753,746,6,323,424,6,430,0,430,4,0,1,0,0,4,1,0,2,0,20,0,0,2,109,0,2,1,0,1,0,0,1,69,0,1,0,1,0,1,53,0,1,27,0,3,114,7,2,3
050491,426,422,28,144,259,23,282,0,282,2,0,0,0,0,8,0,0,4,0,15,0,0,0,53,0,0,0,0,1,0,0,2,37,0,0,0,0,1,1,57,0,0,7,0,0,84,5,0,5
050492,84,88,8,27,49,8,57,0,57,1,0,0,0,0,3,0,0,0,0,6,0,0,8,0,0,0,0,0,0,0,0,0,10,0,0,0,0,0,0,6,0,0,0,0,1,19,3,0,0
050493,207,207,15,91,101,15,116,0,116,4,0,1,0,0,9,0,0,3,0,2,0,0,0,32,0,3,0,0,1,0,0,1,17,0,0,1,1,1,0,15,0,0,2,0,0,22,1,0,0
050494,381,382,16,137,231,13,244,0,244,4,0,0,0,0,11,0,0,1,0,14,0,0,0,37,1,0,0,0,3,0,0,1,44,0,0,0,1,0,0,49,0,0,17,0,0,59,1,0,1
050495,525,520,27,170,331,24,355,0,355,5,0,0,0,1,10,0,0,1,0,14,0,0,1,91,1,2,0,0,7,1,0,2,33,0,4,0,0,0,0,77,1,0,27,0,1,67,7,0,2
050496,297,291,14,110,174,13,187,0,187,4,0,0,0,0,4,0,0,1,0,7,1,1,0,41,0,0,0,0,0,0,0,0,33,2,0,0,0,0,0,22,0,1,7,1,0,58,3,0,1
050497,105,107,7,21,78,6,84,0,84,1,0,0,0,0,0,0,0,1,1,1,0,0,0,24,0,1,0,0,0,0,0,0,25,0,0,0,0,0,0,5,0,0,2,0,1,20,1,0,1
050498,1395,1375,89,544,784,67,851,0,851,10,0,0,2,0,14,2,0,5,0,42,1,0,0,183,0,0,0,0,9,0,0,1,102,2,11,0,0,0,0,213,1,0,72,1,3,161,11,0,5
050499,78,86,1,29,48,1,49,0,49,0,0,0,0,0,0,0,0,1,0,2,0,0,0,13,0,0,0,0,0,0,0,0,10,0,0,0,1,1,0,0,0,0,4,0,0,17,0,0,0
050500,84,82,0,37,47,0,47,0,47,0,0,0,0,0,0,0,0,0,0,1,0,0,0,10,0,0,0,0,0,0,0,0,16,0,0,0,0,0,0,8,0,0,1,0,0,11,0,0,0
050501,192,193,11,66,116,10,126,0,126,4,0,0,0,0,6,0,0,0,0,4,0,0,0,21,1,0,0,0,0,0,1,0,25,0,1,0,0,0,0,20,1,0,7,0,0,32,3,0,0
050502,732,720,53,353,326,53,379,0,379,1,2,0,0,0,10,0,0,2,0,16,0,0,0,113,0,4,0,0,2,0,0,0,58,0,1,0,0,0,1,53,0,0,13,0,1,88,8,2,4
050503,369,364,29,122,218,29,247,0,247,3,0,0,0,0,5,1,0,0,0,12,0,0,0,68,0,0,0,0,1,0,0,0,32,0,0,0,0,0,1,31,0,1,10,1,0,76,5,0,0
050504,783,776,33,251,499,33,532,0,532,7,0,0,1,0,21,0,1,10,0,15,0,1,0,160,0,1,0,0,2,0,1,1,43,2,2,0,0,1,0,116,0,1,36,0,1,98,8,1,2
050505,444,439,18,167,260,17,277,0,277,3,0,1,0,1,11,0,0,4,0,19,0,0,0,75,0,1,0,0,1,1,0,0,29,0,0,0,0,0,0,32,1,0,18,0,0,73,7,0,0
050506,423,419,27,136,260,27,287,0,287,5,0,0,0,1,11,0,0,1,1,15,0,0,0,58,0,0,0,0,0,0,0,2,47,0,1,0,0,0,1,40,0,2,20,0,1,72,3,0,6
050507,81,82,12,24,45,12,57,0,57,0,0,0,0,0,0,0,0,2,0,0,0,0,0,15,0,0,0,0,0,0,0,0,3,0,0,0,0,0,0,16,0,0,5,0,0,15,1,0,0
050508,81,32,13,49,19,13,32,0,32,0,0,0,0,0,1,0,0,0,0,1,0,0,0,5,0,0,0,0,0,0,0,0,4,0,0,0,0,0,0,8,0,0,2,0,0,11,0,0,0
051210,477,477,37,130,312,35,347,0,347,2,0,0,2,1,7,1,0,9,0,7,0,0,0,67,1,1,0,0,0,0,0,0,42,0,2,0,0,0,0,68,1,0,15,0,0,112,5,0,4
051211,75,72,15,21,39,15,54,0,54,0,0,0,0,0,0,0,0,6,0,4,0,0,0,9,0,0,0,0,0,0,0,0,8,0,0,0,0,0,0,11,0,0,3,0,0,13,0,0,0
051212,150,149,7,41,102,7,109,0,109,1,0,0,0,0,2,0,0,7,0,2,0,0,0,14,1,0,0,0,1,0,0,0,18,0,1,0,0,0,0,21,0,0,2,0,0,33,4,0,2
051213,1011,1006,17,328,669,14,683,0,683,8,0,1,0,1,20,1,0,19,0,26,0,0,0,129,1,0,0,0,5,0,0,2,65,1,4,0,0,0,1,122,0,0,23,0,2,231,15,0,6
051214,342,336,15,103,224,15,239,0,239,3,0,1,0,2,6,1,0,4,0,10,0,0,0,55,0,0,0,0,1,0,0,1,25,0,0,1,0,1,0,26,0,1,11,0,2,76,4,1,7
051215,696,690,20,286,390,20,410,0,410,10,1,0,0,0,14,0,0,9,0,10,0,0,0,94,0,2,0,0,3,0,0,2,46,1,2,0,0,0,1,47,0,0,27,0,1,128,6,2,4
051216,288,283,0,118,170,0,170,0,170,1,0,0,0,0,4,1,0,6,0,5,0,0,0,33,0,0,0,0,0,0,0,3,32,0,0,0,0,0,0,16,0,0,3,0,1,56,4,0,5
051217,336,332,21,118,198,20,218,0,218,2,0,0,0,1,3,1,0,1,0,7,0,0,0,49,0,0,0,0,6,0,0,2,56,1,0,0,0,0,0,20,0,0,7,1,0,57,3,0,1
051218,480,477,16,88,376,16,392,0,392,1,0,0,0,0,10,0,0,12,0,15,0,0,0,66,0,2,0,0,2,0,0,1,53,0,1,0,1,0,2,135,3,1,21,1,0,62,1,1,1
051219,51,57,1,13,37,1,38,0,38,0,0,0,0,0,1,0,1,0,0,1,0,0,0,8,0,2,0,0,0,0,0,0,1,0,0,0,0,0,0,13,0,0,2,0,0,9,0,0,0
051220,660,660,37,194,430,36,466,0,466,5,1,1,1,0,20,0,0,9,1,12,0,0,1,114,0,0,0,0,2,0,0,0,60,0,1,0,0,0,2,98,0,1,27,1,1,100,5,1,2
051221,228,223,12,50,166,12,178,0,178,2,0,0,1,0,6,0,0,5,0,13,0,1,0,31,0,0,0,0,2,0,0,0,28,0,1,0,0,0,1,25,0,0,19,0,0,42,1,0,0
051222,1473,1466,35,693,745,35,780,0,780,5,0,0,0,0,10,1,0,10,1,43,2,0,0,185,0,6,0,0,8,0,1,0,97,4,5,0,0,0,0,136,0,2,67,0,0,179,11,2,5
051223,462,459,2,185,275,2,277,0,277,1,0,0,1,1,5,2,0,9,0,9,0,0,1,59,0,0,0,0,3,0,0,2,20,0,1,0,0,1,0,34,1,0,17,0,0,104,5,0,1
051224,960,950,16,384,560,16,576,0,576,10,0,0,1,3,16,0,0,11,1,27,0,0,0,122,1,0,0,0,3,0,1,4,111,0,1,0,0,0,1,71,0,3,36,0,1,138,7,0,7
051225,414,411,13,155,247,12,259,0,259,4,0,0,0,0,2,1,0,5,0,13,0,0,0,57,1,1,0,0,1,0,0,2,48,0,0,0,0,1,1,35,0,0,12,0,0,65,4,0,6
051226,267,262,26,85,160,22,182,0,182,3,0,0,0,0,6,1,1,5,1,3,0,2,0,10,0,0,0,0,5,0,0,4,21,0,1,0,0,1,0,61,0,1,6,0,1,44,3,0,2
051227,357,349,16,137,205,15,220,0,220,2,1,0,0,1,9,0,0,5,0,11,0,0,1,34,0,1,0,0,0,0,0,2,47,0,0,0,1,0,1,40,0,0,3,0,0,58,3,0,0
051228,27,26,0,6,21,0,21,0,21,0,0,0,0,0,0,0,0,1,0,0,0,0,0,3,0,0,0,0,0,0,0,0,3,0,0,0,0,0,0,6,0,0,2,0,0,6,0,0,0
051229,150,149,0,62,88,0,88,0,88,2,0,0,0,0,5,0,0,3,0,3,0,1,0,23,0,0,0,0,0,0,0,1,15,0,0,0,0,0,0,10,0,0,0,1,1,21,2,0,0
051230,135,133,0,35,100,0,100,0,100,3,0,0,0,0,2,0,0,1,0,2,0,0,0,29,0,0,0,0,0,0,0,0,13,0,0,0,0,0,0,9,0,0,2,0,0,36,3,0,0
051231,282,279,27,48,209,25,234,0,234,2,0,0,0,0,18,0,0,10,0,1,0,0,0,37,1,0,0,0,4,0,0,0,47,0,0,0,0,0,0,37,0,0,3,0,0,67,7,0,0
051232,207,206,29,31,147,29,176,0,176,2,0,0,3,0,13,0,0,1,0,2,0,0,0,24,0,1,0,1,25,0,0,0,28,0,0,0,0,0,0,24,0,0,5,0,0,45,1,0,1
051233,198,201,18,52,129,17,146,0,146,1,0,0,0,0,3,1,0,0,0,7,0,0,0,27,0,0,0,0,0,0,0,0,43,1,0,0,0,0,0,17,0,0,2,0,1,42,1,0,0
051234,471,473,23,164,289,18,307,0,307,7,0,0,1,0,7,0,0,6,0,13,0,0,0,49,1,1,0,0,4,0,0,0,40,1,1,0,0,0,1,77,1,1,6,1,0,80,7,0,2
051235,237,235,8,112,117,8,125,0,125,2,0,0,0,0,2,0,0,8,0,2,0,0,0,22,0,0,0,0,0,0,0,0,28,0,0,0,0,0,0,32,0,0,11,0,0,15,1,0,2
051236,204,201,12,69,123,12,135,0,135,2,0,0,0,0,3,0,0,1,0,10,0,0,0,31,0,0,0,0,0,0,0,1,25,0,0,0,0,0,0,31,0,0,4,1,1,23,2,0,0
051237,678,674,14,279,385,14,399,0,399,8,0,2,0,0,15,0,0,6,0,16,0,0,0,83,0,0,0,1,2,0,0,0,34,2,0,0,0,0,0,76,0,1,18,0,1,128,3,0,3
051238,348,342,35,103,210,35,245,0,245,4,0,0,0,0,1,0,0,1,0,12,0,0,0,18,0,0,0,0,3,0,0,2,34,0,0,0,0,0,1,72,0,0,11,0,0,81,3,0,2
051239,147,152,22,38,89,20,109,0,109,0,3,0,0,0,2,0,0,2,0,2,0,0,0,8,0,1,0,0,0,0,0,0,19,0,0,0,0,0,1,37,0,0,4,1,0,21,7,0,1
051240,339,334,20,83,236,20,256,0,256,1,0,0,0,0,7,0,0,5,0,11,0,0,0,21,1,0,0,0,1,0,0,0,45,3,0,0,2,0,0,76,0,0,15,0,0,65,2,0,1
051241,159,158,8,45,106,8,114,0,114,1,0,0,0,0,7,0,0,2,0,12,0,0,0,12,0,0,0,0,0,0,0,0,11,0,1,0,0,0,0,32,0,0,5,0,0,28,3,0,0
051242,213,209,0,53,160,0,160,0,160,4,0,0,1,0,10,0,1,11,0,4,0,0,0,32,0,1,0,1,0,0,0,0,29,0,0,0,0,0,0,16,0,1,10,0,1,33,4,1,0
051243,159,158,0,54,105,0,105,0,105,1,0,0,1,0,4,0,0,1,0,3,0,0,0,16,0,2,0,0,2,1,0,0,19,0,0,0,1,0,0,25,0,0,3,0,0,26,0,0,0
051244,243,239,13,25,205,13,218,0,218,1,0,0,0,0,7,1,0,5,0,10,0,0,0,66,0,0,0,0,0,0,0,0,27,0,0,0,0,0,0,51,1,0,9,1,1,37,1,0,0
051245,441,432,32,142,267,32,299,0,299,1,0,0,0,0,3,0,0,1,0,12,0,0,0,71,0,0,0,0,4,0,0,0,37,0,0,0,0,1,1,107,0,0,15,0,5,39,1,0,1
051246,219,216,14,77,128,14,142,0,142,1,0,0,0,0,5,0,0,2,0,7,0,0,0,23,0,0,0,0,0,0,0,0,17,2,0,0,0,0,0,49,0,0,4,0,0,23,5,1,3
051247,450,446,41,112,298,40,338,0,338,1,0,0,4,0,12,2,1,6,0,10,0,0,0,54,0,0,0,0,6,0,0,0,60,0,0,0,1,0,0,78,0,0,14,0,0,84,3,0,2
051248,192,187,30,52,110,30,140,0,140,4,0,0,0,0,4,0,0,4,0,6,0,0,0,13,0,0,0,0,0,0,0,1,32,1,0,0,0,0,0,41,0,0,4,0,0,29,0,1,0
051249,273,271,4,95,175,3,178,0,178,1,1,0,0,0,7,0,0,6,0,4,0,0,0,29,0,0,0,0,0,0,0,0,19,0,0,0,0,0,1,50,0,0,9,0,0,50,0,0,1
051250,129,128,1,40,88,1,89,0,89,0,0,0,1,0,0,0,0,6,0,1,0,0,0,13,0,0,0,0,0,0,0,0,28,0,4,0,0,0,0,17,0,0,1,1,0,17,0,0,0
051251,81,82,1,24,56,1,57,0,57,1,0,0,0,0,0,0,0,0,0,2,0,0,0,14,0,1,0,0,0,0,0,0,12,0,0,0,0,0,0,16,0,0,0,0,0,10,1,0,0
051252,285,283,15,80,190,15,205,0,205,0,0,0,1,0,2,0,0,2,0,15,0,0,0,53,0,0,0,0,1,1,0,1,27,0,0,0,0,0,0,35,0,1,9,0,0,50,4,0,3
051253,180,177,17,71,93,16,109,0,109,1,1,0,0,1,1,0,0,3,0,4,0,0,0,11,0,1,0,0,0,0,0,0,26,0,0,0,0,0,0,24,0,0,2,0,0,33,0,0,1
051254,189,188,10,79,100,10,110,0,110,0,0,0,0,0,5,0,0,2,0,6,0,0,0,10,0,0,1,0,1,0,0,0,7,0,0,0,0,0,0,49,0,0,2,0,0,24,1,0,2
051255,444,446,7,136,301,7,308,0,308,2,0,0,0,0,14,0,0,6,0,7,0,0,0,46,0,0,0,0,8,0,0,2,37,0,0,0,0,0,0,105,0,0,34,0,0,39,2,0,6
051256,300,297,7,83,210,7,217,0,217,3,0,0,0,0,2,0,0,1,0,12,0,0,0,42,0,2,0,0,2,0,0,1,22,0,1,0,0,0,0,51,1,0,8,0,1,60,7,0,1
051257,507,505,2,148,358,1,359,0,359,7,0,0,0,0,10,1,0,7,0,18,0,0,0,73,0,0,0,2,15,0,0,0,66,0,3,0,0,0,0,58,0,2,18,0,1,75,3,0,0
051258,402,395,28,120,254,28,282,0,282,5,1,1,1,1,9,0,0,14,0,7,1,0,0,66,0,1,1,0,0,1,0,0,35,0,5,0,0,0,1,44,0,0,12,0,0,64,7,1,4
051259,366,361,28,118,222,26,248,0,248,1,0,0,0,0,8,0,0,9,0,8,0,0,0,31,0,0,0,0,2,0,0,2,28,0,0,0,1,3,0,59,0,0,7,3,2,69,12,0,3
051260,291,287,20,114,158,19,177,0,177,2,0,0,0,0,5,1,1,1,1,5,0,0,0,30,0,0,0,0,0,0,0,1,23,0,4,0,1,2,1,49,0,0,6,0,0,39,3,0,2
051261,246,243,30,70,149,27,176,0,176,9,0,0,0,0,4,0,0,0,0,6,0,0,0,15,0,0,0,0,0,0,0,0,32,0,0,0,0,0,0,41,0,0,10,0,0,59,0,0,0
051262,345,341,9,93,243,9,252,0,252,3,1,0,0,0,6,0,0,5,0,8,1,0,0,30,0,1,0,0,3,0,4,0,73,0,0,0,0,0,0,47,0,0,6,0,1,59,4,0,0
051263,354,347,15,85,256,13,269,0,269,4,0,1,0,0,6,0,1,8,1,11,0,0,0,49,1,0,0,0,1,0,0,1,54,0,0,0,0,0,1,51,0,0,10,0,0,57,8,0,4
051264,714,695,61,249,404,61,465,0,465,4,1,1,2,1,31,0,0,7,0,21,1,0,0,106,0,0,0,1,2,0,0,1,56,0,2,0,0,0,0,77,0,1,30,0,0,115,4,0,1
051265,735,714,53,228,454,53,507,0,507,3,0,2,0,1,19,0,0,1,0,21,0,1,0,121,0,0,1,1,4,1,0,0,66,2,1,0,0,0,1,101,0,0,35,0,2,115,6,1,1
051266,165,163,14,57,94,14,108,0,108,4,0,0,0,0,0,0,2,4,0,3,0,0,0,18,0,3,0,0,0,0,0,1,26,1,0,0,0,0,0,18,0,0,2,0,0,23,3,0,0
051267,393,383,16,138,242,13,255,0,255,0,0,0,0,0,4,0,0,4,0,6,0,0,0,50,0,0,0,0,4,0,0,2,36,0,0,0,0,0,0,41,0,0,10,0,0,84,13,1,0
051268,567,564,4,72,491,4,495,0,495,4,1,0,0,0,12,1,0,10,1,20,0,0,0,130,1,1,0,0,0,0,0,4,69,1,0,0,0,1,0,65,0,0,27,0,3,131,4,2,7
051269,246,237,27,54,165,27,192,0,192,5,0,0,0,0,11,0,0,7,0,19,0,0,1,25,0,1,0,0,1,0,0,1,42,0,1,0,0,0,0,30,0,0,0,0,0,40,7,1,0
051270,192,192,18,55,119,18,137,0,137,1,0,0,0,0,11,0,0,4,0,0,0,0,0,15,0,0,0,0,0,0,0,0,22,0,0,0,0,0,0,14,0,0,7,0,1,56,4,0,2
051271,405,399,13,145,248,12,260,0,260,2,0,1,0,0,5,0,0,9,1,10,0,0,0,37,1,0,0,0,1,0,0,1,53,0,0,0,2,1,0,50,0,0,16,0,2,59,7,0,2
051272,228,229,13,44,171,13,184,0,184,1,0,0,0,0,4,0,0,7,0,6,0,0,0,26,0,0,0,0,0,0,0,0,32,0,1,0,0,0,2,58,0,0,8,0,0,38,1,0,0
051273,444,440,16,95,333,16,349,0,349,3,0,1,0,0,3,1,0,6,0,17,0,0,0,70,0,0,0,0,1,0,0,2,67,0,0,0,0,0,0,76,0,0,12,0,0,79,5,0,6
051274,534,525,16,232,289,13,302,0,302,2,0,0,1,0,2,0,1,4,0,6,0,1,0,57,0,1,0,0,0,0,0,0,77,0,0,0,0,0,0,48,0,0,9,0,0,84,6,1,2
051276,1317,1306,37,457,825,35,860,0,860,5,1,2,1,3,59,1,1,7,1,43,0,0,0,216,0,1,0,0,12,0,1,2,67,2,1,0,1,0,0,176,0,0,75,0,1,164,13,0,4
051277,909,897,37,367,509,33,542,0,542,3,1,0,1,0,29,1,0,7,0,34,0,0,1,110,0,2,0,0,15,0,0,0,34,0,0,0,1,0,0,113,0,1,44,1,1,127,6,1,9
051278,462,456,28,141,293,28,321,0,321,7,0,1,0,0,9,0,0,7,0,21,0,0,0,47,0,0,1,0,12,0,0,0,55,0,0,0,0,0,1,50,1,1,17,0,2,81,8,0,0
051279,381,374,29,140,214,27,241,0,241,2,0,0,1,0,18,1,0,3,0,17,0,0,0,40,0,0,0,0,0,0,0,0,25,0,0,0,0,0,3,48,0,0,8,0,2,65,7,1,0
051280,324,320,4,119,204,1,205,0,205,3,1,0,0,0,10,0,0,5,0,8,0,0,0,48,0,0,0,0,0,0,0,2,32,0,0,0,0,0,0,47,0,0,5,0,1,41,0,1,1
051281,123,123,14,39,71,13,84,0,84,0,0,0,0,0,4,0,0,1,0,3,0,0,0,11,0,0,0,0,0,0,0,1,27,0,0,0,0,1,0,20,0,0,1,0,1,13,1,0,0
051282,918,918,5,357,556,5,561,0,561,8,1,0,0,1,23,1,0,20,0,25,0,0,1,151,0,0,0,0,1,0,0,0,57,0,2,0,0,0,2,149,0,0,21,0,0,84,4,3,7
051283,576,575,11,257,308,11,319,0,319,6,0,0,0,0,12,0,1,17,1,18,0,0,1,80,0,0,0,1,6,0,0,0,47,0,0,0,0,0,1,54,0,0,17,0,1,53,3,0,0
051284,81,19,4,62,15,4,19,0,19,0,0,0,0,0,0,0,0,0,0,2,0,0,0,2,0,0,0,0,0,0,0,0,3,0,0,0,0,0,0,6,0,0,1,0,0,4,1,0,0
051608,2001,1967,29,788,1198,15,1213,0,1213,27,4,1,1,2,59,0,0,16,0,107,0,2,0,362,1,6,0,0,9,1,0,1,53,2,3,1,0,0,0,191,0,0,136,1,1,208,11,1,6
051609,1782,1764,14,550,1220,12,1232,0,1232,16,3,1,1,0,74,0,1,13,0,95,0,0,0,352,0,4,0,0,9,0,0,3,54,0,7,0,0,0,0,230,0,0,160,1,3,188,10,1,6
051610,1533,1522,23,523,989,21,1010,0,1010,25,0,0,3,0,48,0,0,15,0,74,0,0,0,292,0,3,0,0,11,0,1,1,31,1,1,0,0,0,2,190,0,1,98,0,1,195,9,1,7
051611,1710,1696,25,599,1093,18,1111,0,1111,17,1,2,1,1,57,2,0,15,0,90,0,1,0,310,0,4,0,0,10,0,1,1,51,2,4,0,1,0,0,214,0,0,143,2,0,167,7,0,7
051612,1896,1865,29,658,1216,22,1238,0,1238,20,0,2,2,1,68,0,0,16,1,82,1,1,0,355,1,2,1,0,9,0,2,1,53,0,4,0,0,0,0,214,0,0,183,1,0,196,12,2,8
051613,666,666,4,272,391,3,394,0,394,10,0,0,1,0,14,0,0,10,0,13,1,1,0,99,0,0,0,0,5,0,0,3,36,1,1,0,0,0,1,71,1,0,18,0,1,96,5,1,5
051614,1601,1589,25,601,978,22,1000,0,1000,12,2,2,2,1,36,1,0,15,2,59,0,2,0,303,1,1,0,0,7,0,0,2,43,1,3,0,0,0,1,173,1,1,101,0,1,207,11,1,8
051615,1482,1461,16,547,921,14,935,0,935,16,2,1,3,0,52,1,0,14,1,66,0,1,0,257,1,3,0,0,4,0,0,1,38,0,5,0,0,1,1,160,0,3,100,1,0,169,14,5,15
051616,1110,1096,17,437,658,15,673,0,673,6,1,0,1,0,26,1,0,10,0,37,0,0,0,225,0,2,0,0,12,0,0,0,32,1,1,0,0,0,0,103,0,0,57,0,0,145,5,1,7
051617,1080,1060,13,436,632,12,644,0,644,11,1,1,1,3,33,1,0,7,0,53,1,0,0,188,0,2,0,0,4,0,0,0,28,0,1,0,0,0,1,105,0,0,41,0,0,142,6,3,11
051618,909,908,9,350,553,6,559,0,559,7,0,0,0,0,18,0,0,9,0,31,1,0,0,168,2,5,0,0,9,0,0,0,35,0,1,0,0,0,1,70,0,0,38,0,1,146,7,3,7
051619,636,632,4,217,416,3,419,0,419,5,0,0,0,0,15,0,1,8,0,19,0,0,1,130,0,0,0,0,3,0,0,0,15,0,1,0,0,0,1,69,0,0,51,0,1,90,5,0,4
051620,2205,2181,7,755,1445,5,1450,0,1450,26,3,5,0,0,43,2,0,31,0,113,1,1,2,453,0,1,0,0,18,0,0,0,78,1,5,1,1,0,3,243,0,0,128,0,0,263,13,0,15
051621,1581,1559,9,625,947,9,956,0,956,17,4,3,3,1,24,1,0,13,0,78,0,0,1,281,1,3,0,0,10,0,1,0,38,0,1,0,1,0,3,156,0,1,91,0,0,213,0,0,11
051622,141,9,1,133,7,1,8,0,8,0,0,0,0,0,1,0,0,0,0,0,0,0,0,3,0,1,0,0,0,0,0,0,1,0,0,0,0,0,0,1,0,0,0,0,0,1,0,0,0
051623,291,32,29,260,3,28,31,0,31,0,0,0,0,1,2,0,0,0,0,1,0,0,0,4,0,0,0,0,0,0,0,0,6,0,0,0,0,0,0,6,0,0,0,0,0,10,1,0,0
051656,2277,2249,19,926,1334,17,1351,0,1351,16,1,1,1,0,63,1,1,38,0,83,0,1,0,337,0,4,0,0,12,1,2,0,74,0,1,1,0,0,1,254,1,0,135,0,1,301,10,1,9
051657,1974,1970,8,693,1274,7,1281,0,1281,23,2,1,4,0,42,1,0,22,1,75,0,3,0,296,0,1,0,0,17,0,1,0,63,2,4,0,0,0,1,312,1,2,131,0,1,247,17,2,9
051658,1824,1795,28,648,1154,22,1176,0,1176,18,3,2,3,0,47,0,0,25,1,83,0,1,2,271,0,5,0,0,19,0,0,2,59,1,4,1,0,0,2,272,1,3,118,0,0,209,13,3,8
051659,2004,1994,29,711,1269,24,1293,0,1293,12,1,0,1,0,48,3,0,29,0,78,0,0,0,326,0,3,0,0,16,0,1,3,57,2,4,0,0,0,1,280,1,1,151,0,2,254,10,2,7
051660,1935,1919,28,658,1257,20,1277,0,1277,19,2,2,1,1,38,0,0,24,1,80,0,0,2,296,1,2,0,0,20,0,1,0,60,1,4,0,0,0,0,242,0,2,158,1,2,298,13,2,4
051661,1974,2016,25,584,1370,20,1390,0,1390,20,1,0,4,0,52,0,0,24,1,112,1,0,0,338,1,1,0,1,16,1,1,2,87,1,5,1,1,0,0,310,0,2,136,3,2,245,13,1,7
051662,1911,1893,14,650,1247,14,1261,0,1261,11,0,1,1,1,77,2,0,21,1,104,0,1,1,313,1,2,0,0,15,0,0,1,62,1,5,1,0,0,0,237,0,1,131,1,0,248,14,2,5
051663,1707,1683,17,613,1078,16,1094,0,1094,20,0,0,1,0,39,6,0,31,0,70,0,0,0,292,0,5,0,0,16,1,0,1,48,1,6,0,0,0,0,233,0,0,107,0,0,198,13,0,6
051664,2022,2044,30,607,1389,26,1415,0,1415,11,2,3,5,1,69,0,0,22,1,107,0,0,1,354,2,2,0,0,26,0,1,0,57,1,6,0,1,0,3,323,0,1,145,1,1,253,11,0,5
051665,1452,1427,22,502,929,21,950,0,950,12,1,4,0,0,39,2,0,25,1,62,1,0,1,212,0,1,0,0,9,0,0,0,39,0,3,0,0,0,2,197,0,2,112,1,0,212,5,0,7
051666,300,357,1,26,273,1,274,0,274,0,0,1,0,0,19,0,0,3,0,20,0,0,0,70,0,0,0,0,5,0,0,1,8,0,0,0,0,0,0,69,0,0,20,0,0,54,2,0,2
051667,240,51,0,194,46,0,46,0,46,0,0,0,0,0,1,0,0,1,0,4,0,0,0,15,0,1,0,0,1,0,0,0,2,0,1,0,0,0,0,7,0,0,2,0,0,9,0,0,2
051668,246,69,26,198,23,25,48,0,48,0,0,0,0,0,1,0,0,0,0,2,0,0,0,12,0,0,0,0,0,0,0,0,4,0,0,0,0,0,0,8,0,0,2,0,0,19,0,0,0,01,04,2019,00,20
