480028,1968,1959,27,878,1067,23,1090,0,1090,7,1,3,0,1,117,0,0,36,0,50,0,0,1,422,1,3,0,1,7,0,0,0,37,0,1,0,0,0,2,127,0,0,53,0,2,199,10,1,8
480029,1752,1729,15,728,1010,14,1024,0,1024,12,0,0,0,0,112,0,0,37,0,41,1,0,0,419,3,2,0,0,2,1,0,0,49,0,2,0,0,0,0,64,0,0,72,1,1,188,9,1,7
480030,2082,2035,14,946,1124,12,1136,0,1136,12,1,0,1,3,98,4,0,32,0,39,0,0,0,498,0,2,1,1,6,0,0,1,57,3,2,0,0,0,0,101,0,0,59,0,0,187,10,3,15
480031,1479,1463,16,686,782,11,793,0,793,9,0,0,1,1,90,0,0,27,1,48,0,0,0,366,0,0,0,1,1,0,0,0,41,1,1,1,0,0,0,55,0,0,19,0,0,116,10,1,3
480032,1464,1452,21,596,850,18,868,0,868,12,2,0,1,1,76,0,1,25,0,31,0,0,0,334,0,0,0,2,4,0,0,1,58,0,0,0,0,0,2,88,0,1,49,0,0,169,4,0,7
480033,1737,1703,12,706,1020,11,1031,0,1031,11,0,2,1,0,128,1,1,39,0,50,1,1,1,368,0,1,1,0,8,1,0,0,42,1,0,0,0,0,1,132,0,0,49,0,0,173,10,1,7
480034,117,116,4,58,55,4,59,0,59,0,0,0,0,0,6,0,0,2,0,0,1,0,0,16,0,1,0,0,0,0,0,2,7,0,0,0,0,0,0,5,0,0,4,0,0,14,1,0,0
480035,96,95,0,37,59,0,59,0,59,0,0,0,0,0,4,0,0,4,0,0,0,0,0,16,0,1,0,0,0,0,0,1,6,0,0,0,0,0,0,9,0,0,10,0,1,7,0,0,0
480036,117,116,0,45,72,0,72,0,72,2,0,0,0,2,18,0,1,3,0,4,0,0,1,5,0,0,0,0,0,0,0,0,6,0,0,0,0,0,0,9,0,0,0,0,0,20,0,0,1
480037,1095,1092,14,560,526,9,535,0,535,4,1,0,1,2,77,0,0,25,1,12,0,0,1,240,0,0,1,0,2,2,0,0,46,0,0,1,1,1,0,34,0,1,17,0,0,55,5,1,4
480038,1008,992,16,444,548,16,564,0,564,4,0,2,0,0,71,0,0,17,0,13,0,0,0,300,2,1,1,0,0,1,0,2,58,0,0,0,0,1,0,22,0,0,4,1,0,60,2,1,1
480039,771,765,31,372,368,31,399,0,399,5,1,0,1,1,91,2,0,12,0,9,0,0,0,145,0,1,0,0,0,2,0,2,53,0,0,0,0,1,0,22,0,0,10,0,0,39,1,0,1
480040,306,294,5,144,157,5,162,0,162,3,0,0,0,0,13,0,0,5,0,3,0,0,1,59,1,0,0,0,1,0,0,0,30,0,0,0,0,0,1,15,0,0,2,0,0,25,2,1,0
480041,234,233,4,105,127,2,129,0,129,0,0,0,0,0,17,0,0,5,0,0,0,0,0,53,0,0,0,0,0,0,0,1,25,0,0,0,0,0,0,8,0,0,0,0,0,18,2,0,0
480042,201,199,1,78,122,1,123,0,123,2,0,0,0,0,13,0,0,1,0,2,0,0,0,54,0,0,0,0,0,1,0,0,11,0,0,0,0,0,0,5,0,0,1,0,0,30,3,0,0
480043,1476,1446,33,682,762,32,794,0,794,12,2,0,2,0,132,1,0,24,0,24,0,0,0,366,2,2,1,2,3,0,0,1,58,0,0,0,0,0,1,41,0,0,16,0,0,96,4,0,4
480044,354,343,3,166,187,1,188,0,188,2,0,0,0,0,36,0,0,2,0,8,0,0,0,63,0,0,0,0,0,1,0,0,23,0,0,0,0,0,0,21,0,0,9,1,0,21,1,0,0
480045,216,215,2,120,95,1,96,0,96,2,0,0,0,0,19,0,0,4,0,2,0,0,0,14,0,0,0,0,0,0,0,0,21,0,0,0,0,0,0,11,0,0,2,0,0,20,0,0,1
480046,660,651,21,333,308,19,327,0,327,4,1,0,0,0,130,1,0,3,0,3,0,1,1,102,0,1,0,0,0,0,0,2,17,0,0,0,0,0,1,22,0,0,7,0,0,22,7,0,2
480047,198,197,18,70,110,18,128,0,128,1,1,0,0,0,22,0,0,0,0,3,0,0,0,47,0,0,0,0,1,0,1,0,11,0,0,0,0,0,0,16,0,0,0,0,1,22,2,0,0
480048,555,545,36,280,241,34,275,0,275,1,0,2,0,0,33,0,0,12,0,4,0,0,0,98,0,0,0,0,4,1,0,0,41,0,0,0,0,0,1,34,0,0,3,0,0,35,5,0,1
480050,1260,1241,138,555,612,93,705,0,705,21,0,0,0,3,108,2,0,24,0,26,1,1,3,292,2,2,0,0,4,0,2,0,83,1,1,0,0,0,1,44,0,0,15,0,2,64,1,2,0
480051,297,295,12,112,174,11,185,0,185,1,2,0,0,0,30,0,0,2,0,2,0,0,0,87,0,1,0,0,0,1,0,0,24,0,0,0,0,0,0,6,0,0,0,0,1,24,4,0,0
480052,774,768,8,382,384,8,392,0,392,7,0,0,0,1,87,0,0,13,0,8,0,1,0,162,0,0,0,0,1,2,0,0,49,0,0,0,1,0,0,24,0,0,2,0,2,31,1,0,0
480053,1065,1055,40,576,476,13,489,0,489,9,0,0,1,0,99,0,0,17,0,14,0,0,0,211,0,2,0,0,1,0,2,0,35,0,0,0,0,0,0,37,0,0,5,0,0,49,3,1,3
480054,471,468,25,210,238,23,261,0,261,3,0,0,0,0,63,0,0,4,0,3,0,0,0,69,0,0,0,0,0,0,0,0,38,0,0,0,1,0,0,30,0,1,3,0,0,43,3,0,0
480055,615,577,26,300,292,23,315,0,315,6,0,1,0,0,49,1,0,8,1,4,0,0,0,171,0,0,0,0,1,0,0,0,25,1,0,0,0,0,1,20,0,0,7,0,0,15,3,1,0
480056,540,533,7,256,277,7,284,0,284,2,1,0,1,0,28,0,0,8,0,1,0,1,0,68,0,0,0,0,1,0,0,0,46,1,0,0,0,0,1,56,0,0,4,0,0,57,1,1,6
480058,372,365,6,171,196,5,201,0,201,0,0,0,0,2,33,0,0,7,0,2,0,0,0,59,0,0,1,0,0,0,0,0,35,1,1,0,0,0,0,20,0,0,5,0,0,31,4,0,0
480060,678,678,21,269,390,19,409,0,409,3,1,0,0,0,59,0,0,5,0,12,0,0,0,115,0,2,0,0,1,0,0,1,45,0,0,0,0,0,0,29,1,0,6,0,2,122,4,0,1
480061,240,236,9,93,138,9,147,0,147,5,0,0,1,0,21,0,1,3,0,0,0,0,0,42,0,0,0,0,0,0,0,0,21,0,0,0,0,0,0,3,0,0,1,0,1,43,4,0,1
480062,576,566,29,248,299,29,328,0,328,1,0,0,0,0,51,0,1,7,1,2,0,0,0,89,1,0,0,0,0,0,0,1,68,0,0,0,0,0,0,37,0,1,4,0,0,52,6,2,4
480063,255,250,9,88,158,9,167,0,167,0,0,0,2,0,12,0,0,2,0,3,0,0,0,60,0,0,0,0,0,1,0,0,25,0,0,0,0,0,0,14,0,1,7,0,1,37,2,0,0
480064,1518,1511,73,530,915,73,988,0,988,15,2,3,2,0,291,1,0,43,0,15,0,0,0,342,0,2,0,0,2,2,0,0,112,1,0,0,0,0,1,52,1,0,13,0,4,76,3,1,4
480065,111,109,2,40,70,1,71,0,71,0,0,0,0,0,8,0,0,4,0,1,0,0,0,33,0,0,0,0,0,0,0,0,11,0,0,0,0,0,0,5,0,0,1,0,0,7,1,0,0
480066,681,674,50,346,286,49,335,0,335,7,1,0,2,2,43,2,0,11,1,8,0,0,1,150,0,0,1,0,0,0,0,0,30,0,0,0,0,0,0,24,0,0,4,0,0,42,4,0,2
480067,657,646,7,331,321,5,326,0,326,6,0,0,0,0,42,0,1,8,0,4,0,1,2,119,0,0,0,0,0,0,0,0,36,1,0,0,0,0,0,44,0,1,5,0,1,50,1,0,4
480068,813,796,8,438,369,6,375,0,375,3,0,2,0,1,70,0,1,10,0,8,1,1,0,136,0,2,0,0,0,1,0,1,47,0,0,0,0,1,0,22,0,0,14,0,0,46,5,0,3
480069,192,52,10,161,21,10,31,0,31,0,0,0,0,0,1,0,0,0,0,4,0,0,0,6,0,0,0,0,0,0,0,1,2,0,0,0,0,0,0,4,0,0,1,0,0,11,1,0,0
480097,1350,1337,33,588,737,25,762,0,762,3,4,1,2,0,128,2,0,26,0,28,0,0,1,308,0,0,0,1,0,0,0,0,62,2,1,1,0,0,0,63,0,1,49,0,0,69,5,1,4
480098,1335,1321,35,533,770,32,802,0,802,8,0,0,4,0,138,1,0,25,0,22,0,0,1,305,2,1,0,0,3,0,0,0,41,0,1,0,0,0,1,99,0,1,46,0,0,94,1,1,7
480099,792,779,13,337,446,9,455,0,455,5,0,0,0,0,64,0,0,9,0,5,0,0,0,190,1,0,0,0,1,0,0,0,45,0,0,0,0,0,0,46,0,0,22,1,0,59,5,0,2
480100,543,537,4,232,309,2,311,0,311,3,0,1,1,0,43,0,0,1,0,16,0,0,1,116,0,0,0,1,2,0,0,0,29,0,0,0,0,0,0,37,1,0,16,0,0,38,3,0,2
480101,741,733,19,309,417,15,432,0,432,5,0,0,0,2,46,0,0,19,0,10,0,0,0,178,1,1,0,0,1,1,0,1,40,0,1,0,0,0,0,37,0,0,19,0,1,62,1,2,4
480102,903,896,12,359,536,8,544,0,544,7,0,1,0,0,70,0,1,18,0,7,0,0,0,225,0,1,0,1,2,1,0,1,52,1,0,0,0,0,0,59,0,0,11,0,0,75,8,1,2
480103,120,119,1,43,76,1,77,0,77,0,0,0,0,0,22,0,0,5,0,0,0,0,0,15,0,0,0,0,0,0,0,0,12,0,0,0,0,0,0,6,0,0,2,0,0,15,0,0,0
480104,234,227,12,98,127,9,136,0,136,3,0,0,0,0,19,0,0,11,0,7,0,0,0,39,0,1,0,0,0,0,0,0,25,2,0,0,0,0,0,9,0,0,0,0,0,20,0,0,0
480105,705,699,6,371,328,6,334,0,334,4,0,0,0,0,43,0,0,6,0,6,0,0,0,116,0,0,0,0,0,0,0,2,59,0,1,0,0,0,0,29,0,0,13,0,0,51,2,0,2
480106,819,806,17,403,401,15,416,0,416,5,0,0,1,0,68,2,0,8,0,16,0,0,0,128,0,3,1,0,0,0,0,0,53,0,1,0,0,0,0,29,0,0,30,0,0,66,2,0,3
480107,285,277,2,101,182,2,184,0,184,1,0,0,1,0,30,0,0,14,0,1,0,0,0,70,0,0,0,0,0,0,0,1,14,0,1,0,0,0,0,16,0,1,2,0,2,29,1,0,0
480108,651,645,29,252,381,18,399,0,399,5,0,1,0,2,69,0,0,10,0,12,0,1,0,134,0,0,0,0,0,0,0,1,44,0,0,0,0,0,0,17,0,0,31,0,1,69,0,0,2
480109,783,772,43,300,444,39,483,0,483,10,0,0,1,0,62,2,0,12,0,4,0,0,0,240,0,6,0,0,2,3,0,0,58,0,0,0,0,0,0,25,0,1,19,0,1,33,4,0,0
480110,195,193,11,81,103,11,114,0,114,0,0,0,0,0,9,0,0,5,0,0,0,0,0,46,0,0,0,0,0,0,0,0,21,0,0,0,0,2,0,9,0,0,5,0,1,15,1,0,0
480111,129,127,3,28,98,3,101,0,101,0,0,0,1,0,7,0,0,5,0,2,0,0,0,29,0,0,0,0,0,0,0,0,14,1,0,0,0,0,0,17,0,0,0,0,2,21,2,0,0
480112,138,136,2,67,69,2,71,0,71,1,0,0,0,0,10,0,0,5,1,0,1,0,0,31,0,0,0,0,0,1,0,0,6,0,1,0,0,1,0,8,1,0,0,1,0,3,0,0,0
480113,306,304,6,137,164,5,169,0,169,0,0,1,0,0,39,2,0,2,0,3,0,0,0,64,0,2,0,0,0,0,0,0,12,0,0,0,0,0,2,23,0,0,3,0,1,14,0,0,1
480114,81,80,1,33,47,1,48,0,48,0,0,0,0,0,12,0,0,2,0,0,0,0,0,12,0,0,0,0,0,0,0,1,3,0,0,0,0,0,0,6,0,0,0,0,0,12,0,0,0
480115,69,70,1,24,44,1,45,0,45,0,0,0,0,0,8,0,0,4,0,2,0,0,0,9,0,0,0,0,0,0,0,0,8,0,0,0,0,0,0,3,0,0,0,1,1,8,1,0,0
480116,672,663,41,340,302,30,332,0,332,3,0,0,0,0,142,1,0,9,0,0,0,0,0,107,1,0,0,0,0,0,0,0,26,0,3,0,0,1,0,15,0,0,2,0,1,19,0,2,0
480117,552,546,32,231,298,23,321,0,321,1,0,0,0,0,33,3,0,2,0,12,0,1,0,127,1,0,0,0,0,0,0,0,51,1,0,0,0,0,1,36,0,0,13,0,0,32,5,0,2
480118,84,83,8,21,55,8,63,0,63,1,1,0,0,0,12,0,0,1,0,0,0,0,0,28,0,0,0,0,0,0,0,0,6,0,0,0,0,0,0,5,0,0,3,0,0,5,1,0,0
480119,291,288,22,135,135,21,156,0,156,0,0,0,0,0,17,0,0,4,0,7,1,1,0,42,1,0,0,0,0,0,0,1,31,0,0,0,0,0,1,10,0,0,0,0,0,36,4,0,0
480120,537,531,14,238,293,6,299,0,299,6,0,0,0,1,62,0,1,17,0,9,0,0,0,116,0,0,0,0,0,0,0,1,28,0,0,0,0,0,1,33,0,0,2,0,1,16,1,1,3
480121,291,284,10,130,151,10,161,0,161,0,0,0,0,0,47,0,0,15,0,0,0,0,0,59,0,0,0,0,0,0,0,1,13,0,2,0,0,0,0,10,0,0,2,0,2,9,1,0,0
480122,225,221,11,89,127,9,136,0,136,0,0,0,0,0,14,1,0,6,0,0,0,0,1,59,0,1,0,0,0,0,0,0,17,0,0,0,0,0,0,13,0,0,4,0,0,20,0,0,0
480123,192,193,5,57,130,5,135,0,135,0,0,0,0,0,28,0,0,5,0,8,0,0,0,44,0,0,0,0,0,0,0,1,23,0,0,0,0,0,0,10,2,0,0,1,1,12,0,0,0
480124,363,363,11,111,242,10,252,0,252,1,0,0,1,0,44,1,0,2,0,0,0,0,1,81,0,0,0,0,1,0,0,1,34,1,0,0,0,0,0,34,1,0,5,0,0,41,2,1,0
480125,654,643,8,253,393,8,401,0,401,2,1,1,0,1,77,0,1,12,0,9,0,0,0,170,0,0,0,1,2,0,0,0,45,1,0,0,0,0,0,32,0,3,4,0,0,34,2,0,3
480126,153,149,3,33,117,3,120,0,120,1,0,0,0,0,6,0,0,16,0,0,0,0,0,29,0,0,0,0,0,0,0,0,15,0,1,0,0,0,1,10,0,0,3,0,0,38,0,0,0
480127,471,464,8,170,294,7,301,0,301,5,0,0,0,0,51,1,0,9,0,13,0,1,0,92,0,0,0,0,0,2,0,1,66,1,1,0,0,1,0,20,0,0,4,0,2,29,2,0,0
480128,210,207,7,97,106,7,113,0,113,5,0,0,0,0,15,0,0,3,0,4,0,0,0,42,0,0,1,0,0,0,0,0,14,0,0,0,0,0,0,4,0,0,2,0,1,22,0,0,0
480129,141,26,10,119,12,10,22,0,22,0,0,0,0,0,4,0,0,1,0,0,0,0,0,0,0,0,0,0,0,0,0,0,2,0,0,0,0,0,0,4,0,0,0,0,0,11,0,0,0
480349,1899,1878,66,643,1195,61,1256,0,1255,10,2,4,1,0,245,6,1,61,2,33,0,0,0,631,1,0,0,0,6,0,0,1,39,1,1,0,0,0,1,88,0,1,38,0,2,67,2,2,9
480350,1428,1409,64,569,799,60,859,0,859,5,1,0,2,0,165,1,0,56,0,15,0,2,2,393,0,1,0,0,1,2,0,0,68,1,2,1,0,0,1,55,0,0,28,0,1,51,4,0,1
480351,1512,1502,27,554,932,26,958,0,958,10,0,0,4,0,190,1,1,67,0,11,0,1,1,509,0,0,0,2,3,1,0,0,43,1,0,0,1,0,2,51,0,0,19,0,0,37,1,1,1
480352,993,996,18,358,620,15,635,0,635,3,0,0,0,1,109,0,0,31,0,6,0,0,1,359,0,0,0,0,4,0,0,0,24,0,0,0,3,0,0,49,0,0,21,2,0,17,3,0,2
480353,531,524,22,210,301,20,321,0,321,1,1,0,1,0,41,0,0,20,0,2,0,0,0,174,0,2,0,0,0,2,0,1,27,0,0,0,0,0,1,19,0,0,3,0,0,22,2,0,2
480354,315,315,15,116,186,13,199,0,199,1,0,2,0,1,35,1,0,12,1,1,0,0,0,52,0,0,0,0,2,1,0,2,46,0,0,0,0,0,0,10,0,0,1,0,1,27,3,0,0
480355,366,366,21,143,205,18,223,0,223,2,0,0,0,0,42,1,0,15,1,7,0,0,0,80,0,1,0,0,1,0,0,0,36,0,0,0,0,0,0,11,0,0,2,0,3,21,0,0,0
480356,948,938,33,466,449,33,482,0,482,7,2,0,0,2,182,0,0,60,0,4,0,0,0,134,0,0,0,0,0,0,0,1,38,2,0,0,0,0,0,19,0,0,2,0,1,25,3,0,0
480357,852,840,29,373,451,28,479,0,479,3,0,0,0,3,150,3,2,38,0,6,0,0,1,177,0,0,0,0,0,0,0,1,32,0,0,0,0,0,0,23,0,0,12,0,1,25,0,0,2
480358,276,276,25,84,168,24,192,0,192,5,0,0,0,0,36,0,1,3,0,6,0,0,0,86,0,0,1,0,1,0,0,0,31,0,0,0,0,0,0,7,0,0,1,0,0,14,0,0,0
480359,342,345,15,142,185,15,200,0,200,3,0,0,0,0,32,0,0,13,0,3,0,0,0,64,0,0,0,0,1,0,0,2,31,0,0,0,0,0,1,22,0,0,0,0,0,27,0,0,1
480360,474,469,42,169,266,39,305,0,305,0,0,0,0,0,31,0,0,24,0,8,1,0,0,133,0,0,0,0,4,0,0,0,46,1,0,0,0,0,0,19,0,0,5,0,1,28,4,0,0
480361,285,289,12,122,153,10,163,0,163,0,0,0,0,0,22,0,1,16,0,3,0,0,0,41,0,0,0,0,0,1,0,2,28,0,1,0,0,0,0,18,0,0,5,1,1,22,1,0,0
480362,690,682,69,278,353,59,412,0,412,3,4,0,1,0,52,0,0,22,0,16,0,0,0,206,0,0,0,0,1,1,0,0,64,0,0,0,0,0,1,15,0,0,5,1,1,18,0,0,1
480363,552,543,20,219,314,19,333,0,333,4,0,0,0,1,64,1,0,26,0,3,1,0,0,121,1,0,0,0,0,0,0,0,49,0,0,0,0,0,0,24,0,0,2,1,1,32,1,1,0
480364,423,417,22,148,255,20,275,0,275,3,0,0,0,1,50,1,0,31,0,4,0,0,0,115,0,0,0,0,0,0,0,0,26,0,0,0,0,0,0,19,0,0,1,0,1,22,1,0,0
480365,180,174,4,89,88,3,91,0,91,2,0,0,0,0,11,0,0,2,0,0,0,0,0,25,0,0,0,0,0,0,0,0,12,0,0,0,0,0,0,20,0,0,1,0,0,16,2,0,0
480366,522,514,17,199,309,14,323,0,323,4,0,0,0,1,101,0,0,25,0,1,0,0,0,104,0,0,0,0,1,1,0,0,10,0,0,0,0,0,0,20,0,0,5,0,3,47,0,0,0
480367,429,423,15,189,225,15,240,0,240,4,0,1,0,0,42,0,0,12,0,5,0,0,2,92,1,0,0,0,0,0,0,0,28,0,0,0,0,0,1,26,0,0,6,0,0,14,3,2,1
480368,471,469,19,192,264,15,279,0,279,6,0,2,0,1,39,0,0,8,0,5,0,0,0,110,0,1,0,0,3,0,0,0,45,0,0,0,0,0,0,22,0,0,3,0,0,31,1,1,1
480369,246,241,12,74,162,10,172,0,172,4,0,0,0,0,52,0,0,9,0,0,0,0,0,59,0,0,0,0,0,0,0,0,19,0,0,0,0,0,0,8,0,0,2,0,4,14,1,0,0
480370,126,124,13,43,70,13,83,0,83,0,0,0,0,0,32,0,1,7,0,0,0,0,0,22,0,0,0,0,0,0,0,0,6,0,0,0,0,0,0,8,0,0,0,0,0,7,0,0,0
480371,183,179,5,79,100,4,104,0,104,0,0,0,0,0,13,0,0,6,0,0,0,0,0,41,0,0,0,0,0,0,0,0,18,0,0,0,0,0,0,17,0,0,2,0,0,5,2,0,0
480372,123,122,3,44,76,3,79,0,79,0,0,0,0,0,11,0,0,13,0,3,0,0,0,24,0,0,0,0,0,0,0,0,7,0,0,0,1,0,2,9,0,0,3,0,0,6,0,0,0
480373,756,755,48,243,470,43,513,0,513,2,1,0,0,0,183,1,0,62,0,4,0,0,0,173,0,0,0,0,1,1,0,2,36,3,0,0,1,0,0,19,0,0,4,0,1,17,0,1,1
480374,249,243,4,101,145,3,148,0,148,0,1,0,0,0,11,0,0,10,0,2,0,0,0,59,0,0,0,0,0,0,0,0,24,0,0,0,0,0,2,16,0,0,1,1,0,17,0,1,3
480375,105,19,5,87,13,5,18,0,18,0,0,0,0,0,5,0,0,0,0,0,0,0,0,6,0,0,0,0,0,0,0,0,1,0,0,0,0,0,0,2,0,0,0,0,0,4,0,0,0
480376,555,466,0,89,466,0,466,0,466,25,0,1,1,0,11,1,1,1,0,0,0,0,0,163,0,0,1,1,3,0,0,1,3,0,1,0,1,0,0,13,0,0,0,0,0,205,30,1,2
480455,549,545,33,238,288,23,311,0,311,3,0,0,1,1,64,3,0,7,0,3,0,0,0,136,0,0,0,0,1,0,0,0,37,1,1,0,0,0,0,11,0,2,7,0,2,28,2,1,0
480456,492,485,19,228,248,16,264,0,264,3,0,0,0,0,45,0,0,7,0,0,0,0,0,140,0,0,0,0,3,0,0,2,24,0,0,0,0,0,0,7,0,0,6,0,0,23,3,0,1
480457,531,529,9,235,288,8,296,0,296,3,0,1,0,3,33,0,0,15,0,4,1,0,0,132,0,0,0,0,3,0,0,0,37,1,0,0,0,0,0,22,0,0,8,0,0,31,2,0,0
480458,1191,1179,10,523,660,8,668,0,668,8,1,1,1,2,101,0,0,19,1,10,0,1,2,328,0,0,0,0,2,0,0,0,61,1,0,0,0,0,0,34,0,0,7,0,0,81,3,0,4
480459,1815,1776,33,775,1018,22,1040,0,1040,8,2,2,1,3,143,2,0,41,1,26,0,1,1,474,1,2,0,0,12,0,0,1,63,2,3,1,0,0,0,81,0,2,44,0,0,112,4,1,6
480460,1158,1153,25,446,693,19,712,0,712,5,0,2,1,2,86,3,0,24,0,31,0,0,2,345,0,1,0,1,3,0,0,1,33,0,3,1,0,0,0,52,0,1,34,0,0,73,3,1,4
480461,720,708,8,275,438,7,445,0,445,2,0,0,1,0,52,1,0,9,0,7,0,0,0,216,0,0,0,0,1,0,0,0,17,0,3,0,0,0,0,38,0,0,19,0,0,74,2,2,1
480462,750,736,7,330,414,6,420,0,420,5,0,1,0,0,46,0,0,8,0,8,0,1,0,204,0,0,0,0,3,1,0,0,21,0,1,0,0,0,0,38,0,2,13,0,1,58,6,0,3
480463,756,759,6,292,460,4,464,0,464,2,0,1,1,0,47,1,0,14,0,7,0,0,0,221,1,0,0,0,1,0,0,1,42,0,1,0,1,0,1,52,0,0,18,0,0,43,5,1,3
480464,627,623,5,297,327,3,330,0,330,1,0,0,2,1,35,0,0,12,0,6,0,0,0,172,0,0,0,0,1,0,0,0,39,1,1,0,0,0,0,17,0,0,5,1,2,30,2,1,1
480465,849,836,8,368,475,6,481,0,481,3,2,0,0,0,60,0,0,4,0,17,0,0,0,233,0,0,0,0,2,0,0,0,62,0,0,0,1,0,0,21,0,0,19,0,0,49,5,1,2
480466,1134,1123,18,456,663,15,678,0,678,3,0,0,2,1,68,0,0,25,0,14,1,0,0,322,1,1,0,0,1,0,0,0,56,3,1,0,0,0,1,61,0,0,15,0,0,98,2,0,2
480467,1404,1389,8,536,862,6,868,0,868,7,0,0,1,0,132,1,0,30,0,22,0,0,1,386,0,0,0,0,3,1,1,0,73,0,1,0,1,0,0,58,0,0,23,1,0,114,8,1,3
480468,639,624,9,279,351,9,360,0,360,3,1,0,0,2,57,1,0,17,0,11,0,0,1,169,1,0,0,0,2,1,0,0,26,0,0,0,0,0,0,19,0,1,3,0,0,42,2,0,1
480469,108,108,4,32,72,4,76,0,76,0,0,0,0,0,9,0,0,5,0,1,0,0,0,22,0,0,0,0,0,0,0,0,19,0,0,0,0,0,0,4,0,0,1,0,0,13,1,1,0
480470,174,177,0,73,101,0,101,0,101,0,0,0,0,0,21,0,0,6,0,1,0,1,0,42,0,0,1,0,0,0,0,0,15,1,0,0,0,0,0,4,0,0,2,0,1,3,1,0,2
480471,258,267,13,87,158,13,171,0,171,1,0,0,0,0,32,0,0,6,0,1,0,0,2,80,0,0,1,0,0,1,0,1,22,0,0,0,0,0,0,5,0,0,0,0,2,15,2,0,0
480472,726,719,82,313,348,65,413,0,413,61,9,1,3,1,46,2,2,16,1,9,1,1,2,92,0,1,2,2,0,1,0,3,44,2,0,0,4,2,2,30,2,1,13,3,1,39,7,3,4
480473,111,113,5,51,58,2,60,0,60,0,0,1,0,0,6,0,0,1,0,0,0,0,0,15,0,0,0,0,1,1,0,0,10,0,0,0,0,0,0,11,1,0,0,0,0,12,0,0,1
480474,282,275,5,123,156,3,159,0,159,2,0,0,0,1,21,0,0,3,0,6,0,0,0,52,0,0,0,0,0,0,0,0,21,0,0,0,0,0,0,21,0,0,14,0,0,16,1,0,1
480475,339,339,9,140,190,9,199,0,199,2,0,0,0,0,20,2,0,3,0,9,0,0,0,77,0,0,0,0,0,0,0,1,25,0,1,0,0,0,0,31,1,0,0,0,1,24,2,0,0
480476,546,542,28,200,319,27,346,0,346,3,2,0,0,0,57,2,0,7,0,5,0,1,0,146,0,1,0,0,0,1,0,0,53,0,3,0,0,0,0,41,0,0,4,1,0,17,1,1,0
480477,543,540,15,205,325,13,338,0,338,2,0,1,0,0,50,2,0,16,0,5,0,2,2,100,0,1,0,0,0,1,0,0,46,0,0,0,0,0,0,84,0,0,8,0,1,16,0,0,1
480478,156,154,0,63,93,0,93,0,93,0,0,0,1,1,16,0,0,12,0,0,0,0,0,26,0,0,0,0,0,0,0,0,13,0,0,0,0,0,0,11,1,0,1,1,0,9,1,0,0
480479,351,342,13,149,190,12,202,0,202,1,0,0,0,1,38,1,0,8,0,4,0,0,0,74,0,0,0,0,2,0,0,1,25,1,0,0,0,0,0,14,0,0,1,0,0,29,0,1,1
480480,120,121,1,40,79,1,80,0,80,0,0,0,1,1,9,0,0,3,0,0,0,0,0,25,0,0,0,0,0,0,0,1,24,0,0,0,0,0,0,7,0,0,1,0,0,7,1,0,0
480481,396,395,14,160,224,12,236,0,236,1,0,0,0,1,35,0,0,3,0,3,0,0,0,88,1,0,0,0,1,0,0,0,40,0,0,0,0,0,0,31,0,0,0,0,0,28,3,1,0
480482,99,100,2,42,57,0,57,0,57,0,0,0,0,0,6,0,0,2,0,0,0,0,1,23,0,0,0,0,0,0,0,1,7,0,0,0,0,0,0,3,0,0,0,0,0,14,0,0,0
480483,252,247,20,115,121,16,137,0,137,1,0,0,1,0,14,0,0,4,0,0,0,0,1,50,0,1,0,0,0,0,0,0,28,0,0,0,0,0,0,19,0,0,8,0,0,10,0,0,0
480484,375,368,12,179,186,10,196,0,196,0,0,0,1,0,11,0,0,15,0,2,0,1,0,92,1,0,0,0,0,1,0,0,28,0,0,0,0,0,1,29,0,0,5,0,1,7,0,1,0
480485,1185,1169,46,584,567,34,601,0,601,6,0,0,0,2,88,0,0,23,0,18,0,1,2,291,0,1,1,1,3,0,2,0,73,1,1,0,1,1,0,26,0,0,11,0,1,41,6,0,0
480486,240,239,10,91,141,8,149,0,149,1,0,0,0,0,18,0,0,3,0,8,0,0,0,44,0,0,0,0,0,0,0,1,29,0,0,0,0,0,0,19,0,1,6,0,0,18,1,0,0
480487,480,474,21,232,230,18,248,0,248,4,0,0,1,1,45,2,0,8,0,8,0,0,1,102,0,0,0,0,1,0,0,0,38,0,0,0,1,0,0,12,0,0,3,1,0,18,1,0,1
480488,549,538,21,222,308,19,327,0,327,4,1,1,0,0,37,2,0,11,0,4,0,0,0,173,1,0,0,0,0,0,0,1,37,0,1,0,0,0,0,32,0,0,0,0,1,19,1,0,1
480489,111,110,6,46,60,5,65,0,65,1,0,0,0,0,16,0,0,3,0,1,0,0,0,25,0,0,0,0,0,0,0,0,10,0,0,0,0,0,0,5,0,0,0,0,0,3,0,0,1
480490,261,262,3,139,120,2,122,0,122,0,0,0,0,0,25,0,0,5,0,3,0,0,0,43,0,0,0,0,0,0,0,0,16,0,0,0,0,0,0,11,0,0,1,0,0,17,1,0,0
480491,954,957,45,372,550,32,582,0,582,8,1,1,0,0,88,0,1,21,0,9,0,1,1,282,0,1,0,0,0,0,0,1,58,1,0,0,1,0,1,40,0,0,4,0,0,53,7,1,1
480492,327,326,7,102,218,7,225,0,225,1,2,0,0,1,28,0,0,4,0,4,0,2,0,82,0,0,0,0,0,0,0,0,46,0,0,0,0,0,0,37,1,0,0,0,0,8,7,0,2
480493,879,870,57,431,406,42,448,0,448,4,0,0,0,3,56,0,0,14,0,6,1,1,2,217,1,0,0,0,1,0,0,0,52,0,1,1,0,0,0,40,0,0,7,0,0,41,0,0,0
480494,189,22,11,168,11,10,21,0,21,0,0,0,0,0,2,0,0,2,0,0,0,0,0,4,0,0,0,0,0,0,0,1,4,0,0,0,0,0,0,3,0,0,0,0,0,5,0,0,0
480495,123,74,0,58,65,0,65,0,65,1,1,0,0,0,0,0,0,0,0,2,0,0,0,32,0,0,0,0,0,0,0,0,1,0,0,1,0,0,0,2,0,0,0,0,0,20,4,0,1
480496,837,813,6,387,448,2,450,0,450,5,0,0,0,1,76,0,0,25,0,9,0,0,0,188,0,0,0,0,1,0,0,0,50,0,0,0,0,1,1,28,0,1,11,0,1,48,4,0,0
480497,780,763,17,352,415,13,428,0,428,5,0,1,1,0,72,2,0,15,0,17,0,0,0,169,1,0,1,0,2,0,1,1,44,0,0,0,0,0,0,19,0,0,11,0,3,56,5,1,1
480498,1023,1023,10,438,575,10,585,0,585,8,1,1,0,0,100,1,0,22,0,28,1,0,0,247,0,0,0,0,2,0,0,0,48,0,0,0,0,0,1,26,0,0,21,0,1,66,6,2,3
480499,1074,1079,27,482,567,25,592,0,592,7,1,0,0,1,87,1,1,26,0,13,0,0,1,258,0,2,0,0,3,0,0,2,68,0,0,0,1,0,0,34,0,0,19,1,1,61,2,2,0
480500,1185,1142,12,491,685,9,694,0,694,9,1,2,0,1,72,0,0,22,0,32,0,0,0,313,0,1,0,0,2,0,0,2,67,1,0,0,0,0,0,51,0,0,25,0,0,84,5,0,4
480501,1389,1388,25,575,796,18,814,0,814,7,1,4,0,1,121,0,0,38,1,23,1,0,1,351,1,0,0,0,1,1,0,0,59,1,1,0,0,0,0,74,0,0,31,0,1,88,3,0,4
480502,1149,1126,11,473,669,7,676,0,676,12,0,5,0,0,85,1,1,29,0,25,0,0,0,286,0,0,1,0,3,0,0,2,65,2,1,0,0,0,1,63,0,0,25,0,1,62,2,1,3
480503,1662,1648,31,649,987,26,1013,0,1013,19,1,3,0,0,114,0,0,31,0,39,0,0,0,434,0,0,0,0,3,0,0,1,65,0,4,0,0,0,1,114,0,0,56,0,0,118,7,1,2
480504,1644,1608,17,675,954,15,969,0,969,4,1,1,1,0,113,0,0,28,0,25,0,0,2,404,2,1,1,0,4,1,1,2,103,1,3,0,1,0,0,107,0,0,33,0,1,117,7,1,4
480505,201,196,11,53,137,11,148,0,148,3,1,0,0,0,33,0,0,4,0,0,0,0,1,46,0,0,0,0,0,0,0,0,27,0,0,0,0,0,0,13,0,0,0,0,0,18,1,0,1
480506,489,482,25,175,291,23,314,0,314,2,0,0,0,0,46,1,0,9,0,3,0,1,0,95,1,0,0,0,3,0,0,2,52,0,0,0,0,0,0,53,0,0,2,0,0,36,4,1,3
480507,1893,1880,12,763,1120,10,1130,0,1130,16,0,0,1,0,182,0,0,49,0,36,0,0,1,525,0,1,0,0,1,0,0,1,49,0,2,1,1,0,0,117,0,2,58,1,0,80,2,0,4
480508,996,980,53,454,496,46,542,0,542,22,0,0,1,0,83,1,1,9,0,8,0,0,0,206,0,2,1,1,1,0,0,1,96,0,0,0,0,0,0,45,0,0,12,1,0,47,1,1,2
480509,222,214,5,94,123,5,128,0,128,1,0,1,0,0,10,0,0,2,0,7,0,0,1,59,0,0,0,0,2,1,2,0,21,0,0,0,0,0,0,8,0,0,1,0,0,12,0,0,0
480510,204,205,8,70,126,8,134,0,134,4,0,1,0,0,20,0,0,8,0,3,0,0,0,48,0,0,0,0,0,0,0,0,16,0,0,0,0,0,0,15,1,0,2,0,0,14,2,0,0
480511,216,215,0,100,116,0,116,0,116,3,0,0,0,0,15,0,0,4,0,3,0,0,0,46,0,0,1,0,0,0,0,0,15,0,0,0,0,0,0,6,0,0,1,0,0,18,3,0,1
480512,1068,1054,44,436,588,44,632,0,632,11,1,0,0,1,128,2,0,34,0,8,0,0,3,242,1,0,0,0,1,1,0,1,44,0,0,0,0,0,0,64,0,0,44,2,0,35,3,0,6
480513,507,498,14,203,290,14,304,0,304,3,1,1,0,1,55,0,0,10,0,9,0,1,0,134,1,0,0,0,1,0,0,0,20,1,0,0,0,0,0,27,1,0,11,0,0,25,1,1,0
480514,483,476,20,232,232,19,251,0,251,4,0,1,0,1,20,1,0,4,0,4,0,0,1,125,0,0,0,0,0,0,0,0,30,0,1,0,0,0,0,17,0,0,6,0,2,25,2,0,7
480515,426,421,19,164,243,19,262,0,262,5,0,0,0,0,38,0,0,2,0,5,0,0,0,94,0,1,0,0,3,0,0,1,46,0,0,0,0,0,1,17,0,0,2,0,1,41,3,1,1
480516,438,430,9,173,256,9,265,0,265,7,0,1,0,1,16,0,0,2,0,14,0,0,0,96,0,0,0,0,2,0,0,0,48,0,0,0,0,0,0,25,0,0,10,1,3,35,2,0,2
480517,75,75,1,33,41,1,42,0,42,1,0,0,0,0,2,0,0,0,0,3,0,0,0,19,0,0,0,0,0,1,0,0,5,0,0,0,0,0,0,8,0,0,0,0,0,2,0,1,0
480518,450,449,13,200,238,12,250,0,250,2,0,0,0,0,15,0,0,9,0,2,0,0,0,77,0,0,0,0,0,0,0,0,58,0,0,0,0,0,0,31,0,0,9,0,2,42,3,0,0
480519,339,348,9,133,197,9,206,0,206,4,3,0,0,0,21,0,0,20,0,3,0,0,0,103,0,0,0,0,0,0,0,0,25,0,0,0,0,0,0,5,0,0,6,0,0,14,1,0,1
480520,120,119,0,64,56,0,56,0,56,0,0,0,0,0,12,0,0,0,0,2,0,0,0,14,0,0,0,0,0,1,0,1,13,0,0,0,0,0,0,7,0,0,2,0,0,3,0,0,1
480521,762,761,11,268,484,10,494,0,494,2,0,0,0,0,71,0,0,19,0,14,1,0,0,251,0,1,0,0,2,0,0,0,24,0,1,0,0,0,1,30,0,2,36,0,2,35,0,1,1
480522,318,314,6,134,178,6,184,0,184,1,0,0,0,0,15,0,0,6,1,2,0,0,0,84,0,0,0,0,0,0,0,0,20,0,0,0,0,0,0,27,0,0,5,0,3,18,1,0,1
480523,1893,1866,41,809,1047,37,1084,0,1084,15,0,0,0,2,143,1,1,44,1,20,1,0,2,501,1,0,0,1,5,0,0,0,99,0,1,0,0,0,2,122,0,2,36,0,0,75,5,0,4
480524,303,304,12,124,169,10,179,0,179,0,0,0,0,0,30,0,0,10,0,9,0,0,0,68,0,0,0,0,0,0,0,1,23,0,1,0,0,0,0,4,0,0,3,0,2,25,1,2,0
480525,183,182,12,89,85,9,94,0,94,1,0,0,0,0,21,0,0,4,0,1,0,0,0,28,0,0,0,0,0,0,0,1,9,0,0,0,0,0,1,12,0,0,0,0,0,15,1,0,0
480526,315,310,10,108,197,10,207,0,207,2,0,0,0,0,26,1,0,13,0,0,0,0,0,86,0,0,0,0,0,0,0,0,34,0,0,0,0,0,0,15,0,0,10,0,0,20,0,0,0
480527,129,123,4,57,68,4,72,0,72,0,0,1,0,0,18,0,0,2,0,1,0,0,0,22,0,0,1,0,0,0,0,0,13,0,0,0,0,0,0,1,0,0,1,0,0,8,3,1,0
480528,633,628,12,256,366,11,377,0,377,5,0,0,0,0,90,2,0,10,0,3,0,0,1,123,1,2,0,0,1,4,0,0,50,1,0,0,0,1,0,25,0,0,4,0,0,44,5,1,4
480529,129,126,1,53,75,1,76,0,76,1,0,0,0,0,16,0,0,2,0,1,0,0,0,13,0,0,0,0,0,0,0,0,17,0,0,0,0,0,0,13,0,0,0,0,0,11,2,0,0
480530,1134,1133,40,438,661,35,696,0,696,11,1,1,1,0,68,1,0,40,0,6,0,0,1,387,0,0,0,0,0,0,0,0,55,0,0,0,0,0,0,33,0,0,13,1,2,67,3,3,2
480531,657,636,22,281,354,22,376,0,376,0,1,0,0,0,53,3,1,22,1,11,1,1,0,138,0,0,0,0,1,0,0,0,55,0,1,0,0,0,1,28,0,0,5,0,0,45,7,0,1
480532,213,212,14,76,123,14,137,0,137,1,0,0,0,0,14,0,0,4,0,2,0,0,0,52,0,0,0,0,1,0,0,0,18,0,0,0,0,0,1,9,0,0,1,0,2,30,0,2,0
480533,1002,993,22,425,556,21,577,0,577,8,1,1,1,2,44,0,0,20,0,12,0,0,0,246,0,1,0,0,0,1,1,0,89,2,1,0,0,0,1,47,0,1,20,0,2,70,3,2,1
480534,180,42,33,138,9,33,42,0,42,0,0,0,0,0,4,0,0,0,0,1,0,0,0,3,0,0,0,0,0,0,0,0,7,0,0,0,0,0,0,10,0,0,0,0,17,0,0,0,0
480594,414,410,8,174,232,8,240,0,240,1,0,0,0,0,43,0,0,10,0,2,0,0,0,111,0,0,0,0,1,0,0,1,38,0,0,0,1,0,0,12,0,0,8,1,1,9,1,0,0
480595,555,546,17,211,327,17,344,0,344,3,1,0,0,0,60,1,0,21,0,6,0,0,0,148,0,0,0,0,0,0,0,0,51,1,2,0,0,0,0,22,0,0,1,0,1,21,5,0,0
480596,684,687,3,326,356,2,358,0,358,2,0,0,1,0,55,1,0,13,0,11,0,0,0,160,0,3,0,0,0,0,0,0,55,0,0,0,0,0,0,28,0,0,7,0,1,17,2,0,2
480597,210,207,1,87,122,1,123,0,123,2,0,0,0,0,15,0,0,1,1,2,0,1,0,33,0,0,0,0,0,0,0,1,16,0,0,0,1,0,0,31,0,0,4,0,0,11,1,1,2
480598,351,341,3,159,189,3,192,0,192,0,0,0,0,0,31,0,0,5,1,10,0,0,0,54,0,2,0,0,0,0,0,0,31,0,0,0,0,0,0,34,0,0,5,0,0,14,5,0,0
480599,372,365,5,133,234,5,239,0,239,1,1,1,0,0,38,0,0,7,0,4,0,0,0,106,0,0,0,0,5,0,0,1,25,0,0,0,0,0,0,24,0,1,8,0,0,17,0,0,0
480600,579,574,24,225,334,20,354,0,354,2,0,0,0,0,53,0,0,11,0,13,0,1,0,113,1,1,0,0,0,0,0,0,47,0,0,0,1,1,0,52,0,0,19,0,2,35,0,1,1
480601,768,757,52,273,444,51,495,0,495,1,0,0,0,2,83,0,0,7,1,8,0,0,1,173,1,2,0,0,0,0,0,1,66,0,2,0,0,1,0,66,0,0,8,0,1,65,4,1,1
480602,309,306,14,136,159,14,173,0,173,2,0,0,0,0,40,0,0,5,0,6,0,0,0,62,0,0,0,0,1,0,0,0,27,0,0,0,2,0,0,14,0,0,3,0,0,9,1,0,1
480603,588,581,8,276,304,8,312,0,312,4,0,0,0,1,56,0,0,10,0,5,0,1,0,130,0,0,0,0,0,1,0,1,37,0,0,0,0,0,0,42,0,0,9,2,0,12,1,0,0
480604,597,593,1,263,333,1,334,0,334,4,1,1,0,1,52,0,0,23,1,6,1,0,0,119,0,3,0,0,1,0,0,0,48,0,0,0,0,0,0,42,0,0,8,1,0,18,4,0,0
480605,246,239,17,82,149,15,164,0,164,1,1,0,0,0,21,1,1,3,1,2,0,1,0,49,0,0,0,0,0,2,0,2,44,0,0,0,1,1,0,20,0,0,3,0,0,9,1,0,0
480606,144,144,2,44,98,2,100,0,100,1,0,0,0,0,14,0,0,2,0,0,0,0,0,31,0,0,0,1,0,2,0,0,29,0,0,0,1,0,0,11,0,0,0,0,0,7,1,0,0
480607,114,115,0,34,80,0,80,0,80,0,0,0,0,0,15,0,0,4,1,0,0,0,0,37,0,0,0,0,1,0,0,0,11,0,0,0,0,0,0,10,0,0,0,0,1,0,0,0,0
480608,669,667,16,282,373,14,387,0,387,3,0,0,0,1,80,0,0,14,1,8,0,0,0,173,0,0,0,0,0,1,0,0,55,0,0,0,0,1,0,18,1,0,3,0,0,23,2,0,3
480609,87,89,4,42,41,4,45,0,45,0,0,0,0,0,6,0,0,0,1,0,0,0,0,21,0,1,0,0,1,0,0,0,4,0,0,0,0,0,0,8,0,0,0,0,0,2,1,0,0
480610,666,661,0,312,354,0,354,0,354,8,0,0,0,0,39,0,0,5,0,9,0,0,1,127,0,0,0,0,2,0,0,0,76,0,1,0,0,0,0,43,0,0,3,0,1,35,1,0,3
480611,168,169,0,78,90,0,90,0,90,1,0,0,1,0,23,0,0,2,0,3,0,0,0,13,0,0,0,0,0,3,0,2,17,0,0,0,0,0,0,5,0,0,1,0,2,14,3,0,0
480612,426,420,3,179,246,1,247,0,247,0,0,0,0,0,24,0,0,11,1,3,0,1,0,100,0,0,0,0,1,0,0,1,41,0,0,0,3,0,0,27,0,0,3,1,0,26,0,2,2
480613,498,504,16,240,242,16,258,0,258,1,1,0,0,0,50,0,0,22,1,2,0,1,0,99,1,0,0,0,0,1,1,0,36,0,0,0,0,1,0,25,0,0,1,1,0,13,1,0,0
480614,129,128,2,55,72,2,74,0,74,0,0,1,0,0,12,0,0,2,0,1,0,1,0,24,0,1,0,0,0,0,0,1,12,1,0,0,1,1,1,10,0,0,0,0,0,5,0,0,0
480615,513,511,5,211,297,5,302,0,302,4,0,0,0,0,43,0,0,7,1,14,0,0,0,129,0,1,0,0,0,1,0,1,34,1,0,0,0,0,0,38,0,0,2,0,3,19,1,0,3
480616,327,325,14,107,206,14,220,0,220,4,0,0,0,0,40,1,0,7,1,4,0,1,1,71,0,1,1,0,0,0,0,2,41,1,0,0,0,3,0,18,0,0,5,0,1,14,1,0,2
480617,198,196,5,88,105,5,110,0,110,0,0,0,0,0,21,0,1,2,0,9,0,0,0,28,1,1,0,0,0,0,0,0,13,0,0,0,0,0,1,12,0,0,3,1,0,17,0,0,0
480618,357,360,0,154,203,0,203,0,203,2,0,1,1,0,18,0,0,9,0,4,0,0,0,77,0,0,0,0,0,0,0,0,29,0,1,0,0,0,0,42,0,0,7,0,0,10,2,0,0
480619,486,498,16,168,303,15,318,0,318,8,1,0,0,2,65,2,0,5,0,6,0,0,0,100,0,0,1,1,0,0,0,0,38,1,0,0,0,0,1,42,0,1,9,0,0,33,1,0,1
480620,981,973,19,439,523,19,542,0,542,5,0,0,0,1,79,0,0,18,1,8,0,2,1,270,0,0,0,0,2,2,0,0,66,0,0,0,0,0,2,53,1,0,3,0,0,20,4,0,4
480621,564,559,19,259,289,16,305,0,305,4,1,1,0,0,31,0,0,12,1,16,0,0,0,113,0,0,0,0,1,0,0,1,48,1,0,0,0,0,0,27,0,0,13,1,0,26,4,1,3
480622,876,860,8,387,481,8,489,0,489,3,0,2,5,0,54,0,0,12,0,9,0,0,0,191,0,0,0,0,2,0,0,3,63,1,0,0,0,0,1,66,2,0,13,1,0,52,7,1,1
480623,804,787,27,328,452,24,476,0,476,4,2,0,0,0,82,0,0,9,1,16,0,4,1,169,0,2,0,0,3,1,0,0,66,1,0,0,0,0,0,66,0,0,12,0,2,33,1,0,1
480624,312,309,11,124,177,11,188,0,188,2,1,0,1,0,43,0,0,6,0,3,0,0,0,59,0,0,0,0,1,0,0,1,38,0,0,0,0,0,0,15,0,0,0,0,0,16,2,0,0
480625,456,451,0,226,230,0,230,0,230,0,0,0,0,0,39,0,0,9,0,5,0,1,0,99,1,0,0,0,0,1,0,0,36,0,0,0,0,0,0,21,0,0,1,1,0,14,2,0,0
480626,312,308,0,154,158,0,158,0,158,4,1,0,0,2,28,0,0,6,0,5,0,0,0,55,0,0,0,0,0,1,0,0,32,0,0,0,0,0,0,11,0,0,3,0,0,7,3,0,0
480627,528,515,23,241,265,22,287,0,287,4,0,0,0,0,37,0,1,10,0,9,0,0,0,110,0,0,0,0,2,0,0,0,25,0,0,0,0,0,1,33,0,0,12,0,0,35,6,0,2
480628,75,77,1,27,47,1,48,0,48,0,0,0,0,0,1,0,0,0,0,0,0,0,0,16,1,0,0,0,1,0,0,0,10,0,0,0,0,0,0,4,0,0,0,0,0,15,0,0,0
480629,675,669,12,270,393,12,405,0,405,8,0,0,1,0,54,1,0,4,0,9,0,0,1,200,0,0,0,0,0,2,0,1,48,1,1,0,0,1,1,27,0,0,13,0,0,27,3,0,2
480630,258,252,7,93,158,7,165,0,165,2,0,0,0,0,6,0,0,3,0,3,0,0,0,86,0,1,0,0,1,4,0,0,21,0,0,0,0,1,0,19,0,0,6,0,0,12,0,0,0
480631,474,469,13,192,270,12,282,0,282,2,0,0,0,0,72,0,0,5,1,4,0,0,0,108,0,0,0,0,0,1,1,0,45,1,0,0,0,0,0,9,0,0,7,0,0,24,2,0,0
480632,528,527,16,185,327,16,343,0,343,5,1,0,4,1,24,0,0,21,0,2,0,0,0,180,0,1,0,0,0,2,0,0,39,1,0,0,0,0,0,37,0,0,3,1,0,18,1,1,1
480633,279,274,7,133,139,7,146,0,146,0,0,0,1,0,12,0,0,4,0,1,0,0,0,56,0,0,0,0,0,0,0,1,32,0,0,0,0,0,0,13,0,0,0,0,0,23,1,2,0
480634,165,162,1,90,75,0,75,0,75,2,0,0,0,0,5,0,0,2,0,1,0,0,0,35,0,0,0,0,0,0,0,0,14,0,0,0,0,0,0,12,0,0,0,0,0,4,0,0,0
480635,480,477,5,203,273,4,277,0,277,4,0,0,0,0,31,0,0,7,0,6,0,0,0,135,0,0,0,0,0,0,0,0,33,1,0,0,0,0,0,41,0,0,4,0,0,15,0,0,0
480636,408,400,14,153,241,14,255,0,255,3,0,0,0,0,45,0,0,5,0,5,0,1,0,85,0,0,0,0,2,0,0,0,52,0,0,0,1,0,0,28,0,0,2,0,1,21,2,0,2
480637,207,208,4,78,127,2,129,0,129,1,1,1,0,0,19,0,0,4,0,2,0,0,0,45,0,0,0,0,0,0,0,0,26,0,0,0,0,0,0,10,0,0,2,0,0,16,1,1,0
480638,63,61,0,23,40,0,40,0,40,0,0,0,0,0,4,0,0,0,0,0,0,0,0,12,0,0,0,0,0,0,0,3,8,0,0,0,1,0,0,6,0,0,0,0,0,6,0,0,0
480639,1779,1777,28,775,979,25,1004,0,1004,15,3,0,1,4,245,0,0,42,0,21,0,0,0,419,1,0,1,0,1,0,0,1,62,1,0,0,0,0,0,77,0,0,40,0,1,66,1,1,1
480640,1062,1051,18,518,529,15,544,0,544,5,1,0,0,1,120,1,0,28,0,8,0,1,1,241,2,0,0,0,2,0,1,0,30,0,0,0,0,0,0,44,0,0,11,0,0,46,0,0,1
480641,1302,1296,17,579,710,13,723,0,723,13,0,0,1,0,186,2,0,29,1,11,0,1,0,305,2,1,0,0,2,0,0,0,32,1,0,0,0,0,0,72,1,1,20,0,0,39,2,1,0
480642,2115,2091,38,997,1090,28,1118,0,1118,21,1,2,0,3,253,2,1,43,0,18,0,0,1,516,1,0,0,0,3,1,0,2,54,0,0,0,0,0,0,86,0,0,31,0,0,73,2,0,4
480643,2307,2296,40,1019,1258,30,1288,0,1288,19,0,2,2,3,306,1,0,80,0,22,0,1,0,489,1,1,1,0,2,2,0,3,71,1,1,0,1,0,0,97,0,2,46,0,0,125,3,0,6
480644,1890,1882,28,793,1075,22,1097,0,1097,19,0,1,3,1,225,1,0,58,2,14,0,1,0,457,0,1,1,1,1,0,0,0,41,0,3,2,0,1,0,108,0,1,42,0,2,103,4,1,3
480645,156,69,28,92,37,27,64,0,64,1,1,1,0,0,12,0,0,5,0,0,0,0,0,23,0,0,0,0,1,0,0,0,10,0,0,0,0,0,0,3,0,0,1,0,0,6,0,0,0
480646,165,108,0,59,106,0,106,0,106,5,1,1,0,2,2,1,0,1,0,0,0,0,0,27,0,0,1,1,0,0,0,0,4,0,0,1,0,0,0,5,1,0,1,0,0,45,5,0,2,31,03,2019,23,15
