480001,669,656,35,246,395,28,423,0,423,3,0,0,0,2,57,0,0,12,0,16,0,0,0,194,0,2,1,3,1,0,0,0,39,0,0,0,0,0,1,51,0,0,6,0,0,31,3,0,1
480002,1170,1159,53,407,718,45,763,0,763,5,2,1,4,1,96,0,0,39,0,33,0,1,0,307,0,3,0,0,1,0,0,1,63,1,2,0,0,0,0,113,0,0,12,0,2,63,5,1,7
480003,1095,1083,27,470,605,20,625,0,625,6,0,0,3,1,81,0,1,18,0,28,0,0,0,258,0,1,0,1,2,0,0,0,81,0,1,0,0,0,2,76,0,0,14,0,0,45,3,0,3
480004,846,838,31,381,443,22,465,0,465,5,1,1,3,0,55,2,0,11,0,6,0,1,0,201,0,2,1,0,0,1,0,0,78,0,0,0,0,0,0,52,0,0,7,0,3,29,1,0,5
480005,645,629,22,291,337,17,354,0,354,4,0,0,0,1,46,0,0,13,0,15,0,0,0,172,0,0,0,0,1,0,0,1,32,1,1,0,0,0,0,29,1,0,6,0,1,27,1,1,1
480006,612,605,23,242,352,18,370,0,370,7,0,0,0,0,35,0,0,21,0,10,0,1,0,155,1,0,0,0,3,0,0,0,67,0,1,0,0,0,0,29,0,0,7,0,1,31,1,0,0
480007,234,227,12,87,135,12,147,0,147,0,0,0,0,0,10,0,0,4,0,3,0,0,1,60,0,0,0,0,0,0,0,1,38,1,0,0,0,0,0,20,1,0,1,0,0,7,0,0,0
480008,1038,1033,19,452,570,16,586,0,586,8,0,3,0,0,70,0,0,12,0,24,0,0,1,271,0,1,0,0,2,0,0,0,33,1,1,0,1,1,0,67,0,0,26,0,0,60,0,2,2
480009,1044,1041,19,467,562,15,577,0,577,7,0,0,3,1,57,0,0,14,0,18,0,0,0,304,1,0,0,0,0,0,0,0,43,0,1,0,0,0,1,52,0,0,19,0,1,47,6,0,2
480010,186,185,9,79,102,5,107,0,107,0,0,0,0,0,15,0,0,12,0,2,0,0,0,44,0,0,1,0,0,0,0,0,9,0,0,0,0,0,1,5,0,0,2,0,1,14,0,0,1
480011,612,608,22,234,364,14,378,0,378,4,1,0,2,0,48,0,1,11,0,14,0,0,0,172,2,0,0,0,3,0,0,0,30,0,2,0,0,0,0,52,0,0,7,1,0,26,0,0,2
480012,843,834,34,358,454,31,485,0,485,3,0,1,1,0,66,0,0,22,0,5,0,0,1,134,3,1,0,1,0,0,0,3,34,0,0,0,0,0,1,28,0,0,8,0,0,154,14,1,4
480013,1065,1045,54,406,605,54,659,0,659,1,1,0,0,0,122,1,0,36,0,15,0,0,1,275,1,0,2,1,1,0,0,0,81,0,0,0,0,0,0,62,1,1,7,0,2,44,4,0,0
480014,855,847,34,366,460,29,489,0,489,4,0,0,0,0,70,0,0,12,0,9,1,0,0,192,0,0,0,0,0,0,1,0,85,0,0,0,0,0,0,58,0,0,7,0,0,39,2,4,5
480015,399,398,27,139,239,21,260,0,260,0,0,0,0,0,23,1,0,7,1,10,0,1,0,123,0,0,0,0,0,0,0,0,43,0,0,0,0,0,0,25,0,0,4,0,0,19,3,0,0
480016,207,205,16,71,121,15,136,0,136,1,0,0,0,0,24,0,0,1,0,4,0,1,0,59,0,0,0,0,0,0,0,1,15,1,0,0,0,0,0,15,0,0,1,0,0,11,1,0,1
480017,219,226,20,79,125,15,140,0,140,0,1,0,0,0,17,0,0,8,0,5,0,1,0,37,0,1,0,1,0,0,0,0,31,0,0,0,0,0,0,16,0,0,4,0,2,14,1,0,1
480018,216,212,15,74,131,11,142,0,142,0,1,0,1,0,29,0,0,3,0,7,0,0,0,40,0,1,0,0,0,0,0,0,28,0,0,0,0,0,0,19,0,0,1,0,0,12,0,0,0
480019,879,865,35,387,464,28,492,0,492,4,0,1,0,1,90,2,0,14,0,13,0,0,0,198,0,1,1,0,3,0,0,2,80,0,0,0,0,0,0,29,0,0,7,0,0,41,5,0,0
480020,312,314,10,99,204,9,213,0,213,6,0,0,1,0,27,0,0,8,0,2,0,0,0,75,0,0,0,0,0,0,0,1,28,0,0,0,0,0,0,20,0,0,4,0,1,39,1,0,0
480021,378,375,16,119,243,16,259,0,259,3,0,0,0,0,24,0,0,7,0,6,0,0,0,93,1,1,0,1,0,0,0,1,46,1,1,0,0,0,0,31,0,0,4,0,0,37,0,0,2
480022,117,116,4,50,64,3,67,0,67,0,1,0,0,0,3,0,0,3,1,0,0,0,0,23,0,0,0,0,1,0,0,0,19,0,0,0,0,0,1,3,0,0,0,0,0,10,1,0,1
480023,246,239,17,102,132,12,144,0,144,0,0,1,0,0,12,0,0,7,0,1,0,0,0,39,1,0,0,0,0,0,0,0,31,0,0,0,0,0,0,11,0,0,1,0,0,37,3,0,0
480024,705,697,32,312,369,24,393,0,393,2,0,1,3,0,19,2,0,5,0,7,0,0,3,150,0,0,0,1,1,0,0,1,65,0,2,0,0,0,0,65,0,0,8,0,3,45,2,4,4
480025,1092,1086,81,470,556,66,622,0,622,2,0,1,0,1,57,0,0,15,1,13,0,1,0,181,1,1,0,0,6,0,0,2,100,0,3,1,1,0,0,109,0,0,28,1,2,88,4,0,3
480026,108,107,13,36,61,11,72,0,72,0,0,0,0,0,5,0,0,5,0,3,0,0,0,13,0,0,0,0,0,0,0,1,6,0,0,0,0,0,0,23,0,0,0,0,0,15,0,0,1
480027,453,373,0,80,373,0,373,0,373,20,0,0,1,1,6,2,0,4,0,4,0,0,1,171,0,0,0,0,0,0,0,2,1,3,0,0,0,0,0,12,0,1,0,1,0,125,17,1,0
480130,1668,1639,34,689,945,34,979,0,979,14,0,0,2,2,159,1,1,17,0,41,0,0,0,370,2,3,1,2,5,0,1,1,63,0,2,0,0,0,0,89,1,1,33,0,4,145,10,5,4
480131,1695,1672,30,749,921,25,946,0,946,14,2,0,2,1,139,0,1,27,0,23,0,0,1,408,1,1,0,1,10,0,0,0,67,0,1,0,1,0,0,68,0,0,29,0,0,139,6,2,2
480132,1677,1651,20,841,820,16,836,0,836,9,0,0,2,0,127,1,0,23,0,28,0,0,0,324,4,1,0,2,9,0,0,1,68,1,0,1,0,0,0,83,0,0,25,0,1,110,8,2,6
480134,210,210,3,78,130,2,132,0,132,0,0,0,0,0,10,1,0,4,0,2,0,0,0,54,0,1,0,0,1,0,0,0,20,0,0,0,0,0,0,11,0,0,1,0,1,25,0,0,1
480136,432,425,7,195,232,5,237,0,237,4,0,0,1,1,25,1,0,6,0,13,0,0,0,87,1,1,0,0,1,0,1,0,27,2,0,0,0,0,1,28,0,0,2,0,0,31,1,0,3
480137,384,188,2,277,105,2,107,0,107,1,0,0,0,0,11,0,1,3,0,3,0,0,0,28,0,0,0,0,3,0,0,0,12,0,0,0,0,0,0,16,0,0,1,0,3,23,0,0,2
480138,309,303,12,132,165,12,177,0,177,2,0,0,0,1,17,0,0,5,0,2,0,0,0,76,0,0,0,0,4,0,0,0,18,0,0,0,0,0,0,28,0,0,2,0,2,14,1,0,5
480139,216,212,18,73,126,17,143,0,143,0,0,0,0,0,8,0,0,0,0,1,0,0,1,62,1,0,0,0,2,0,0,0,39,1,0,0,0,0,0,17,0,0,0,1,1,8,1,0,0
480140,444,441,21,197,231,16,247,0,247,3,0,0,1,0,44,0,0,12,1,5,0,0,0,89,0,0,0,1,1,0,0,0,32,0,0,0,0,0,0,39,0,0,1,0,1,15,2,0,0
480141,258,259,14,89,156,13,169,0,169,0,0,1,1,0,31,0,0,6,0,0,0,0,0,69,1,0,0,1,0,0,0,0,25,0,0,0,0,0,0,10,0,0,1,0,1,20,1,0,1
480142,327,317,9,155,165,7,172,0,172,1,0,1,0,0,28,0,0,4,0,5,0,0,0,62,0,1,0,0,0,0,0,0,28,0,0,0,0,0,0,15,0,0,9,0,1,12,2,0,3
480143,207,205,5,70,132,5,137,0,137,0,0,0,1,0,17,0,0,3,1,2,0,0,0,33,0,0,0,0,1,0,0,1,38,0,1,0,0,0,0,7,0,0,3,0,1,24,3,0,1
480144,264,255,2,121,143,0,143,0,143,0,0,0,0,0,14,0,0,3,0,5,0,0,1,62,0,0,0,0,1,0,0,1,7,1,1,0,0,0,0,32,0,0,2,0,0,11,0,0,2
480145,348,348,16,127,208,13,221,0,221,4,0,0,0,0,15,0,0,4,0,10,1,0,2,92,0,1,0,0,1,0,0,3,46,0,0,0,0,0,0,14,0,0,3,0,1,19,2,1,2
480146,330,341,36,97,198,35,233,0,233,1,0,1,1,0,22,0,0,4,0,1,0,1,0,81,0,0,0,0,1,0,0,0,41,0,0,0,0,0,0,29,0,0,5,0,0,40,5,0,0
480147,342,341,17,135,191,16,207,0,207,1,0,0,0,0,29,1,0,4,0,2,0,0,0,105,0,1,0,0,5,0,0,1,21,0,0,0,0,0,0,8,0,0,2,0,1,23,2,0,1
480148,435,426,20,130,286,19,305,0,305,4,0,0,0,0,28,0,0,2,0,9,0,0,0,119,0,1,0,0,4,0,0,0,72,0,0,0,0,0,0,28,0,0,4,0,2,28,3,0,1
480149,738,729,21,244,475,19,494,0,494,4,0,0,0,0,50,1,0,15,0,17,0,0,0,220,0,1,0,0,1,0,0,0,73,0,0,0,0,0,1,41,0,1,5,0,0,55,8,0,1
480150,180,183,5,69,106,5,111,0,111,0,0,0,0,0,13,0,1,7,0,0,0,0,0,50,0,0,0,0,2,0,0,0,8,0,0,0,0,0,0,9,0,0,2,0,1,16,2,0,0
480151,414,407,30,135,249,30,279,0,279,0,2,1,0,0,39,1,0,2,0,7,0,0,0,120,1,0,0,1,0,0,0,1,43,1,1,1,0,0,0,22,0,0,13,0,0,17,0,0,6
480152,315,315,15,113,189,13,202,0,202,1,0,0,1,0,35,1,0,2,0,10,0,0,0,104,0,0,0,0,1,0,0,0,19,0,0,0,0,0,0,8,0,0,1,0,0,17,1,0,1
480153,441,436,16,200,225,16,241,0,241,6,0,0,0,0,34,0,0,6,0,3,0,0,0,120,1,0,0,0,1,0,0,2,16,0,1,0,0,0,0,23,0,0,1,0,1,25,0,0,1
480154,339,345,6,126,207,6,213,0,213,1,0,0,0,1,15,0,0,2,1,12,0,0,0,84,0,2,0,0,0,0,0,1,47,0,0,0,2,0,0,36,0,0,2,0,0,7,0,0,0
480155,549,544,13,233,306,10,316,0,316,2,0,0,1,0,63,1,2,8,1,6,1,0,2,150,0,0,0,0,1,0,0,0,33,0,0,0,0,0,0,10,0,0,1,1,1,29,2,0,1
480156,336,344,5,99,232,5,237,0,237,8,1,0,0,0,3,1,1,1,0,8,0,0,0,122,1,0,0,0,2,0,0,0,16,0,0,0,0,0,0,23,0,0,7,0,0,42,1,0,0
480157,324,175,5,194,125,5,130,0,130,7,0,0,0,0,5,0,0,5,0,2,0,0,0,56,0,0,0,0,4,0,0,0,16,0,0,0,0,0,0,17,0,0,0,0,2,16,0,0,0
480158,354,350,21,149,184,21,205,0,205,3,0,1,1,1,17,1,0,7,0,9,0,0,0,61,0,0,0,0,2,0,0,0,44,0,0,0,0,0,0,20,0,1,2,0,1,31,3,0,0
480222,1866,1839,15,838,1016,12,1028,0,1028,15,0,1,4,1,179,1,0,31,0,32,0,1,1,326,0,1,0,5,12,0,1,1,62,0,4,0,0,0,2,123,0,1,36,0,0,175,7,1,5
480223,2100,2082,24,961,1121,18,1139,0,1139,12,1,3,2,0,216,0,0,31,0,40,0,1,0,419,0,0,0,6,9,0,0,1,68,1,3,0,0,0,1,100,1,0,58,0,1,156,5,1,3
480224,1749,1737,27,810,923,16,939,0,939,11,0,1,2,2,203,2,0,29,0,28,0,0,0,307,0,1,1,6,7,0,0,0,65,1,2,1,1,0,0,81,0,1,49,1,1,127,7,0,2
480225,921,909,10,431,481,9,490,0,490,2,1,0,0,2,99,0,1,17,0,12,0,0,0,185,0,0,0,1,6,0,0,0,30,0,0,0,0,0,2,23,0,0,12,0,0,91,5,1,0
480226,756,749,6,316,434,6,440,0,440,6,0,0,0,1,54,1,0,9,0,16,0,0,0,161,0,0,0,0,3,0,0,3,39,0,0,0,0,0,0,32,1,0,9,0,0,95,9,0,1
480227,486,481,21,194,276,16,292,0,292,2,0,2,0,0,84,1,0,11,0,5,0,0,0,80,1,0,0,0,2,0,0,0,42,0,0,0,0,1,0,13,0,0,3,0,2,42,0,1,0
480228,327,321,2,204,121,2,123,0,123,0,0,1,0,0,22,0,0,5,0,1,0,0,0,24,0,0,0,0,1,0,0,1,23,0,0,0,0,0,0,23,0,0,0,0,1,19,2,0,0
480229,102,103,0,51,51,0,51,0,51,0,0,0,0,0,9,0,0,3,0,1,0,0,0,6,0,0,0,2,0,0,0,1,9,0,0,0,0,0,0,14,0,0,0,0,0,6,0,0,0
480230,537,529,19,250,271,16,287,0,287,3,0,0,1,0,43,0,0,8,0,7,0,1,0,78,0,0,0,3,9,0,0,0,47,0,0,0,0,0,0,32,0,0,3,0,1,43,7,0,1
480231,168,172,4,97,69,2,71,0,71,1,0,0,0,0,6,1,0,2,0,1,0,0,0,15,0,0,0,0,2,0,0,0,17,0,0,0,0,0,0,12,0,0,0,0,0,13,0,0,1
480232,336,333,8,147,182,7,189,0,189,0,0,0,0,0,43,0,0,3,0,5,0,0,0,61,0,2,0,0,1,0,0,1,24,0,0,0,0,0,0,19,0,0,3,1,0,25,1,0,0
480233,321,316,9,141,172,8,180,0,180,3,0,0,1,0,10,0,0,1,0,6,0,0,0,84,0,0,0,1,0,1,0,1,23,0,0,0,0,0,0,18,0,0,5,0,0,23,2,0,1
480234,198,193,15,90,95,13,108,0,108,0,0,0,1,0,12,0,1,2,0,1,0,0,0,30,0,0,0,2,0,0,0,3,21,0,0,0,0,1,0,9,0,0,3,1,0,16,3,2,0
480235,405,400,9,163,235,7,242,0,242,4,1,0,0,0,15,0,0,11,1,12,0,0,0,51,0,1,0,0,20,0,0,2,37,0,1,0,0,0,0,57,1,0,2,0,1,21,3,0,1
480236,249,246,22,114,113,22,135,0,135,1,0,0,0,0,13,0,0,2,0,3,0,0,0,16,0,1,0,2,16,0,0,0,25,0,1,0,0,0,1,27,0,0,1,0,1,23,2,0,0
480237,270,265,9,141,120,9,129,0,129,2,0,0,0,0,8,0,0,9,0,4,0,0,0,35,0,0,0,0,0,0,0,0,25,7,0,0,0,0,1,18,0,1,1,1,2,13,2,0,0
480238,312,309,23,138,154,20,174,0,174,2,0,1,0,0,23,1,0,9,0,1,0,0,0,40,0,0,0,1,0,0,0,0,35,0,0,0,0,0,0,13,0,0,6,0,1,39,1,0,1
480239,270,270,21,100,153,17,170,0,170,2,0,0,1,0,19,0,0,6,0,9,0,0,0,47,0,0,0,2,2,0,0,0,26,0,0,0,0,0,0,18,0,0,4,0,0,32,1,0,1
480240,258,252,15,106,139,13,152,0,152,0,0,0,0,0,31,0,1,4,0,5,0,0,0,33,0,0,0,0,0,0,0,1,19,1,0,0,0,0,0,14,0,0,4,0,0,33,5,0,1
480241,501,496,9,296,200,5,205,0,205,0,0,1,0,0,10,0,0,8,0,2,0,0,0,29,0,0,1,0,0,0,0,2,50,2,0,0,0,0,0,41,0,2,3,0,0,47,3,0,4
480242,846,833,32,392,424,30,454,0,454,3,0,0,1,0,67,1,0,13,0,12,0,0,0,156,1,0,0,0,1,0,0,0,65,1,0,0,0,0,0,45,0,0,6,1,1,76,3,1,0
480243,1002,994,14,450,539,13,552,0,552,1,0,0,0,0,58,0,0,6,0,14,0,0,0,234,0,1,0,0,2,1,0,2,77,0,0,0,0,0,0,53,0,0,8,0,0,90,3,1,1
480244,150,17,4,136,12,2,14,0,14,0,0,0,0,0,2,0,0,0,0,0,0,0,0,4,0,0,0,0,1,0,0,0,2,0,0,0,0,0,0,1,0,0,0,0,0,4,0,0,0
480377,483,477,8,182,296,5,301,0,301,3,0,0,0,0,51,2,0,6,0,4,0,0,1,119,0,0,0,7,2,0,0,1,40,1,1,0,0,0,0,28,0,0,5,0,0,29,1,0,0
480378,84,84,2,35,48,1,49,0,49,1,0,0,0,0,1,0,0,2,0,0,0,0,0,5,0,0,0,9,0,0,0,0,3,0,1,0,0,0,0,23,0,0,0,0,0,3,1,0,0
480379,879,865,6,421,452,6,458,0,458,4,0,0,0,0,56,0,0,9,0,12,0,0,0,167,0,0,1,6,20,0,0,0,47,0,0,0,0,1,0,69,0,0,17,0,1,44,2,0,2
480380,729,729,24,292,414,23,437,0,437,4,0,0,1,1,42,1,2,9,0,7,0,0,0,153,0,0,0,3,2,0,1,5,92,0,0,0,0,0,1,54,0,0,9,0,1,43,5,0,1
480381,771,758,18,343,413,15,428,0,428,2,0,0,3,0,0,50,0,5,0,14,0,2,1,180,0,1,0,27,4,0,0,1,55,0,0,0,1,1,0,51,0,0,5,1,0,19,3,1,1
480382,219,213,15,88,116,15,131,0,131,2,0,0,0,0,25,0,0,2,0,3,0,0,0,44,0,0,0,3,0,0,0,0,18,0,0,0,1,0,0,23,0,0,0,0,2,7,0,0,1
480383,66,64,2,30,34,2,36,0,36,1,0,0,0,0,5,0,0,0,0,4,0,0,0,8,0,0,0,3,0,0,0,0,5,0,0,0,0,0,0,3,0,0,0,0,0,7,0,0,0
480384,636,630,47,183,408,45,453,0,453,6,0,0,1,0,18,0,0,2,0,14,0,0,0,117,0,2,0,3,4,0,0,1,64,0,0,0,0,0,0,114,0,0,9,0,1,89,7,0,1
480385,1080,1070,17,470,593,17,610,0,610,9,0,0,2,1,130,2,0,9,0,20,0,1,0,246,0,1,0,3,3,1,1,2,37,1,0,0,0,0,0,67,0,0,26,0,1,43,2,0,2
480386,870,855,8,393,472,5,477,0,477,6,0,2,0,2,85,0,0,8,0,34,0,0,0,182,0,0,0,2,1,0,0,0,25,1,0,0,0,0,0,65,1,0,21,0,0,40,1,0,1
480387,909,896,5,404,501,4,505,0,505,5,1,1,0,0,80,1,0,8,0,40,0,0,3,223,0,1,0,0,2,0,0,0,48,0,0,0,1,0,1,40,0,0,6,0,2,39,0,1,2
480388,1197,1189,15,570,615,12,627,0,627,5,3,0,1,1,97,1,0,15,1,22,0,0,1,269,0,2,0,3,1,0,1,1,43,0,1,0,0,0,1,63,0,0,26,0,0,60,1,2,6
480389,918,917,1,392,525,1,526,0,526,6,0,2,1,1,55,0,1,15,0,41,0,0,0,209,1,0,0,2,3,0,0,0,27,0,0,1,0,0,0,70,0,0,23,1,0,61,2,0,4
480390,822,812,1,363,458,1,459,0,459,3,0,0,0,0,43,0,1,8,0,43,0,1,0,163,2,3,0,1,2,0,0,1,44,0,3,1,0,0,0,74,0,0,24,0,0,36,0,1,5
480391,261,266,0,113,148,0,148,0,148,0,0,0,0,0,8,0,0,6,0,3,0,1,0,55,0,0,0,0,1,0,0,0,18,0,0,0,0,0,0,17,0,0,3,0,0,35,1,0,0
480392,825,809,42,322,465,38,503,0,503,1,0,0,0,1,40,1,0,1,0,25,0,0,0,99,0,0,0,102,0,0,0,1,87,1,1,0,0,0,2,81,0,1,7,0,0,49,2,0,1
480393,834,819,16,396,422,16,438,0,438,3,0,0,0,0,48,0,0,13,0,16,0,0,0,180,0,1,0,3,2,0,0,0,51,2,0,0,0,0,1,55,0,0,6,0,0,53,2,1,1
480394,1185,1172,14,466,708,11,719,0,719,6,1,0,0,1,91,1,0,15,0,43,1,2,0,288,0,1,0,2,1,0,0,1,97,0,0,0,0,0,0,83,0,1,16,0,0,61,5,1,1
480395,123,123,3,36,85,2,87,0,87,1,0,0,0,0,17,2,0,1,0,3,0,0,0,26,0,1,0,0,0,0,0,1,11,0,1,0,0,0,0,8,0,0,0,0,0,12,3,0,0
480396,1017,1003,57,450,516,51,567,0,567,8,0,0,0,1,101,1,0,9,1,16,0,1,1,196,2,1,0,1,2,0,0,2,95,0,0,0,1,1,2,57,0,0,7,0,1,58,1,1,0
480397,411,405,10,161,242,8,250,0,250,2,0,0,1,0,12,0,1,2,0,5,0,0,0,67,0,1,0,1,0,0,0,0,37,0,3,0,0,0,3,67,0,0,2,0,0,41,5,0,0
480398,783,768,45,342,402,39,441,0,441,2,0,0,1,0,64,0,0,6,0,5,0,0,1,154,1,0,0,2,0,1,0,0,87,0,1,0,0,0,0,43,0,0,14,0,1,52,4,1,1
480399,381,375,19,126,239,16,255,0,255,1,0,0,0,0,25,0,1,3,0,7,0,0,0,88,1,0,1,1,9,0,0,0,35,1,0,0,0,0,0,40,0,0,6,0,0,31,2,1,2
480400,150,147,13,56,83,11,94,0,94,0,0,0,0,0,17,0,0,1,0,2,0,0,0,28,0,0,0,1,1,0,0,0,8,1,0,0,0,0,0,9,0,0,0,0,0,24,2,0,0
480401,459,457,14,183,265,11,276,0,276,4,0,0,0,0,19,0,0,2,1,10,0,1,0,98,0,1,1,0,3,0,0,2,36,2,0,1,0,0,0,51,0,0,2,0,2,39,1,0,0
480402,615,608,28,261,332,22,354,0,354,5,0,3,0,1,30,0,0,5,0,12,0,0,0,112,0,0,0,1,3,0,0,3,63,0,0,0,1,0,1,50,0,0,11,1,1,46,2,0,3
480403,468,468,41,156,278,34,312,0,312,1,0,0,0,0,47,2,0,7,0,11,0,0,0,68,0,0,0,0,2,0,0,2,74,2,1,0,0,0,1,49,0,0,7,0,0,35,3,0,0
480404,615,609,14,290,311,14,325,0,325,3,0,0,1,1,40,1,0,14,0,13,0,0,2,93,0,0,0,2,1,0,0,0,61,0,0,0,0,0,1,51,0,0,3,0,0,34,2,0,2
480405,720,718,14,312,394,14,408,0,408,5,0,0,0,2,57,1,0,16,0,19,0,1,1,141,0,1,1,7,1,0,0,1,63,1,0,0,0,0,0,41,0,0,10,0,1,31,5,0,2
480406,123,14,3,109,11,3,14,0,14,1,0,0,0,0,1,1,0,0,0,1,0,0,0,3,0,0,0,0,0,0,0,0,2,0,0,0,0,0,0,0,0,0,0,0,0,5,0,0,0
480553,1656,1638,31,762,870,24,894,0,894,15,1,0,1,2,125,2,0,31,0,18,0,0,1,410,1,0,0,1,9,0,0,1,71,2,3,0,0,0,2,115,0,0,14,0,2,59,2,1,5
480554,318,316,26,104,191,23,214,0,214,1,0,0,0,0,32,1,0,8,0,3,0,0,0,71,0,1,0,1,1,0,0,0,39,1,1,0,0,0,0,25,0,0,6,0,1,18,4,0,0
480555,339,334,29,110,207,22,229,0,229,2,0,1,0,0,19,0,0,13,1,8,0,0,1,84,0,0,0,1,4,1,0,2,43,0,0,0,0,0,0,23,0,0,1,0,2,20,2,0,1
480556,867,860,51,372,449,46,495,0,495,8,0,1,0,2,74,0,0,28,0,23,0,1,0,152,0,1,0,1,4,0,1,0,60,0,5,0,0,0,0,61,0,0,6,0,14,48,1,2,2
480557,1293,1279,37,672,594,27,621,0,621,5,0,0,3,3,60,0,0,44,0,15,0,0,1,256,0,0,0,12,5,0,0,2,50,1,0,0,0,1,0,54,0,0,7,0,1,96,2,0,3
480558,1326,1310,22,620,686,20,706,0,706,14,0,3,0,0,71,4,0,32,0,34,0,1,0,283,0,0,0,19,3,0,0,1,49,0,4,0,0,0,1,62,0,0,30,0,2,87,4,1,1
480559,756,757,50,295,415,46,461,0,461,1,0,0,2,0,56,0,0,30,0,12,0,0,0,197,0,1,0,6,0,0,0,1,43,1,0,0,0,0,0,40,0,0,2,0,5,56,6,1,1
480560,807,793,48,346,416,45,461,0,461,7,0,0,1,0,59,0,0,10,0,12,0,0,3,184,0,0,1,6,2,0,0,0,49,0,0,1,0,0,0,55,0,0,8,0,3,56,2,0,2
480561,786,779,71,339,382,65,447,0,447,1,1,0,0,1,32,0,0,13,0,18,0,0,0,148,0,0,0,29,3,0,1,3,88,0,2,0,0,0,0,68,1,0,3,1,0,32,2,0,0
480562,570,559,40,241,291,38,329,0,329,5,0,0,0,1,38,0,0,17,0,14,0,0,0,120,1,1,0,3,3,0,0,0,39,0,1,0,0,0,0,32,0,2,6,0,0,33,3,2,8
480563,597,591,51,219,331,47,378,0,378,2,0,0,0,0,31,0,0,15,0,7,0,0,0,149,2,0,0,0,3,0,0,1,58,0,2,0,1,1,0,53,0,1,10,0,1,37,1,0,3
480564,834,821,49,312,475,47,522,0,522,6,1,0,2,1,53,2,0,27,1,19,0,0,0,208,0,1,0,1,8,1,0,0,62,0,0,0,0,0,0,45,0,1,11,0,0,64,3,0,5
480565,612,605,58,278,283,51,334,0,334,5,0,1,0,0,26,0,0,6,0,13,1,0,0,139,0,0,0,1,4,0,0,2,49,0,2,0,0,0,0,29,1,0,8,0,0,39,0,0,8
480566,396,389,26,197,179,20,199,0,199,4,1,0,0,1,16,0,0,8,0,8,0,0,0,59,0,0,0,3,0,0,0,0,23,1,0,0,0,0,0,51,0,0,3,0,1,13,5,1,1
480567,378,382,18,107,254,17,271,0,271,1,0,0,0,0,8,0,0,5,0,4,0,0,0,65,0,1,0,136,3,0,1,0,22,0,0,0,0,0,1,12,0,0,0,0,1,11,0,0,0
480568,1542,1533,43,638,872,32,904,0,904,10,1,0,2,0,133,1,0,21,0,57,0,0,0,297,0,1,1,3,4,0,0,1,83,1,9,0,0,0,0,153,0,0,20,0,3,94,3,0,6
480569,78,79,0,33,45,0,45,0,45,0,0,0,0,0,7,0,0,2,0,0,0,0,0,5,0,0,0,0,0,0,0,1,5,0,0,0,0,0,0,5,0,0,2,0,1,16,1,0,0
480570,156,156,4,53,99,4,103,0,103,0,0,0,0,1,1,0,0,3,0,4,0,0,0,37,0,0,0,1,1,0,0,0,16,0,0,0,0,0,2,17,0,0,5,0,1,10,2,0,2
480571,207,202,10,60,138,9,147,0,147,1,0,0,1,0,4,0,0,4,0,13,0,0,0,39,0,0,1,5,0,0,0,0,20,0,1,0,1,0,0,36,0,0,1,0,1,15,1,1,2
480572,342,333,26,136,183,23,206,0,206,2,0,0,1,0,23,1,0,4,0,12,0,0,1,67,0,0,0,0,0,0,0,0,22,1,0,0,0,0,0,33,0,0,2,0,0,36,1,0,0
480573,162,159,20,71,74,17,91,0,91,1,0,0,0,0,7,0,0,4,1,4,0,0,0,17,0,0,0,0,0,0,0,0,19,0,0,0,0,1,1,27,0,0,0,0,0,9,0,0,0
480574,522,520,31,145,348,29,377,0,377,7,0,0,0,4,101,1,0,25,0,13,0,0,0,108,0,1,0,2,0,0,1,1,42,0,0,0,0,0,1,32,0,0,3,0,2,27,3,0,3
480575,273,271,13,112,150,11,161,0,161,5,1,0,0,0,8,0,0,12,2,7,0,0,0,52,0,1,1,1,1,0,0,1,15,0,0,0,0,1,0,26,0,0,6,1,0,15,2,0,3
480576,102,103,4,37,64,1,65,0,65,1,1,0,0,0,12,0,0,7,0,3,0,0,0,18,0,1,0,1,0,0,0,1,3,0,0,0,0,0,0,4,0,0,1,0,1,9,2,0,0
480577,177,174,2,81,94,2,96,0,96,1,0,0,0,0,13,0,0,7,0,9,0,0,0,26,1,1,0,0,0,0,0,0,12,0,0,0,1,0,0,9,0,1,1,0,0,12,0,1,1
480578,1056,1044,68,482,522,52,574,0,574,8,3,1,2,1,43,1,0,19,0,28,0,0,0,207,0,0,0,2,2,0,0,1,68,1,1,0,0,0,0,72,1,3,11,1,1,88,5,0,4
480579,720,715,41,299,381,40,421,0,421,5,0,0,3,1,35,1,0,23,0,16,0,0,0,161,0,0,0,2,3,0,0,0,47,0,0,0,0,0,0,62,0,3,14,0,0,36,4,0,5
480580,507,500,19,105,384,18,402,0,402,3,0,1,2,2,46,3,0,16,0,14,0,0,0,98,0,1,0,0,0,0,0,3,48,1,0,0,0,0,0,50,0,0,6,0,0,101,4,0,3
480581,492,482,28,194,273,25,298,0,298,5,0,1,1,1,24,0,0,6,0,10,0,0,0,109,0,0,1,1,2,0,0,0,49,1,1,0,0,0,0,38,0,0,0,0,1,36,5,0,6
480582,861,838,56,394,419,48,467,0,467,3,0,0,0,0,54,1,0,19,0,28,0,0,2,151,2,0,0,2,4,0,0,2,47,0,2,0,0,0,1,59,0,2,15,0,4,66,1,0,2
480583,558,548,38,223,306,29,335,0,335,2,0,0,0,3,51,0,0,16,0,14,0,0,0,110,1,1,1,0,0,1,0,1,49,0,0,0,0,0,0,37,1,0,4,0,2,36,3,0,2
480584,633,631,56,241,350,42,392,0,392,6,0,0,0,1,31,0,0,4,0,7,0,2,0,181,0,0,1,1,0,0,0,0,42,1,1,0,0,0,0,24,0,0,5,0,3,76,6,0,0
480585,174,178,23,65,86,23,109,0,109,0,0,0,1,0,8,0,1,10,0,4,0,0,0,28,0,1,1,0,1,0,0,0,26,0,0,0,0,0,0,13,0,0,4,0,0,11,0,0,0
480586,444,437,24,192,236,16,252,0,252,0,0,0,1,1,17,0,0,8,0,19,0,0,0,89,0,0,0,32,0,0,0,0,38,0,0,0,0,0,1,9,0,0,5,0,2,25,3,1,1
480587,963,950,78,447,452,64,516,0,516,8,0,0,1,0,62,0,0,24,0,28,0,0,0,179,1,1,0,7,7,0,0,1,51,1,1,0,0,0,0,43,0,1,13,1,0,76,5,2,3
480588,537,537,48,256,241,40,281,0,281,2,0,0,1,0,33,0,0,9,0,11,0,0,0,105,1,0,0,1,0,0,0,0,30,3,1,0,0,0,0,36,0,0,5,0,0,43,0,0,0
480589,225,219,13,82,131,12,143,0,143,0,0,0,0,0,4,0,0,5,0,4,0,0,0,64,0,0,0,0,0,0,0,1,16,0,0,0,0,0,0,14,0,0,7,0,5,22,0,0,1
480590,132,128,8,59,69,4,73,0,73,0,0,0,0,0,4,0,0,6,0,3,0,0,0,21,0,0,0,0,0,0,0,1,18,1,0,0,0,0,0,2,0,0,0,0,0,14,3,0,0
480591,135,136,7,49,81,5,86,0,86,2,0,0,0,0,12,0,0,5,0,3,0,0,0,17,0,0,0,0,3,0,0,1,18,0,0,0,0,0,2,14,0,0,3,0,0,5,1,0,0
480592,75,76,8,19,49,7,56,0,56,0,0,0,0,0,0,0,0,9,0,5,0,0,0,9,1,0,0,0,0,0,0,0,8,0,0,0,0,0,0,11,0,0,1,0,0,10,1,0,1
480593,471,465,8,228,237,6,243,0,243,1,0,1,2,0,23,0,0,10,0,18,0,0,0,73,0,0,0,12,0,1,0,2,27,0,0,0,0,0,1,39,1,0,3,0,0,24,4,1,0
480674,1890,1858,26,771,1097,22,1119,0,1119,12,1,3,4,0,174,2,0,50,1,68,0,0,1,376,1,0,0,8,19,1,0,0,33,0,2,0,0,0,0,160,0,1,63,0,1,131,3,0,4
480675,1620,1616,21,614,988,18,1006,0,1006,11,4,1,4,1,190,1,1,51,0,42,1,1,0,339,1,0,0,9,8,0,0,0,25,0,1,0,0,0,0,131,0,0,51,0,4,120,9,0,0
480676,720,743,7,251,464,5,469,0,469,6,0,0,0,1,63,0,0,17,0,13,0,0,0,188,0,0,0,9,10,0,0,1,23,0,1,0,0,0,0,60,0,0,21,0,1,51,3,0,1
480677,999,986,18,507,481,11,492,0,492,1,1,1,0,0,79,1,1,12,0,18,1,1,1,208,2,0,0,3,11,0,0,0,12,0,2,0,0,0,0,41,0,0,19,0,2,68,5,0,2
480678,960,947,14,418,531,11,542,0,542,6,2,0,1,1,92,0,0,18,0,32,0,4,0,207,2,0,0,2,6,0,0,0,11,0,0,0,0,1,1,66,0,0,21,0,0,65,4,0,0
480679,2325,2203,20,1072,1242,11,1253,0,1253,21,3,0,5,3,297,1,0,50,0,64,0,1,1,472,0,0,0,9,16,0,0,2,34,1,2,0,0,0,1,118,0,0,46,0,1,99,3,0,3
480680,2070,2027,10,932,1130,8,1138,0,1138,13,2,0,2,1,228,2,0,37,1,57,0,0,0,371,5,1,0,12,25,0,0,0,36,1,0,0,0,0,0,150,0,0,55,0,1,129,8,0,1
480681,1842,1823,11,909,928,5,933,0,933,20,0,0,2,0,143,0,1,43,0,33,0,0,1,390,0,0,0,1,8,0,0,4,37,0,2,0,0,1,0,86,0,2,34,0,0,111,7,2,5
480682,1716,1686,12,826,880,10,890,0,890,11,1,1,0,0,123,4,0,38,0,55,0,1,1,294,0,3,0,4,9,0,0,2,45,1,1,0,0,0,1,144,0,0,19,0,6,118,5,0,3
480683,1902,1884,12,784,1110,8,1118,0,1118,12,0,0,3,2,215,3,0,56,0,44,1,1,0,432,0,0,0,3,8,0,1,1,48,0,1,0,0,0,1,123,0,0,54,0,5,96,4,0,4
480684,1614,1692,14,640,966,8,974,0,974,10,1,2,3,0,195,4,0,57,1,43,0,1,1,382,0,0,0,4,8,0,1,0,23,0,0,0,2,0,0,99,0,1,47,0,1,85,2,0,1
480685,1638,1618,34,729,882,27,909,0,909,15,4,2,1,0,127,1,0,43,0,35,0,0,1,388,1,0,0,10,4,0,0,1,38,0,0,0,0,0,0,93,0,1,27,0,3,106,7,0,1
480686,1134,1110,12,571,554,9,563,0,563,4,0,1,0,2,73,1,0,27,0,27,0,1,1,224,0,1,0,3,9,0,0,0,19,0,1,0,1,0,0,72,0,0,15,1,1,71,5,2,1
480687,1329,1313,8,567,756,6,762,0,762,3,0,2,1,2,134,0,1,38,0,54,0,1,0,285,2,0,0,8,6,0,0,0,37,1,1,0,0,0,0,65,0,0,30,0,0,88,0,1,2
480688,1572,1554,38,711,828,33,861,0,861,8,2,0,0,0,139,4,0,44,0,32,0,1,0,336,0,0,0,4,4,0,0,0,38,0,4,0,0,0,0,104,0,0,31,0,5,99,2,0,4
480689,1194,1175,37,572,591,31,622,0,622,4,0,1,0,1,99,0,1,20,0,27,0,1,1,232,3,3,0,4,4,0,2,1,33,0,1,0,0,0,0,71,0,0,24,2,1,80,4,0,2
480690,1896,1861,48,790,1075,31,1106,0,1106,17,2,1,1,0,134,0,0,48,1,55,0,0,0,461,0,1,0,4,11,0,0,0,51,0,3,0,0,0,0,131,1,0,27,0,2,142,11,0,2
480691,516,509,6,231,283,2,285,0,285,1,1,2,0,0,53,0,0,16,1,14,0,0,0,115,0,0,0,0,3,0,0,1,18,0,1,0,0,0,1,38,0,0,4,0,1,13,2,0,0
480692,1365,1351,24,606,740,19,759,0,759,11,2,2,1,2,84,0,0,42,0,35,0,0,1,298,0,1,0,5,7,0,0,0,33,0,3,0,0,0,2,90,0,0,24,0,2,104,7,0,3
480693,1269,1252,11,596,664,9,673,0,673,12,1,1,1,1,74,2,1,22,0,30,0,0,1,293,0,1,0,1,11,0,0,0,38,1,2,0,0,0,1,84,0,0,26,0,1,59,5,0,4
480694,720,724,4,315,402,3,405,0,405,5,0,0,0,0,60,0,0,20,0,24,0,0,0,130,1,0,0,2,4,0,0,1,16,0,0,0,1,0,0,69,1,0,9,0,3,56,2,0,1
480695,1932,1911,32,780,1131,21,1152,0,1152,28,5,1,1,1,169,1,1,47,1,50,1,1,1,417,0,1,0,6,14,0,3,1,65,2,0,0,0,0,1,141,0,0,38,1,1,139,7,0,7
480696,1866,1820,15,846,1010,10,1020,0,1020,10,4,2,1,1,154,1,1,39,0,52,1,0,1,428,0,0,0,5,5,0,0,0,32,1,0,0,0,0,0,126,1,0,38,0,0,110,4,0,3
480697,2157,2136,33,1037,1099,21,1120,0,1120,4,3,3,4,2,182,2,0,33,0,57,0,0,0,433,1,0,0,4,9,0,0,1,52,0,1,0,0,0,0,148,0,5,42,0,2,128,0,2,2
480698,1335,1329,14,595,729,11,740,0,740,12,1,0,2,2,70,0,0,43,0,39,0,0,0,303,0,1,0,1,10,1,0,2,54,1,2,0,0,0,0,85,0,0,29,0,1,74,2,1,4
480699,1245,1231,12,622,615,8,623,0,623,5,0,2,1,0,76,1,0,14,0,31,0,1,2,259,1,0,1,0,3,0,0,1,26,1,3,0,0,0,2,76,0,2,16,0,2,89,5,2,1
480700,1422,1394,13,627,784,11,795,0,795,10,0,0,2,0,130,0,0,33,0,46,0,0,0,315,3,0,0,4,1,0,0,0,42,1,0,0,1,0,0,83,0,1,29,0,1,86,5,1,1
480701,1926,1901,7,846,1076,4,1080,0,1080,7,2,0,3,1,167,0,0,49,0,51,0,1,1,453,1,1,0,6,9,0,0,3,37,0,3,0,0,0,0,103,0,1,40,0,2,129,5,0,5
480702,2028,1992,15,1006,1010,12,1022,0,1022,4,1,2,3,0,223,1,0,64,0,47,0,1,0,356,0,1,0,3,12,0,0,2,49,2,2,1,0,0,1,99,0,0,43,0,2,96,2,0,5
480703,2190,2172,26,827,1349,14,1363,0,1363,19,1,1,4,3,260,1,0,87,1,60,0,0,1,462,1,0,0,10,17,0,0,2,37,1,3,2,0,1,0,156,0,1,82,0,1,138,7,2,2
480704,2331,2293,19,963,1356,12,1368,0,1368,19,1,2,3,1,313,2,0,89,0,61,0,0,1,445,0,0,1,15,12,0,0,0,35,1,5,0,0,0,0,168,0,0,94,2,1,94,0,0,3
480705,2280,2214,23,962,1300,18,1318,0,1318,12,2,0,6,2,316,1,0,74,1,51,0,0,0,525,1,0,1,13,7,0,0,0,28,1,3,0,0,0,0,142,1,0,32,1,3,85,3,2,5
480706,2343,2299,21,954,1371,18,1389,0,1389,13,2,3,2,0,294,5,1,83,0,77,0,0,0,501,1,0,0,6,10,0,0,0,22,0,5,0,0,0,0,169,0,1,89,0,1,97,4,0,3
480707,246,35,17,221,14,11,25,0,25,0,0,0,0,0,4,0,0,3,0,1,0,0,0,8,0,0,0,0,1,0,0,0,3,0,0,0,0,0,0,3,0,0,0,0,0,2,0,0,0
480708,96,17,0,79,17,0,17,0,17,1,0,0,0,0,3,0,0,1,0,1,0,0,0,3,0,0,0,0,0,0,0,0,1,0,0,0,0,0,0,4,0,0,1,0,0,1,1,0,0
480709,165,23,7,143,15,7,22,0,22,1,0,0,0,0,4,0,0,2,0,1,0,0,0,3,0,0,0,0,1,0,0,1,2,0,0,0,0,0,0,3,0,0,0,0,0,3,0,1,0,01,04,2019,00,15
