530001,2192,2199,40,797,1357,38,1395,0,1395,16,1,1,5,3,155,2,0,32,0,59,0,0,0,493,3,2,0,1,9,1,0,0,113,0,2,0,0,0,1,132,0,2,142,5,2,198,8,0,7
530002,2058,2032,30,797,1237,24,1261,0,1261,10,6,2,4,3,128,0,0,16,1,65,0,0,1,416,8,1,1,1,6,0,0,1,138,2,4,0,0,0,1,83,0,5,111,0,0,236,4,0,7
530003,315,312,12,119,184,12,196,0,196,0,0,0,0,0,18,0,0,1,0,6,0,0,0,85,0,0,0,0,3,0,0,0,30,2,0,0,0,0,0,6,0,0,3,0,0,38,4,0,0
530004,336,333,25,111,200,25,225,0,225,1,1,1,0,0,21,1,1,4,0,7,0,0,0,79,0,0,0,0,3,0,0,2,23,0,2,0,0,0,0,18,0,0,23,0,0,35,2,0,1
530005,279,280,10,87,182,10,192,0,192,1,0,1,0,0,11,0,0,1,0,13,0,0,0,66,2,0,0,0,2,0,0,1,28,0,1,0,0,0,0,15,0,0,18,0,1,29,1,0,1
530006,162,164,9,52,104,6,110,0,110,0,0,0,0,0,12,0,0,0,0,5,0,0,0,29,0,0,0,0,2,0,0,2,20,0,0,0,0,0,0,13,0,1,8,0,0,18,0,0,0
530007,291,291,44,95,153,43,196,0,196,2,0,0,1,0,19,0,0,2,0,3,0,0,0,42,0,1,0,0,0,0,0,0,28,0,1,0,0,0,1,21,0,0,9,0,0,62,1,0,3
530008,135,132,16,32,87,16,103,0,103,1,0,0,0,0,11,0,0,1,0,4,0,0,0,10,0,0,0,0,7,1,0,0,4,0,0,0,0,0,0,8,0,0,1,0,2,51,1,0,1
530009,198,196,26,59,113,26,139,0,139,5,0,0,0,0,4,0,0,7,0,4,0,0,0,33,0,0,0,0,0,0,0,1,23,0,0,0,0,0,1,21,0,0,3,0,0,33,1,1,2
530010,1899,1877,59,671,1176,52,1228,0,1228,20,2,4,3,2,126,1,0,17,0,58,0,0,0,436,5,0,0,0,14,2,0,3,102,1,5,0,1,0,1,82,0,0,154,0,2,169,7,2,9
530011,420,423,39,110,275,35,310,0,310,7,0,1,0,0,12,0,0,1,1,13,0,0,0,109,0,3,0,0,3,1,0,0,63,0,0,0,0,0,1,18,0,1,10,0,1,58,6,1,0
530012,636,635,40,211,390,35,425,0,425,3,4,0,0,0,32,0,0,6,1,16,0,2,0,168,1,0,2,0,6,0,0,1,45,0,0,0,0,0,0,37,0,1,26,0,0,72,0,0,2
530013,729,721,56,196,484,49,533,0,533,5,0,0,1,1,31,0,1,4,1,28,0,1,1,162,2,1,0,0,1,0,1,1,59,3,0,0,0,0,0,71,1,0,44,0,0,100,7,1,5
530014,201,200,24,41,138,22,160,0,160,4,1,0,1,0,13,0,0,1,0,4,0,0,0,50,0,0,0,0,3,0,0,0,24,0,0,0,0,0,0,17,0,0,9,0,0,32,0,0,1
530015,387,388,28,103,256,28,284,0,284,2,0,0,0,0,19,0,0,3,0,11,0,0,1,94,2,0,0,0,0,0,0,2,31,1,2,0,0,0,1,30,1,1,14,0,0,61,5,0,3
530016,540,538,39,162,339,39,378,0,378,2,1,0,0,0,23,0,1,6,0,26,0,0,0,121,0,0,0,0,2,0,0,0,84,0,0,0,0,0,1,24,0,0,24,0,0,57,3,0,3
530017,261,258,18,66,177,18,195,0,195,2,0,1,0,0,7,1,0,2,0,9,0,0,0,38,1,1,0,0,0,0,0,0,30,0,0,1,0,0,0,22,0,0,0,0,3,66,9,0,2
530018,300,297,19,64,217,19,236,0,236,2,0,0,0,0,9,1,0,3,0,21,0,0,0,65,0,1,0,0,1,0,0,0,33,0,0,0,0,0,0,19,0,0,15,0,1,58,4,1,2
530019,237,233,26,59,153,25,178,0,178,0,1,0,0,0,24,0,0,4,0,4,0,0,0,38,0,0,0,0,0,0,0,0,18,0,0,0,0,0,1,16,0,0,7,0,1,58,2,1,3
530020,555,550,26,191,339,25,364,0,364,1,0,0,0,0,20,0,0,2,0,16,0,0,0,130,3,0,0,0,4,0,0,0,42,1,1,0,1,0,0,30,0,0,38,0,0,69,2,1,3
530021,342,335,23,121,199,22,221,0,221,0,0,0,0,0,20,0,0,2,1,11,0,0,0,73,0,0,0,0,1,0,0,1,37,0,0,0,0,0,0,9,0,0,20,0,1,43,1,0,1
530022,126,126,5,43,78,5,83,0,83,1,0,0,0,0,17,0,0,2,0,4,0,0,0,19,0,0,0,0,0,0,0,0,17,0,0,0,0,0,0,13,0,0,4,0,0,6,0,0,0
530023,948,938,112,299,543,106,649,0,649,6,0,0,1,2,36,2,0,3,0,27,0,0,0,186,0,2,0,0,5,0,1,1,62,0,2,0,0,0,0,48,0,0,74,0,0,175,12,2,2
530024,423,417,50,121,255,47,302,0,302,3,1,2,0,0,25,0,0,4,0,18,0,0,0,105,0,0,0,0,6,0,1,0,35,1,0,0,1,0,1,21,0,0,10,0,0,64,2,0,2
530025,222,217,25,68,129,25,154,0,154,3,0,0,1,0,10,0,0,1,0,7,0,0,0,43,2,1,1,0,0,0,0,0,26,0,0,0,0,0,0,19,0,0,11,1,0,27,0,0,1
530026,1002,987,41,430,531,41,572,0,572,6,0,1,0,0,39,0,0,2,0,23,0,1,0,134,2,2,1,0,2,0,0,2,67,0,0,0,0,0,1,25,0,1,22,0,1,218,20,0,2
530027,141,137,14,73,54,14,68,0,68,1,0,0,0,1,9,0,0,2,0,0,0,0,0,10,1,2,0,0,0,0,0,0,19,0,0,0,0,0,0,4,0,0,1,0,0,17,0,0,1
530028,624,617,52,182,390,52,442,0,442,7,0,1,1,1,32,0,0,4,0,13,0,0,0,138,0,0,0,0,5,0,0,0,71,0,0,0,0,0,0,37,0,0,32,0,0,94,2,0,4
530029,399,396,31,122,247,30,277,0,277,4,0,0,0,0,10,1,0,1,0,10,0,1,0,105,1,0,0,0,5,0,0,0,39,0,1,0,0,0,0,19,0,0,13,0,1,60,4,0,2
530030,1440,1430,61,581,798,61,859,0,859,11,0,3,0,1,71,0,0,14,0,42,0,0,1,314,0,0,0,1,16,1,1,2,71,0,3,0,0,0,0,64,0,0,51,0,1,170,17,0,4
530031,138,137,5,38,95,5,100,0,100,2,0,0,0,0,3,0,0,2,0,11,0,0,0,26,0,0,0,0,0,0,0,0,26,0,0,0,0,0,0,10,0,0,1,0,0,18,1,0,0
530032,258,254,22,50,186,22,208,0,208,3,0,1,1,0,26,0,0,1,0,2,0,0,0,67,0,0,0,0,3,0,0,1,35,1,0,0,0,0,0,17,0,0,3,0,0,44,3,0,0
530033,123,121,21,17,85,21,106,0,106,1,0,0,0,0,7,0,0,1,0,3,0,0,0,13,0,1,0,0,2,0,0,0,29,0,0,0,0,0,0,12,0,0,0,0,0,36,1,0,0
530034,495,490,49,144,304,47,351,0,351,3,1,0,0,0,33,0,0,3,1,23,0,0,0,102,0,1,0,0,7,0,0,1,40,0,1,0,0,0,0,23,0,1,18,0,0,84,2,0,7
530035,246,246,25,77,144,25,169,0,169,3,1,1,0,1,17,0,0,1,0,7,0,0,0,39,0,0,0,0,2,0,0,0,36,0,2,0,0,0,0,13,0,0,7,0,0,39,0,0,0
530474,1698,1675,29,577,1096,25,1121,0,1120,11,2,2,0,5,84,1,0,23,0,69,1,0,2,368,4,1,0,0,10,1,0,2,115,2,4,0,0,1,0,103,0,0,104,2,2,188,6,2,5
530475,1536,1520,26,581,933,22,955,0,955,9,1,1,1,1,51,2,0,18,0,54,0,0,0,337,2,0,0,0,14,1,1,3,95,1,1,0,0,0,0,109,0,3,100,0,0,139,5,0,6
530476,1131,1120,14,417,701,13,714,0,714,13,0,0,2,0,44,0,0,8,0,57,0,0,0,228,0,1,0,0,2,0,0,0,70,1,2,0,1,0,0,67,0,1,76,0,0,132,5,0,4
530477,870,866,28,287,555,28,583,0,583,6,2,0,0,0,49,0,0,10,0,27,0,0,0,169,4,1,0,0,1,0,0,2,80,0,2,0,0,0,0,40,0,2,50,0,0,126,3,0,9
530478,237,244,7,100,134,3,137,0,137,2,0,0,0,0,8,0,0,4,0,4,0,0,0,46,0,0,0,0,0,0,0,0,23,0,0,0,0,0,0,18,0,0,7,0,0,20,2,0,3
530479,483,481,1,152,331,0,331,0,331,9,0,0,1,0,16,0,0,4,1,18,0,1,0,123,0,1,0,0,7,0,1,0,40,1,2,0,1,0,0,30,0,1,10,0,1,50,6,3,4
530480,588,576,31,207,353,28,381,0,381,3,0,0,0,1,23,2,1,1,0,28,0,0,0,98,1,3,0,0,1,0,0,0,54,0,0,0,0,0,0,61,0,0,15,0,1,87,0,0,1
530481,378,376,37,132,214,32,246,0,246,4,0,0,0,1,31,0,0,3,0,6,0,0,0,62,0,0,0,0,1,0,0,1,43,0,0,0,0,0,0,27,0,0,11,0,0,51,1,2,2
530482,450,447,59,158,241,51,292,0,292,1,2,0,0,1,10,0,0,2,0,9,0,0,0,73,0,1,0,0,1,0,0,0,54,2,1,0,0,0,0,37,0,0,26,0,0,65,3,0,4
530483,1203,1193,67,532,611,60,671,0,671,8,0,4,1,0,60,0,0,16,0,33,0,0,1,196,2,1,0,1,2,0,0,0,106,2,3,1,0,0,0,87,1,0,36,0,1,95,4,1,9
530484,423,417,35,158,232,33,265,0,265,1,0,1,0,0,17,0,0,0,0,13,0,0,0,71,1,1,0,0,0,0,0,0,46,0,0,0,0,0,2,39,0,0,10,0,0,50,5,0,8
530485,1014,1000,79,445,497,72,569,0,569,8,1,2,0,0,42,2,0,18,1,24,0,0,0,191,0,1,0,0,3,0,1,1,102,2,0,0,0,0,0,39,0,1,46,0,0,79,4,0,1
530486,219,215,19,90,114,15,129,0,129,2,0,0,0,0,13,0,0,2,0,5,0,0,0,39,0,0,0,0,0,0,0,1,35,0,0,0,0,0,1,8,0,0,8,0,0,13,2,0,0
530487,129,129,13,37,82,10,92,0,92,4,0,0,0,0,4,0,0,0,0,2,0,1,0,31,0,0,0,0,3,0,0,0,22,0,1,0,0,0,0,9,0,0,1,1,0,10,0,0,3
530489,693,688,35,275,383,35,418,0,418,3,0,0,0,0,32,0,0,7,0,28,0,1,2,109,0,0,0,0,3,0,0,1,70,0,1,0,0,0,1,53,0,0,19,1,1,78,5,0,3
530490,423,416,23,170,231,22,253,0,253,1,0,2,0,0,26,0,0,7,0,5,0,0,0,82,0,0,0,0,0,0,0,1,35,0,0,0,0,0,0,36,0,0,10,0,0,44,1,0,3
530491,1077,1076,60,381,638,58,696,0,696,3,1,1,0,0,36,0,0,5,0,65,0,0,0,173,1,5,0,0,2,0,0,0,100,1,1,0,1,0,0,71,0,1,30,1,2,181,9,0,6
530492,153,152,19,51,85,17,102,0,102,1,1,0,0,0,6,0,0,0,0,3,0,0,0,22,0,0,0,0,0,0,0,1,15,1,0,0,0,0,0,8,0,0,8,0,1,34,1,0,0
530493,492,486,25,173,299,20,319,0,319,4,0,0,0,1,26,0,0,0,0,26,0,0,0,93,0,0,0,0,0,0,0,0,60,1,1,0,0,0,0,25,0,1,16,1,0,60,1,0,3
530494,168,169,31,57,81,30,111,0,111,1,0,0,0,0,7,0,0,0,0,7,0,0,0,19,0,0,1,0,0,0,0,0,27,0,0,0,0,0,0,17,0,0,4,0,0,24,2,0,2
530504,309,310,20,102,190,17,207,0,207,3,0,0,0,0,28,0,0,2,0,12,0,0,0,51,1,1,0,0,3,0,0,1,25,0,1,0,0,0,0,17,0,1,22,0,0,36,0,0,3
530505,183,183,17,61,106,16,122,0,122,1,0,0,0,0,6,0,0,1,0,7,0,0,0,31,0,2,0,0,3,0,0,1,17,0,0,0,1,0,0,15,0,0,2,0,0,33,1,0,1
530506,357,354,35,115,208,34,242,0,242,1,0,0,3,0,24,0,0,3,1,6,0,0,0,70,0,0,0,0,2,0,0,0,38,0,0,0,0,0,0,28,0,0,17,0,2,40,2,0,5
530522,912,906,25,338,553,21,574,0,574,8,1,0,0,0,26,0,0,2,0,20,0,1,0,201,1,1,0,0,1,0,1,0,102,1,1,0,0,0,1,61,0,1,27,1,1,106,4,0,5
530523,660,653,7,265,388,7,395,0,395,7,1,1,1,0,14,0,0,3,0,27,0,0,0,130,0,2,0,0,4,0,0,0,61,0,0,0,0,0,0,32,0,1,33,0,0,71,3,0,4
530524,207,204,15,76,117,14,131,0,131,0,0,0,0,0,10,0,0,1,0,2,0,0,0,37,0,0,0,0,0,0,0,0,25,0,0,0,0,0,0,18,0,0,4,0,0,29,2,0,3
530525,594,583,32,228,334,32,366,0,366,4,0,0,0,0,19,1,0,4,0,24,0,0,0,105,0,0,0,0,2,1,0,1,71,0,1,0,0,0,0,34,0,1,18,0,0,70,4,1,5
530526,207,204,10,68,129,10,139,0,139,1,0,0,0,0,6,1,0,5,0,2,0,1,0,48,0,0,0,0,2,0,0,0,18,0,0,0,0,0,0,16,0,1,5,0,0,31,2,0,0
530527,591,587,42,165,386,40,426,0,426,7,2,1,0,0,19,1,0,5,1,27,0,2,1,75,0,0,0,0,2,0,0,0,113,1,1,0,0,0,0,37,1,0,24,0,0,98,2,0,6
530528,138,138,15,40,88,10,98,0,98,6,0,0,0,0,3,0,0,0,0,4,0,2,0,15,1,0,0,0,0,0,0,0,20,1,0,0,0,1,0,12,0,0,5,0,0,25,2,0,1
530529,369,366,32,63,278,28,306,0,306,3,0,0,0,0,19,0,0,7,0,8,0,0,0,64,0,1,0,0,0,0,0,1,66,1,0,0,0,0,0,29,1,0,15,1,0,84,5,0,1
530530,354,350,36,129,193,32,225,0,225,1,2,0,1,0,15,0,0,1,0,10,0,0,0,55,0,1,0,0,1,0,0,0,37,0,1,0,0,0,1,25,0,0,12,0,1,54,2,1,4
530531,357,354,18,109,230,18,248,0,248,3,1,1,0,1,15,1,0,4,0,9,0,1,1,90,1,0,0,0,3,1,0,0,43,0,1,0,0,0,0,19,0,0,15,0,0,34,1,0,3
530654,1905,1874,32,714,1162,29,1191,0,1191,11,1,2,2,0,93,1,1,23,2,68,0,1,1,441,11,3,1,0,18,0,1,0,97,1,1,0,0,0,1,123,0,3,46,0,1,223,2,2,10
530655,1176,1164,24,450,706,20,726,0,726,10,0,0,0,0,90,0,0,6,0,36,0,0,1,220,5,0,1,0,9,0,1,1,58,1,2,1,1,0,0,108,0,0,33,1,0,129,5,0,7
530656,222,221,9,52,161,9,170,0,170,2,0,0,0,0,5,0,0,1,0,8,0,0,0,30,5,0,0,0,6,0,0,0,32,0,0,0,0,0,1,24,1,0,6,0,0,44,3,0,2
530657,1410,1390,42,525,856,29,885,0,885,12,3,5,4,4,36,0,0,8,1,62,0,0,0,263,2,2,1,0,20,0,1,0,92,0,4,0,0,0,0,136,0,1,69,0,0,149,8,2,0
530658,786,779,98,247,452,87,539,0,539,9,2,0,1,0,34,1,2,6,0,30,0,0,0,131,3,0,0,1,1,0,0,0,96,0,1,0,0,0,0,73,0,0,40,1,1,99,7,0,0
530659,678,666,49,228,404,46,450,0,450,10,1,0,0,0,30,1,0,5,1,31,0,0,0,148,0,0,0,0,2,0,0,0,69,2,1,1,0,0,0,58,0,2,9,0,2,69,4,1,3
530660,1013,1005,48,357,612,44,656,0,656,14,0,2,2,1,35,0,0,10,0,48,1,1,0,189,2,3,2,0,5,0,0,3,82,0,0,0,0,0,0,67,0,0,29,0,0,150,8,2,0
530661,306,305,11,106,190,10,200,0,200,1,0,0,0,0,10,0,0,1,0,4,0,0,0,55,0,0,0,0,1,0,0,1,39,0,0,1,1,0,0,24,0,0,3,0,0,56,1,1,1
530662,444,441,12,162,272,10,282,0,282,3,0,1,1,0,23,1,0,8,0,17,0,0,0,80,0,4,0,0,5,1,0,0,48,0,0,0,0,0,1,31,0,0,17,0,0,39,0,2,0
530663,639,633,99,152,392,95,487,0,487,3,0,0,0,2,30,1,0,13,0,25,0,0,1,105,1,0,0,0,1,1,0,0,109,2,0,1,1,0,0,53,1,0,40,1,0,90,3,0,3
530664,975,967,46,353,577,45,622,0,622,8,1,0,1,0,39,0,0,16,0,42,0,0,0,181,2,1,1,0,1,0,1,1,101,1,3,0,2,0,0,76,0,2,22,0,0,110,6,0,4
530665,225,222,8,86,134,5,139,0,139,0,0,0,0,0,6,0,0,1,0,1,0,1,0,51,0,4,0,0,1,0,0,0,30,1,0,0,1,0,0,23,0,0,1,0,1,13,3,1,0
530666,138,136,5,50,84,4,88,0,88,0,0,0,0,0,3,0,0,0,0,3,0,0,0,25,0,0,0,0,0,0,0,1,32,0,0,0,0,0,0,3,0,2,3,0,1,15,0,0,0
530667,159,158,10,59,90,10,100,0,100,2,0,0,1,0,3,0,1,0,0,1,0,1,0,21,0,2,0,0,0,0,0,0,19,0,0,0,0,0,0,17,0,0,2,0,0,30,0,0,0
530668,66,65,4,40,22,4,26,0,26,0,0,0,0,0,2,0,0,0,0,0,0,0,0,10,0,0,0,0,0,0,0,0,1,0,0,0,0,0,0,7,0,0,0,0,0,4,1,0,1
530669,1005,996,42,364,604,37,641,0,641,11,0,0,0,0,49,0,0,10,1,49,0,1,1,222,4,0,0,0,5,1,0,0,60,2,2,0,0,0,0,64,0,1,43,0,0,113,1,0,1
530670,864,860,56,314,494,56,550,0,550,5,2,0,1,0,47,0,0,6,0,51,0,0,0,151,1,0,0,0,4,0,0,0,93,2,1,0,0,1,0,35,0,0,16,0,0,126,6,0,2
530671,384,380,20,116,250,18,268,0,268,4,0,2,0,0,9,0,0,2,0,9,0,0,0,76,0,0,0,0,0,0,0,1,38,0,2,0,0,0,1,56,1,0,22,0,1,42,2,0,0
530672,156,154,6,52,98,6,104,0,104,0,0,0,0,0,8,0,0,1,0,2,0,0,0,25,0,0,0,0,1,0,0,0,19,0,1,0,0,0,0,24,0,0,1,0,2,20,0,0,0
530673,621,618,18,231,373,17,390,0,390,5,0,0,1,0,15,0,0,7,0,20,0,0,0,127,1,0,0,0,6,0,0,1,64,1,0,0,0,0,0,41,0,0,23,0,1,72,4,0,1
530674,486,476,29,166,295,25,320,0,320,4,0,0,0,0,12,1,0,2,0,21,0,0,0,69,0,1,0,0,4,0,0,1,74,1,0,0,0,0,0,25,0,0,14,0,0,83,4,0,4
530675,231,231,10,64,159,8,167,0,167,0,0,0,0,0,14,1,0,5,0,2,0,0,0,76,1,1,0,0,0,0,0,0,19,3,0,0,0,0,0,11,0,0,0,1,0,29,2,1,1
530676,417,409,32,157,232,28,260,0,260,2,0,2,0,0,21,0,0,4,1,8,0,0,0,64,1,1,1,0,0,0,0,2,43,2,0,0,0,0,0,30,0,1,11,0,0,62,4,0,0
530677,549,547,23,112,414,23,437,0,437,3,0,2,0,0,8,0,0,4,0,32,0,0,0,132,0,1,0,0,4,0,0,0,78,1,1,0,0,0,0,54,0,0,23,0,1,88,4,0,1
530678,612,604,54,173,388,51,439,0,439,5,0,1,0,0,45,0,0,7,0,18,0,0,0,104,2,2,0,0,0,1,0,1,134,0,0,0,0,0,1,68,0,0,2,0,1,43,3,0,1
530679,543,536,42,174,327,42,369,0,369,7,0,1,0,0,25,1,0,0,0,20,0,0,1,137,0,1,0,0,0,0,0,0,78,1,0,0,0,0,0,27,0,0,7,0,0,57,5,0,1
530680,450,447,17,160,275,15,290,0,290,3,0,0,0,0,23,0,0,4,0,14,0,0,0,88,0,1,2,0,1,0,1,1,61,1,0,0,0,0,1,34,0,0,3,0,0,43,6,0,3
530681,522,519,19,83,421,18,439,0,439,2,0,1,0,0,22,0,0,5,0,24,0,0,0,149,0,0,0,0,8,0,0,0,88,1,0,0,0,0,0,37,0,1,7,0,0,87,4,0,3
530682,519,514,41,183,298,38,336,0,336,1,1,0,0,0,14,0,0,1,0,16,0,0,0,90,0,0,0,0,8,0,0,2,90,1,0,0,0,0,1,48,0,0,5,0,0,52,1,1,4
530683,174,173,17,30,129,15,144,0,144,0,0,0,0,0,4,0,0,0,0,2,0,0,0,36,1,0,0,0,1,0,0,0,26,0,0,0,0,0,0,18,0,0,5,1,0,49,0,0,1
530684,189,188,9,40,142,7,149,0,149,1,0,1,0,0,10,0,0,0,0,3,0,0,0,29,0,0,0,0,0,0,0,0,54,0,0,0,0,0,0,9,0,0,7,0,0,31,3,0,1
530685,729,721,65,225,440,64,504,0,504,3,0,0,1,0,21,0,0,1,1,24,0,1,0,103,1,0,0,0,5,0,0,0,84,0,0,0,0,0,0,55,0,1,10,0,0,182,8,0,3
530686,243,236,5,63,175,5,180,0,180,0,0,0,2,0,7,0,0,1,0,6,0,0,0,49,0,0,0,0,2,0,0,0,57,0,0,0,0,0,0,20,0,0,7,0,2,26,0,0,1
530687,513,504,63,167,287,59,346,0,346,5,0,1,0,0,23,0,0,0,0,9,0,0,0,110,0,0,0,0,1,0,0,2,58,1,0,0,0,1,1,40,0,0,6,0,0,85,3,0,0
530818,684,682,64,230,390,64,454,0,454,3,1,0,0,0,32,0,0,7,0,32,0,1,0,144,0,0,0,0,5,0,0,2,88,0,2,0,0,0,0,50,0,6,5,0,0,71,4,1,0
530819,444,434,19,170,259,15,274,0,274,3,1,0,0,0,28,0,0,5,0,11,0,0,0,65,0,1,0,0,7,0,0,1,37,0,1,0,1,0,0,41,2,8,8,0,0,51,3,0,0
530820,504,492,52,185,273,46,319,0,319,2,0,0,1,0,20,1,0,5,0,23,0,0,0,59,0,0,0,0,6,0,0,0,69,0,1,0,0,0,2,44,0,1,16,0,0,67,2,0,0
530821,348,339,37,126,187,35,222,0,222,3,0,0,0,0,20,1,0,3,0,3,1,0,0,51,0,0,0,0,3,0,0,0,80,0,0,0,0,0,0,20,0,4,3,0,0,30,0,0,0
530822,756,744,56,335,374,47,421,0,421,7,0,0,0,0,27,0,1,4,0,21,0,1,0,134,1,1,0,0,6,0,0,0,68,2,1,0,0,0,0,32,1,24,34,0,0,54,1,0,1
530823,807,793,68,295,449,63,512,0,512,8,0,0,0,0,40,0,0,5,0,19,0,4,1,129,0,1,0,0,9,1,0,0,63,0,0,0,0,0,0,42,0,48,16,0,0,120,4,0,2
530824,633,626,58,241,335,57,392,0,392,4,0,1,0,0,13,0,0,9,0,19,0,0,0,88,0,3,1,0,10,0,0,1,72,0,0,0,0,1,0,34,0,30,15,0,0,87,3,1,0
530825,465,454,35,169,263,33,296,0,296,4,0,0,1,1,29,0,0,3,0,7,0,0,1,83,0,1,0,0,3,0,0,0,49,0,1,0,0,0,0,36,0,7,4,0,2,57,5,0,2
530826,75,77,0,23,52,0,52,0,52,0,0,0,0,1,2,0,0,1,0,4,0,0,0,2,0,0,0,0,3,0,0,1,6,0,0,0,0,0,0,6,0,2,1,0,0,21,2,0,0
530827,84,92,8,13,63,8,71,0,71,0,0,0,0,0,0,0,0,2,0,1,0,0,0,4,0,0,0,0,5,0,0,0,10,0,0,0,1,0,0,9,0,16,3,0,0,18,1,1,0
530828,348,341,16,67,268,13,281,0,281,1,0,1,0,0,16,0,0,9,0,1,0,0,0,97,0,0,0,0,4,0,0,1,49,1,0,1,0,0,0,24,0,9,9,0,0,54,4,0,0
530829,117,116,4,24,90,3,93,0,93,4,0,0,0,0,4,0,0,0,0,0,0,0,0,19,0,2,0,0,1,0,0,0,34,0,0,0,0,0,0,9,0,5,3,1,0,10,0,0,1
530830,438,438,35,168,238,32,270,0,270,2,0,0,0,0,25,1,0,8,0,16,0,0,2,82,0,0,0,0,2,0,0,0,42,0,0,0,0,0,0,37,1,14,5,0,0,31,0,0,2
530831,153,156,14,32,110,11,121,0,121,0,0,1,0,0,8,0,0,0,0,8,0,0,0,38,0,2,0,0,3,0,0,1,27,0,0,0,0,0,0,11,0,4,2,1,0,13,0,0,2
530832,426,425,45,146,237,43,280,0,280,0,1,0,0,0,17,0,1,5,0,17,0,0,0,41,1,1,0,0,8,0,0,0,57,3,0,0,0,0,0,47,0,24,11,0,0,39,4,2,1
530833,687,694,70,232,385,70,455,0,455,5,0,1,0,1,16,1,0,8,0,39,0,0,0,131,1,9,0,0,4,0,0,0,92,0,0,0,2,0,0,40,0,3,3,1,1,91,5,0,1
530834,225,226,19,43,163,19,182,0,182,1,1,0,0,0,5,0,0,5,0,2,0,0,0,39,0,0,0,0,3,0,0,1,37,0,0,0,0,0,0,23,1,37,1,0,1,22,3,0,0
530835,198,206,7,62,131,5,136,0,136,0,0,0,0,0,5,0,0,3,0,1,0,0,0,40,0,0,0,0,2,0,0,0,33,0,0,0,0,0,0,11,0,15,6,0,1,17,2,0,0
530836,315,314,20,92,206,17,223,0,223,4,0,0,0,0,12,1,0,3,0,6,0,0,0,42,2,0,0,0,5,0,0,0,36,0,0,0,0,0,1,17,0,32,27,0,0,34,1,0,0
530837,111,112,19,25,69,17,86,0,86,0,0,0,0,0,12,0,0,6,0,4,0,0,0,20,0,0,0,0,5,0,0,0,9,0,0,0,0,0,0,10,0,4,1,0,0,15,0,0,0
530839,972,952,101,342,529,101,630,0,630,5,0,1,0,0,33,0,0,7,1,53,0,1,0,171,1,1,0,1,10,1,0,1,92,0,0,0,0,0,0,75,0,29,29,0,0,109,7,1,1
530840,516,510,42,179,297,40,337,0,337,0,0,0,0,0,10,0,0,5,1,20,0,0,1,62,1,3,0,0,0,0,0,1,74,0,0,1,0,0,1,45,0,22,19,0,0,66,4,1,0
530841,180,178,14,60,108,12,120,0,120,0,0,0,0,0,12,0,0,4,0,6,0,0,0,23,0,1,0,0,6,0,0,0,23,0,0,0,0,0,1,23,0,5,1,0,0,12,2,0,1
530842,528,523,37,164,329,35,364,0,364,3,0,1,0,0,13,1,0,15,0,34,1,0,0,120,0,0,0,0,3,1,0,0,58,0,0,0,0,0,0,26,0,12,5,1,1,64,4,0,1
530843,183,178,3,65,116,2,118,0,118,0,0,0,0,0,5,0,0,5,0,9,0,0,0,22,0,1,0,0,2,0,0,0,16,0,0,0,1,0,0,15,0,14,7,0,0,21,0,0,0
530844,456,450,43,162,252,42,294,0,294,2,0,0,1,0,21,0,1,10,0,13,0,0,0,64,0,0,0,0,4,0,0,1,44,0,0,0,0,0,0,28,0,34,9,0,0,60,1,1,0
530845,150,148,23,49,79,22,101,0,101,2,0,0,0,0,5,0,0,4,1,3,0,0,0,19,0,0,0,0,2,0,0,0,16,0,0,0,0,0,0,2,0,14,3,0,0,27,2,0,1
530846,294,295,17,111,168,15,183,0,183,1,0,0,1,0,7,0,0,9,0,4,0,6,0,46,1,1,0,0,2,0,0,0,42,0,0,0,0,0,0,25,0,6,4,0,0,27,0,0,1
530847,309,311,24,91,201,17,218,0,218,3,1,0,0,0,15,0,0,3,1,13,0,0,0,74,0,1,0,0,4,0,0,1,29,0,0,0,1,0,0,15,0,7,13,0,1,34,1,1,0
530848,123,120,9,40,74,9,83,0,83,1,1,0,1,0,4,0,0,2,0,1,0,0,0,24,0,0,0,0,4,0,0,0,22,0,0,0,1,0,0,5,0,0,0,1,0,16,0,0,0
530849,534,524,55,181,299,54,353,0,353,2,0,0,0,0,12,1,0,1,0,20,0,0,0,76,0,0,0,0,1,1,1,0,67,0,0,0,0,0,0,38,0,29,35,0,0,67,2,0,0
530850,183,184,19,49,120,14,134,0,134,1,0,2,0,0,8,0,0,4,0,9,0,0,0,35,0,0,0,0,2,0,0,0,18,0,2,0,0,0,0,13,0,12,0,0,0,25,2,0,1
530851,171,174,19,19,133,19,152,0,152,3,0,0,1,0,8,0,0,3,0,5,0,0,0,19,1,1,0,0,5,0,0,0,36,1,0,0,0,0,0,18,0,22,5,0,0,24,0,0,0
530852,261,265,20,94,148,19,167,0,167,0,0,1,1,0,11,0,0,4,0,15,0,0,0,41,0,1,0,0,5,0,0,0,29,1,0,0,1,0,0,14,0,13,7,0,0,21,1,0,1
530853,462,455,31,169,263,30,293,0,293,4,0,0,0,0,13,0,0,9,1,10,0,1,0,84,0,1,0,0,2,0,0,2,56,0,0,0,1,0,0,25,0,6,0,1,0,72,5,0,0
530854,318,316,16,116,189,13,202,0,202,3,0,0,0,0,17,0,0,4,0,10,0,0,0,55,1,2,0,0,5,0,0,1,41,0,0,0,0,0,0,23,0,2,3,0,0,32,2,0,1
530855,141,143,4,70,68,3,71,0,71,0,0,0,0,0,1,0,0,2,0,4,0,0,0,14,0,0,0,0,3,0,0,1,10,0,0,0,0,0,0,19,0,0,4,0,0,11,1,0,1
530856,231,229,14,77,143,11,154,0,154,2,0,0,0,0,6,0,0,8,1,2,0,0,1,46,0,0,0,0,1,0,0,1,23,0,1,0,0,0,0,18,0,2,3,0,1,31,3,1,3
530857,135,136,1,29,105,1,106,0,106,4,0,0,0,0,15,0,0,2,0,3,0,1,0,14,0,0,0,0,6,0,0,0,30,0,0,0,0,0,0,12,0,1,1,0,0,14,3,0,0
530858,267,263,26,76,166,25,191,0,191,2,1,0,1,0,12,0,0,1,0,6,0,0,0,20,2,0,0,0,3,0,0,1,41,0,0,0,0,0,0,21,2,12,5,0,0,58,3,0,0
530859,1443,1428,20,528,896,19,915,0,915,13,3,1,0,1,73,1,0,18,0,44,1,0,0,310,2,4,1,0,19,0,1,1,100,0,5,0,0,0,1,79,0,29,41,0,1,155,5,1,5
530860,2190,2167,41,863,1290,37,1327,0,1327,12,3,4,2,4,118,0,0,33,0,78,0,3,1,449,3,2,2,0,19,0,1,3,113,2,2,0,0,0,0,146,1,44,64,1,0,203,8,2,4
530861,1770,1744,43,664,1065,41,1106,0,1106,10,0,2,3,0,78,1,1,18,1,75,0,0,0,387,3,7,0,0,17,0,0,1,110,1,2,0,0,0,0,97,0,37,75,0,2,164,7,0,7
530862,150,22,8,130,14,6,20,0,20,0,0,0,0,0,1,0,0,0,0,3,0,0,0,3,0,1,0,0,1,0,0,0,3,0,0,0,0,0,0,3,0,0,0,0,0,5,0,0,0
530863,1683,1671,102,494,1094,95,1189,0,1189,13,0,1,2,0,135,2,0,36,0,52,0,0,0,375,3,2,1,0,8,0,0,2,97,2,3,0,0,0,2,127,1,5,116,0,3,190,4,1,6
530864,1755,1740,28,590,1144,21,1165,0,1165,15,1,1,1,1,150,1,1,12,1,72,0,0,0,397,4,1,0,0,11,0,0,1,59,0,5,0,0,0,1,112,1,0,111,0,0,192,8,2,4
530865,1908,1891,26,609,1279,20,1299,0,1299,18,0,1,5,1,66,0,1,23,0,67,0,0,1,521,5,1,0,0,20,1,1,2,78,2,2,0,0,0,1,121,0,1,102,0,1,234,15,3,5
530866,1239,1229,10,462,769,8,777,0,777,12,0,0,2,2,63,2,0,13,0,38,0,0,0,294,7,1,1,0,11,1,0,3,47,1,1,0,0,1,0,63,0,0,59,0,0,144,5,0,6
530867,1869,1839,19,625,1230,14,1244,0,1244,13,0,2,0,2,112,1,1,23,0,88,0,0,0,465,2,1,0,0,17,0,0,2,64,3,1,0,0,0,0,149,0,2,112,0,0,168,7,1,8
530868,1266,1256,14,441,812,13,825,0,825,11,2,1,0,1,77,0,0,9,2,49,0,1,0,313,3,3,0,0,6,0,0,1,30,0,3,1,0,0,1,104,0,1,75,1,0,123,5,0,2
530869,1113,1102,9,427,680,6,686,0,686,9,0,0,2,0,62,0,0,9,0,32,0,1,0,252,0,2,1,0,4,0,1,1,47,0,1,0,0,1,0,65,0,2,55,0,1,127,6,0,5
530870,564,556,19,210,335,19,354,0,354,0,0,0,0,0,32,0,0,4,0,19,0,1,0,109,0,0,0,0,4,0,0,0,56,0,2,0,0,0,0,35,0,1,17,0,0,71,3,0,0
530871,201,204,14,41,146,14,160,0,160,2,0,0,0,0,7,1,0,5,0,8,0,0,0,24,0,2,0,0,0,0,0,0,46,0,2,0,0,0,0,9,0,0,4,0,0,48,2,0,0
530872,306,302,24,96,186,24,210,0,210,3,0,0,1,1,13,0,0,4,0,11,0,0,0,63,0,1,0,0,3,0,0,0,38,0,0,0,0,0,0,20,0,3,1,1,0,43,3,0,1
530873,486,478,49,155,285,46,331,0,331,2,3,0,0,0,13,0,0,6,0,16,0,0,0,89,1,0,0,0,5,0,0,0,61,1,0,0,0,0,0,43,0,0,10,0,0,80,1,0,0
530874,1602,1577,164,517,945,140,1085,0,1085,16,0,2,1,1,84,0,0,11,0,62,0,0,0,352,6,1,1,0,14,0,0,2,117,0,4,0,0,0,1,125,0,0,55,0,0,217,7,2,4
530875,81,82,4,4,73,4,77,0,77,0,1,0,0,0,0,0,0,1,0,7,0,0,0,21,0,0,0,0,0,0,0,2,8,0,0,0,0,0,0,11,0,0,1,0,0,23,2,0,0
530876,84,86,12,23,49,12,61,0,61,0,1,0,0,0,6,0,0,1,0,0,0,0,0,18,0,3,0,0,0,0,0,0,8,0,0,0,0,0,0,9,0,0,1,0,0,14,0,0,0
530877,126,128,10,26,91,9,100,0,100,0,0,0,1,0,12,0,0,3,0,9,0,0,0,22,0,0,0,0,1,0,0,0,7,0,0,0,0,0,1,11,0,0,0,0,0,33,0,0,0
530878,321,318,16,123,188,10,198,0,198,3,0,0,0,0,17,0,0,3,1,4,1,0,0,73,2,0,0,0,2,0,0,0,26,0,1,0,2,0,0,8,0,0,7,1,2,42,1,0,2
530879,696,684,56,237,406,53,459,0,459,3,0,1,0,0,33,0,0,3,0,17,1,0,0,162,0,1,0,0,3,0,0,1,50,0,1,0,0,0,0,34,0,0,14,0,1,120,9,1,4
530880,366,362,21,120,227,19,246,0,246,2,0,1,1,0,22,0,0,4,0,20,0,0,0,94,2,1,1,0,3,0,0,0,38,0,0,0,0,0,0,19,0,0,5,0,0,31,1,0,1
530881,522,515,49,137,340,45,385,0,385,3,0,0,0,1,31,1,1,6,0,19,0,2,0,114,0,4,0,1,9,0,0,0,51,0,0,0,0,0,1,38,0,1,14,0,0,77,7,1,3
530882,267,268,24,65,181,21,202,0,202,3,0,0,0,0,17,1,0,19,0,15,0,0,0,70,0,2,0,0,0,0,0,0,28,0,0,0,0,0,0,12,0,0,1,0,1,32,1,0,0
530883,699,694,68,216,419,64,483,0,483,4,0,1,1,0,17,0,0,4,0,30,0,0,0,142,2,2,0,0,2,0,0,0,58,1,0,0,0,0,0,44,0,0,18,0,0,149,4,0,4
530884,432,430,44,153,241,38,279,0,279,3,0,0,0,0,17,1,0,5,0,3,0,1,0,85,0,0,0,0,4,0,0,0,67,1,2,0,0,0,0,25,0,0,10,1,0,45,7,0,2
530885,732,729,51,218,472,42,514,0,514,5,1,0,2,2,37,0,1,17,0,24,0,1,0,151,1,2,0,0,15,0,0,1,75,1,2,0,0,0,0,68,0,1,41,0,1,60,3,0,2
530886,384,376,46,74,270,40,310,0,310,3,0,0,0,1,12,0,0,2,0,16,0,0,0,69,1,0,1,0,13,0,0,1,45,0,0,0,0,0,0,35,0,0,11,0,0,93,6,0,1
530887,282,282,13,73,196,13,209,0,209,3,0,0,0,0,17,0,0,2,0,9,0,0,0,73,1,0,0,0,9,0,0,0,16,0,2,0,0,0,0,20,0,0,8,0,0,46,2,0,1
530888,153,155,8,47,98,8,106,0,106,1,0,0,0,0,7,0,0,5,0,3,0,0,0,32,1,0,0,0,2,0,0,0,20,0,0,0,0,0,0,9,0,0,7,0,0,16,2,0,1
530889,333,327,23,99,215,19,234,0,234,2,0,1,0,0,12,0,0,1,0,6,0,0,1,86,0,4,0,0,2,0,0,0,37,2,2,0,0,0,0,21,0,0,17,0,1,34,3,0,2
530890,414,411,27,111,276,27,303,0,303,3,0,0,0,0,46,1,0,14,0,10,0,0,0,101,1,0,0,0,2,0,0,1,43,0,1,0,0,0,0,21,1,1,7,0,0,46,4,0,0
530891,321,318,24,96,201,24,225,0,225,0,1,1,0,1,32,0,0,4,0,2,0,0,0,66,0,0,0,0,0,0,1,2,33,0,0,0,0,0,0,19,1,1,16,0,0,43,1,0,1
530892,924,966,87,279,559,86,645,0,645,8,0,2,2,2,41,0,0,5,0,43,0,0,0,210,2,1,0,0,1,0,0,1,124,1,6,0,0,0,0,55,1,5,44,0,0,86,3,1,1
530893,354,351,18,99,242,13,255,0,255,2,0,1,0,1,12,0,0,2,0,10,0,0,0,99,1,0,0,0,1,0,0,0,29,0,0,0,1,0,0,27,0,0,11,0,0,55,1,0,2
530894,333,327,23,98,214,21,235,0,235,7,0,2,0,0,23,0,0,4,0,4,0,0,0,53,1,1,0,0,2,0,0,0,49,0,2,0,0,0,0,35,0,0,10,0,0,36,3,0,3
530895,72,72,7,9,56,7,63,0,63,0,0,0,0,0,7,0,0,1,0,6,0,0,0,12,0,0,0,0,2,0,0,0,5,0,0,0,0,0,0,12,0,0,0,0,0,18,0,0,0
530896,192,192,11,36,145,11,156,0,156,1,0,1,0,0,11,0,0,4,0,5,0,0,0,45,0,0,0,0,0,0,0,0,28,0,1,0,0,1,1,21,0,0,3,0,0,31,2,0,1
530897,258,254,4,135,119,4,123,0,123,2,0,0,0,0,10,0,0,5,0,9,0,0,0,43,3,0,0,0,0,0,0,0,14,1,0,0,0,0,0,8,0,0,6,0,0,22,0,0,0
530898,372,375,17,113,242,17,259,0,259,1,0,0,1,0,5,0,0,3,0,25,1,2,0,52,1,0,0,0,5,0,0,1,47,0,0,0,0,0,0,31,0,0,17,0,1,63,3,0,0
530899,141,145,7,40,94,7,101,0,101,0,0,0,0,0,1,0,0,1,0,8,0,0,0,32,0,0,0,0,0,1,0,0,19,0,1,0,0,0,0,11,0,0,8,0,0,17,2,0,0
530900,492,496,63,131,305,56,361,0,361,2,0,0,1,0,17,0,0,1,0,14,0,0,0,109,0,0,0,0,4,0,0,2,52,1,0,0,0,0,0,50,1,0,18,1,0,83,4,0,1
530901,156,154,5,54,97,5,102,0,102,0,1,0,0,0,9,0,0,1,0,0,0,0,0,33,0,1,0,0,0,0,0,1,17,0,0,0,0,0,0,14,0,0,1,0,0,22,1,1,0
530902,456,428,28,136,295,25,320,0,320,3,1,0,0,0,15,0,0,2,0,16,0,1,0,119,1,3,0,1,0,0,0,1,63,0,1,0,0,0,0,18,0,0,7,0,1,58,8,1,0
530903,564,556,48,186,332,46,378,0,378,5,0,1,0,0,26,1,0,5,0,16,0,0,0,90,3,0,0,0,2,0,0,1,74,1,2,0,0,0,0,29,0,0,20,0,1,93,6,1,1
530904,165,160,11,28,126,11,137,0,137,1,0,0,0,0,6,0,0,1,0,9,0,0,0,26,0,0,0,0,1,0,0,0,15,1,0,0,0,0,0,15,0,0,0,0,0,61,0,0,1
530905,957,946,52,352,553,52,605,0,605,6,0,0,0,0,56,0,0,4,0,36,0,0,0,217,2,5,0,0,0,1,0,1,62,0,0,0,0,0,1,61,1,0,43,0,0,100,3,2,4
530906,177,179,10,52,115,10,125,0,125,1,0,0,0,0,7,0,0,0,0,6,0,0,0,24,0,0,0,0,0,0,0,1,28,1,0,0,0,0,0,20,0,0,0,0,0,37,0,0,0
530907,105,107,5,27,74,4,78,0,78,0,0,0,0,0,4,0,0,1,1,2,0,1,0,26,0,0,0,1,0,0,0,1,11,0,0,0,0,0,0,14,0,0,1,0,0,14,1,0,0
530908,471,467,24,156,291,24,315,0,315,5,0,1,0,0,22,1,0,2,0,17,1,1,0,105,0,2,0,0,10,0,1,0,36,1,1,0,1,0,0,30,0,0,13,0,0,60,5,0,0
530909,300,298,22,119,162,19,181,0,181,2,0,3,0,0,16,0,0,1,0,13,0,1,1,41,1,1,2,0,0,0,0,0,46,2,1,0,0,0,0,24,0,0,5,0,0,17,4,0,0
530910,213,213,6,61,146,6,152,0,152,1,0,1,0,0,11,0,0,4,1,4,0,0,0,55,0,2,0,0,5,0,0,0,29,0,0,0,0,0,0,6,0,0,5,0,0,25,3,0,0
530911,150,156,11,52,91,7,98,0,98,0,0,0,0,1,8,0,0,4,1,6,0,0,0,12,0,0,0,0,0,0,0,1,21,0,0,0,0,0,0,11,0,0,2,0,0,30,1,0,0
530912,378,381,51,118,214,46,260,0,260,4,1,0,0,0,19,0,0,3,1,4,0,0,1,75,2,1,0,0,0,0,0,0,43,0,1,0,0,0,0,38,0,0,3,0,1,60,0,0,3
531002,1947,1924,10,635,1304,8,1312,0,1312,13,0,3,1,2,113,1,0,17,0,76,0,2,0,477,0,1,0,0,6,3,1,0,62,3,4,1,0,1,1,155,0,0,139,0,0,220,3,0,7
531003,1881,1872,13,626,1244,11,1255,0,1255,17,1,3,6,2,124,1,0,26,0,73,1,1,1,482,0,0,0,0,12,0,1,1,76,1,0,0,0,0,0,111,0,1,129,0,1,169,8,0,7
531004,1767,1753,14,617,1138,12,1150,0,1150,20,3,2,1,1,109,0,0,26,0,50,0,1,0,449,4,2,0,0,9,1,0,0,71,1,3,0,0,0,0,133,0,1,116,0,1,131,4,0,11
531005,1971,1959,29,630,1316,25,1341,0,1341,19,2,2,3,1,151,5,0,37,0,101,0,3,1,446,1,0,1,0,6,0,1,2,86,5,3,0,0,0,0,134,0,0,146,1,1,176,1,2,4
531006,1797,1792,32,636,1139,22,1161,0,1161,11,0,4,2,0,124,1,0,25,0,59,0,2,0,374,3,0,3,0,12,2,1,2,84,4,4,1,1,0,0,146,0,1,96,0,0,184,5,1,9
531007,1896,1900,24,711,1162,23,1185,0,1185,9,0,5,3,0,111,1,0,15,1,64,1,4,1,401,2,1,0,0,22,0,0,1,98,2,1,0,1,0,1,150,0,2,93,0,1,177,7,2,8
531008,1887,1872,16,640,1235,12,1247,0,1247,20,4,7,1,0,129,1,1,23,1,69,0,1,0,422,2,0,0,0,13,1,0,1,77,3,3,0,0,0,1,143,0,1,147,0,0,161,7,0,8
531009,1797,1777,14,660,1129,8,1137,0,1137,12,0,0,0,1,119,1,1,21,0,58,0,1,0,389,0,0,1,0,16,1,0,1,89,1,3,0,0,0,1,132,0,3,107,1,2,163,7,0,6
531010,1845,1812,24,629,1200,16,1216,0,1216,11,1,1,6,1,128,1,0,26,0,75,0,0,0,398,4,1,0,0,8,2,0,3,54,1,2,1,0,0,0,156,0,2,160,0,2,154,8,2,8
531011,1980,1964,33,699,1249,32,1281,0,1280,13,0,2,7,0,159,0,1,30,0,57,0,2,0,461,1,0,0,0,15,0,0,0,56,1,1,0,0,1,0,161,0,0,159,0,0,138,8,0,7
531012,2103,2070,29,713,1367,23,1390,0,1390,20,2,4,2,0,268,3,0,18,0,64,2,3,1,450,2,3,1,0,10,1,0,1,63,0,4,1,0,0,0,140,0,0,165,0,0,151,7,0,4
531013,1860,1860,17,646,1199,15,1214,0,1214,14,0,1,4,0,111,0,0,17,0,81,1,1,0,381,7,4,1,1,7,4,0,1,73,3,2,0,0,0,1,148,1,3,143,0,0,188,9,2,5
531014,1791,1785,54,600,1141,50,1191,0,1191,11,0,3,3,2,91,0,0,24,1,88,0,2,1,394,5,0,0,0,10,0,2,2,91,1,4,0,0,0,0,144,0,2,121,2,0,184,2,1,0
531015,1794,1784,17,691,1087,16,1103,0,1103,7,1,3,2,1,73,1,0,13,0,59,0,0,0,425,3,0,0,0,9,0,1,1,67,2,5,0,0,0,1,103,0,1,122,0,0,189,8,3,3
531016,1968,1967,21,733,1216,19,1235,0,1235,14,0,0,1,2,80,0,0,21,0,62,1,1,0,470,0,1,1,0,8,0,0,2,100,0,3,1,0,0,0,109,0,1,108,0,1,229,11,1,7
531017,1827,1811,7,659,1164,4,1168,0,1168,13,3,1,3,2,101,0,1,15,0,68,0,0,0,429,2,0,0,0,16,0,0,5,70,2,1,0,2,1,0,101,0,0,116,0,0,199,10,0,7
531018,1947,1939,15,679,1255,13,1268,0,1268,8,2,1,4,1,104,0,0,17,1,74,0,1,0,493,3,0,2,0,7,0,0,2,74,0,2,0,0,0,0,125,0,0,151,0,0,183,10,0,3
531019,1839,1823,20,657,1167,15,1182,0,1182,14,0,2,4,1,86,1,1,19,0,83,0,1,0,417,1,0,1,1,17,1,0,2,78,1,6,0,0,0,1,136,0,0,115,0,2,178,8,0,5
531020,1944,1948,26,759,1164,21,1185,0,1185,13,3,0,1,1,95,1,0,19,0,58,1,1,2,421,2,1,0,0,8,0,0,0,89,1,4,0,2,0,0,148,0,0,88,0,0,210,8,2,6
531021,1965,1955,14,716,1236,13,1249,0,1249,19,0,1,4,0,69,0,2,23,0,73,0,0,1,479,2,2,0,0,14,0,0,0,86,0,1,0,0,0,0,91,0,0,130,0,1,229,12,2,8,01,04,2019,01,30
