050721,291,290,19,51,221,19,240,0,240,0,0,0,0,1,10,0,0,25,0,17,0,0,1,39,0,0,0,0,4,0,0,0,34,0,0,0,0,0,0,58,0,0,13,0,3,32,1,0,2
050722,72,71,0,24,48,0,48,0,48,0,0,0,0,1,2,0,0,7,0,1,0,0,0,3,1,0,0,0,0,0,0,0,6,0,0,0,0,0,0,13,0,0,2,0,1,10,1,0,0
050723,123,122,7,39,77,7,84,0,84,1,0,0,0,1,8,0,0,2,0,7,0,0,0,16,0,0,2,0,3,0,0,2,13,0,0,0,0,0,0,7,0,1,2,0,2,14,0,0,3
050724,57,57,0,17,40,0,40,0,40,1,0,0,0,0,2,0,0,9,0,0,0,0,0,4,0,0,0,0,0,0,0,0,6,1,0,0,0,0,0,5,0,0,1,0,1,10,0,0,0
050725,357,360,23,134,204,19,223,0,223,1,0,0,1,0,9,0,0,7,0,8,0,0,1,46,1,0,0,0,2,0,0,0,36,0,1,0,0,0,0,54,0,1,19,0,0,32,2,1,1
050726,330,322,21,138,171,21,192,0,192,2,0,1,0,1,12,0,0,17,0,7,0,1,0,26,0,0,0,0,3,0,0,0,32,0,1,0,0,0,1,42,0,0,9,0,0,35,1,1,0
050727,834,823,37,298,499,37,536,0,536,2,0,0,1,0,28,1,1,22,0,25,0,0,1,117,0,3,0,0,5,0,0,3,86,2,0,0,0,0,1,110,2,2,35,1,3,75,3,1,6
050728,525,525,18,215,292,18,310,0,310,4,0,0,0,0,18,0,0,3,0,16,0,0,0,62,0,1,0,0,1,0,0,0,47,0,0,0,0,0,1,76,0,0,32,0,4,42,2,0,1
050729,588,581,44,222,324,42,366,0,366,0,0,0,0,0,45,0,0,10,0,7,0,0,0,63,0,1,1,0,0,0,0,0,73,1,1,0,0,0,0,92,0,0,20,0,2,45,0,0,5
050730,75,76,3,8,64,3,67,0,67,0,0,0,0,0,2,0,0,4,0,4,0,0,0,5,0,0,0,0,0,0,0,0,15,0,0,0,0,0,0,14,0,0,3,0,5,15,0,0,0
050731,345,337,6,112,227,6,233,0,233,1,1,0,0,0,11,0,0,13,0,9,0,0,1,46,0,1,0,0,0,0,0,0,40,1,1,0,0,0,0,58,0,0,7,0,2,40,1,0,0
050732,273,270,1,94,178,1,179,0,179,4,0,0,1,1,6,0,0,4,0,9,0,0,1,21,0,0,0,0,2,0,0,1,28,0,0,0,0,0,0,61,1,0,10,0,0,21,1,1,6
050733,81,81,0,22,59,0,59,0,59,0,0,0,0,0,7,0,0,0,0,2,0,0,0,3,0,0,0,0,0,0,0,0,16,0,0,0,0,0,0,17,0,1,0,0,0,13,0,0,0
050734,540,524,2,198,341,1,342,0,342,3,0,0,1,2,29,0,0,4,0,24,0,1,0,74,0,0,1,0,1,0,0,2,46,0,4,1,0,0,1,67,1,0,24,0,3,44,5,1,3
050735,591,591,13,179,400,12,412,0,412,3,0,1,1,1,28,1,0,14,0,19,0,0,0,70,0,0,0,0,5,0,0,1,89,1,0,0,0,0,0,60,0,0,18,0,0,84,8,0,8
050736,258,254,9,71,178,9,187,0,187,2,0,0,0,0,11,1,0,6,0,7,0,0,0,36,0,0,0,0,0,0,0,0,36,0,1,0,0,0,1,40,0,1,6,0,1,35,0,0,3
050737,69,68,3,21,45,3,48,0,48,1,0,0,0,0,8,0,0,10,0,0,0,0,0,3,0,0,0,0,0,0,0,0,7,1,0,0,0,0,0,10,0,0,0,0,1,7,0,0,0
050738,666,663,44,206,417,43,460,0,460,6,0,2,2,0,19,0,1,12,0,19,0,0,0,64,0,0,0,0,4,0,1,1,72,0,0,1,0,0,1,147,0,1,28,0,3,69,3,1,3
050739,399,392,11,128,260,11,271,0,271,2,0,0,0,0,13,0,0,4,0,12,0,0,0,33,0,1,0,0,2,0,0,0,50,0,0,0,0,0,1,75,1,0,3,0,1,64,6,0,3
050740,162,162,11,37,114,11,125,0,125,1,0,0,0,1,6,1,0,6,0,5,0,1,0,19,0,0,0,0,0,0,0,0,23,0,0,0,0,0,1,19,0,0,2,0,0,35,4,0,1
050741,480,483,39,164,280,36,316,0,316,2,0,0,0,0,17,0,0,9,0,16,0,0,1,34,0,0,0,0,0,0,2,1,35,0,0,0,0,0,1,87,0,0,5,1,1,95,5,0,4
050742,522,517,9,195,318,9,327,0,327,6,0,0,0,1,29,0,0,19,0,11,0,0,1,70,0,0,0,0,0,0,0,0,64,1,0,0,0,0,3,65,0,0,5,0,1,40,6,0,5
050743,660,644,46,240,374,46,420,0,420,2,1,1,1,0,32,0,0,7,0,20,0,1,0,71,1,1,1,0,2,0,0,2,84,3,2,0,0,1,1,79,0,0,18,0,1,75,4,1,8
050744,435,431,1,174,260,1,261,0,261,7,1,0,0,0,8,0,0,7,0,9,0,0,0,35,0,0,0,0,1,0,1,1,61,0,1,0,0,0,1,59,0,1,3,0,2,55,3,1,4
050745,1488,1470,12,732,745,11,756,0,756,9,0,0,1,2,53,0,0,37,0,27,0,0,1,167,1,0,0,0,11,0,0,0,61,0,2,1,0,0,2,219,0,0,50,0,2,106,0,0,4
050746,1686,1663,14,653,1020,13,1033,0,1033,8,2,0,4,2,46,0,1,48,0,46,0,0,0,206,2,1,0,0,17,1,1,1,71,2,7,1,0,0,1,268,0,1,137,0,1,134,10,3,11
050747,1509,1488,6,566,937,6,943,0,943,4,0,1,2,2,56,0,1,44,0,50,0,1,0,172,0,1,0,0,19,0,0,0,48,1,4,0,1,1,2,272,1,1,127,0,3,121,1,0,7
050748,522,509,23,216,290,16,306,0,306,1,0,0,0,0,37,2,0,16,0,17,0,0,0,60,1,0,0,0,1,0,0,1,63,1,0,0,0,1,0,53,0,2,13,0,1,33,2,0,1
050749,540,537,20,184,336,20,356,0,356,5,0,0,1,0,20,0,0,9,0,13,0,2,0,61,0,1,0,0,2,0,0,2,72,1,1,0,0,0,1,73,1,0,10,1,6,64,5,1,4
050750,186,187,16,47,123,16,139,0,139,3,0,0,0,0,7,0,0,10,1,7,0,0,0,9,0,0,0,0,1,0,0,0,15,0,0,0,0,0,0,23,2,0,7,0,2,49,1,0,2
050751,789,783,34,331,428,30,458,0,458,6,0,0,1,1,35,0,0,21,0,21,0,1,0,120,0,1,0,0,9,0,1,0,64,0,0,0,0,0,0,97,0,0,19,0,3,46,4,1,7
050752,189,189,16,25,148,16,164,0,164,1,0,0,0,0,8,0,0,8,0,15,0,0,0,8,0,0,1,0,3,0,0,0,21,0,0,0,0,0,0,35,1,0,3,1,6,46,7,0,0
050753,321,317,27,99,195,27,222,0,222,1,0,0,0,0,16,0,0,11,0,12,0,0,1,18,0,0,0,0,2,0,0,1,33,0,0,0,0,1,0,57,0,0,7,1,4,49,3,1,4
050754,126,126,9,33,86,7,93,0,93,0,0,0,0,1,3,0,0,5,0,4,0,0,0,12,0,0,0,0,2,0,0,0,20,0,0,0,0,0,0,25,0,0,2,0,1,15,3,0,0
050755,174,170,11,56,107,11,118,0,118,2,0,0,0,1,6,0,0,8,0,6,0,0,0,13,0,1,0,0,1,0,0,0,20,0,0,0,0,0,0,25,0,0,2,0,0,29,4,0,0
050756,60,59,16,12,37,11,48,0,48,0,0,0,0,0,3,0,0,3,0,0,0,0,0,4,0,0,0,0,0,0,0,0,6,0,0,0,0,0,0,7,0,0,3,0,1,21,0,0,0
050757,117,115,6,36,75,6,81,0,81,0,0,0,0,0,6,0,0,1,0,2,0,0,0,14,0,0,0,0,0,0,0,0,16,0,0,0,0,0,0,16,0,0,3,0,0,21,1,0,1
050758,123,123,5,14,104,5,109,0,109,0,0,0,0,0,10,0,0,3,2,5,0,0,0,9,0,0,0,0,0,0,0,0,30,0,3,0,0,1,0,23,0,0,5,0,4,13,0,0,1
050759,255,252,15,92,150,13,163,0,163,2,0,0,0,0,10,0,0,5,0,7,0,0,0,21,0,1,0,0,1,0,0,0,45,0,0,0,0,0,0,45,0,0,1,0,1,21,2,0,1
050760,144,143,8,40,96,8,104,0,104,0,0,1,0,1,7,0,0,6,0,3,0,0,0,10,0,0,0,0,0,0,0,1,24,0,0,0,0,0,0,14,0,0,5,0,1,30,1,0,0
050761,624,615,38,186,403,35,438,0,438,0,0,0,0,0,16,0,1,9,0,18,0,0,0,113,0,0,0,0,1,0,0,1,58,1,1,0,0,0,0,96,0,1,12,0,3,100,6,1,0
050762,222,226,26,58,143,21,164,0,164,2,0,0,0,0,17,0,0,18,0,8,0,0,0,15,0,1,0,0,0,0,0,0,31,0,0,0,0,0,0,39,0,0,5,0,0,25,3,0,0
050763,543,535,19,170,354,19,373,0,373,5,0,0,1,0,21,0,0,17,0,19,0,0,0,54,0,1,0,0,9,0,0,0,67,0,0,0,0,0,1,67,0,0,33,0,1,71,2,0,4
050764,453,450,29,133,294,26,320,0,320,1,0,0,0,1,18,0,0,12,0,13,0,0,1,63,0,1,1,0,4,0,0,0,74,1,0,0,0,0,0,45,0,0,13,0,1,64,5,0,2
050765,237,234,6,70,161,6,167,0,167,0,0,2,0,0,2,0,0,9,0,15,0,0,0,29,0,1,0,0,1,0,0,0,41,0,1,0,0,0,1,33,0,0,7,0,5,19,0,0,1
050766,471,463,29,177,267,27,294,0,294,3,0,0,1,0,9,1,0,8,0,12,0,0,0,40,0,0,0,0,2,0,0,0,33,0,0,0,0,0,1,134,1,0,0,0,1,41,4,1,2
050767,282,282,22,94,167,21,188,0,188,0,0,0,0,0,4,0,0,6,1,5,0,0,0,23,0,0,0,0,3,0,0,0,34,0,0,0,0,1,2,64,1,0,1,0,1,37,5,0,0
050768,159,154,17,61,82,16,98,0,98,0,0,0,0,0,4,0,0,7,0,3,1,0,0,14,0,0,0,0,4,0,0,0,12,0,0,0,0,0,0,22,0,0,7,0,0,21,0,1,2
050769,123,43,12,100,17,6,23,0,23,0,0,0,0,0,2,0,0,0,0,2,0,0,0,4,0,0,0,0,0,0,0,0,5,0,0,0,0,0,0,3,0,0,1,0,0,4,0,1,1
051095,2085,2047,30,802,1263,20,1283,0,1283,23,3,1,0,0,55,1,0,33,1,75,0,0,1,363,1,1,0,0,25,1,0,2,119,1,2,0,0,0,0,195,0,0,88,0,0,272,11,1,8
051096,1197,1185,7,443,749,5,754,0,754,5,0,0,1,0,36,1,1,14,0,53,0,0,0,226,3,4,0,0,19,0,1,0,53,0,2,0,0,0,0,134,1,1,48,0,0,141,5,1,4
051097,1236,1221,6,493,738,5,743,0,743,8,0,1,1,0,43,1,0,15,0,25,0,1,0,241,0,1,0,0,17,1,0,1,51,1,3,1,0,0,1,105,0,1,43,0,2,164,12,0,3
051098,2127,2102,19,891,1219,17,1236,0,1236,14,2,0,2,0,66,2,0,15,0,97,1,0,0,445,0,1,1,0,9,0,1,0,70,1,2,2,0,0,0,177,0,0,83,0,2,217,14,0,12
051099,1419,1399,12,531,878,10,888,0,888,4,0,1,1,2,58,1,0,22,0,47,0,0,1,337,0,1,1,0,5,0,0,0,61,0,0,0,0,0,2,135,0,0,48,0,2,143,9,0,7
051100,1212,1195,19,496,699,17,716,0,716,9,1,0,2,0,42,0,0,11,0,51,0,0,0,195,0,0,0,0,5,0,0,2,47,0,1,0,0,0,1,136,0,0,55,1,0,145,9,0,3
051101,1344,1319,5,646,695,3,698,0,698,7,0,0,1,0,46,1,0,9,0,47,0,0,2,283,1,1,0,1,7,0,0,0,27,1,1,1,0,0,2,109,0,1,60,0,1,80,7,0,2
051102,900,894,43,293,575,32,607,0,607,8,0,0,2,0,26,1,0,16,0,24,2,1,0,128,0,2,0,0,2,0,0,0,108,0,2,1,0,0,3,115,0,1,29,0,0,123,5,4,4
051103,906,890,20,425,462,19,481,0,481,7,0,0,1,0,25,0,1,19,0,22,0,1,0,94,0,0,1,0,7,0,0,0,86,0,1,0,0,0,0,67,0,0,22,0,1,113,10,0,3
051104,339,337,21,103,216,20,236,0,236,0,0,0,0,0,3,0,0,11,1,12,0,0,0,40,0,0,0,0,4,0,0,0,22,1,0,0,0,0,0,55,0,0,11,0,1,70,3,1,1
051105,591,588,16,205,372,14,386,0,386,2,0,1,0,0,22,1,0,7,0,24,0,0,1,86,0,2,0,0,4,0,0,1,50,0,0,0,0,0,1,71,0,0,5,0,0,100,4,0,4
051106,579,575,6,180,393,6,399,0,399,7,0,0,2,1,13,1,0,13,0,8,0,0,0,99,0,4,0,0,6,0,0,0,30,0,0,0,0,0,2,112,0,0,21,0,1,71,5,2,1
051107,1290,1274,41,443,806,41,847,0,847,7,0,0,1,1,58,1,0,35,0,20,0,0,0,211,0,2,0,0,3,0,0,3,113,2,0,0,0,0,1,147,0,1,25,0,1,202,10,1,2
051108,270,268,18,97,155,18,173,0,173,2,0,0,0,0,10,0,0,9,0,7,0,1,0,39,0,0,0,0,4,0,0,2,23,0,0,0,0,0,1,17,0,0,6,0,0,47,3,2,0
051109,162,163,12,45,107,10,117,0,117,0,0,0,0,0,4,0,0,4,0,8,0,0,0,20,0,0,0,0,1,0,0,0,18,1,0,0,0,0,0,24,0,0,4,0,4,29,0,0,0
051110,405,404,5,147,254,4,258,0,258,3,0,0,0,0,6,0,0,3,0,14,0,0,1,43,0,0,0,0,4,0,0,0,40,1,1,0,0,0,0,44,0,0,6,1,0,83,6,1,1
051111,387,389,11,150,228,9,237,0,237,2,0,0,0,0,11,0,0,5,0,7,0,0,0,53,0,0,0,0,1,0,0,0,32,0,1,0,0,1,0,44,0,0,8,0,0,65,5,0,2
051112,1467,1450,39,633,796,38,834,0,834,16,1,1,3,1,42,0,0,9,0,39,0,0,2,217,0,1,0,0,9,0,0,3,102,0,1,0,1,1,2,119,0,0,47,0,0,208,6,1,2
051113,975,970,6,328,641,6,647,0,647,10,0,1,1,1,34,1,0,4,1,28,0,0,0,148,1,1,0,0,11,0,0,3,67,1,1,0,0,0,0,71,0,0,27,0,0,225,9,0,1
051114,1137,1115,7,475,655,7,662,0,662,8,0,0,0,1,32,0,0,13,0,42,0,0,0,171,0,3,1,0,8,0,0,0,76,2,0,0,0,0,0,122,0,0,38,0,0,130,6,1,8
051115,324,324,1,118,205,1,206,0,206,2,1,0,0,0,6,2,0,9,1,10,0,0,0,50,0,1,0,0,2,0,0,0,25,0,0,0,0,0,0,58,0,0,5,0,0,32,2,0,0
051116,255,255,6,71,178,6,184,0,184,8,2,1,0,0,2,1,0,5,0,4,0,1,1,45,2,2,0,0,1,0,0,0,27,2,0,0,0,0,1,33,0,0,6,0,0,39,0,0,1
051117,510,495,26,175,309,26,335,0,335,7,1,0,1,0,15,1,1,6,0,8,0,0,0,68,0,0,0,0,0,0,0,2,63,2,0,0,0,0,1,107,1,0,8,0,0,40,2,0,1
051118,378,379,17,158,203,17,220,0,220,4,0,0,0,1,5,0,0,6,0,10,0,0,0,56,1,0,0,0,4,0,0,1,45,0,0,0,0,0,0,29,0,0,7,0,1,46,2,0,2
051119,297,299,12,104,182,11,193,0,193,4,0,0,0,0,9,0,0,7,0,11,1,0,0,45,2,2,0,0,1,0,0,0,34,1,1,0,0,0,0,27,0,1,0,0,0,41,4,1,1
051120,432,437,21,128,286,18,304,0,304,1,0,1,1,0,10,1,1,6,0,13,0,0,1,66,0,1,0,0,4,0,0,1,44,0,4,0,0,0,0,57,0,0,13,0,2,69,6,0,2
051121,309,308,23,57,230,22,252,0,252,1,0,0,0,0,6,1,0,10,0,4,0,0,0,36,0,0,0,0,10,0,0,0,37,0,0,0,0,0,0,45,0,0,0,0,0,99,3,0,0
051122,366,359,17,128,223,15,238,0,238,3,0,0,0,0,21,0,1,10,1,11,0,0,0,62,0,0,0,0,1,0,0,0,50,0,0,0,0,0,0,24,0,0,2,0,0,49,1,1,1
051123,159,156,10,49,101,9,110,0,110,1,0,1,0,0,7,0,0,12,0,7,0,0,0,10,0,0,0,0,2,0,0,0,11,0,0,0,0,0,0,22,0,0,1,0,0,33,3,0,0
051124,717,709,12,284,421,12,433,0,433,5,0,0,0,1,15,0,1,8,0,22,0,0,0,93,0,1,0,0,12,0,0,1,64,0,3,0,2,0,1,40,0,0,20,0,0,134,5,1,4
051125,747,735,12,271,464,12,476,0,476,9,0,0,1,0,18,0,1,11,0,24,0,0,0,94,0,0,0,0,5,0,0,1,98,1,2,0,0,0,0,60,0,0,9,0,0,129,9,0,4
051126,588,581,26,217,345,26,371,0,371,1,0,0,0,1,11,0,0,11,0,19,0,0,0,91,0,1,0,0,3,0,0,0,55,0,0,0,0,1,0,111,1,0,18,0,0,41,3,0,3
051127,939,925,27,352,564,23,587,0,587,3,0,1,0,2,25,0,0,7,0,28,0,0,0,135,0,6,0,0,4,0,0,2,70,1,0,0,0,0,0,160,0,1,23,1,1,107,7,0,3
051128,90,9,0,81,9,0,9,0,9,0,0,0,0,0,1,0,0,0,0,1,0,0,0,2,0,0,0,0,0,0,0,0,1,0,0,0,1,0,0,2,0,0,0,0,0,1,0,0,0
051165,2157,2134,21,815,1326,16,1342,0,1342,18,0,2,1,0,101,0,0,47,0,101,0,0,1,414,1,3,1,0,8,0,0,1,65,1,8,0,0,0,0,257,0,1,102,1,3,191,8,1,5
051166,1746,1738,27,606,1116,24,1140,0,1140,16,3,4,3,1,98,2,0,32,0,99,1,1,0,291,3,2,1,1,14,0,0,0,55,0,8,0,0,0,0,234,0,0,106,1,1,146,9,1,7
051167,2106,2075,14,905,1189,12,1201,0,1201,22,1,1,0,0,91,2,0,44,0,103,0,0,0,335,2,5,0,0,16,0,1,1,60,5,7,1,0,0,4,204,1,0,95,0,0,188,6,0,6
051168,2118,2099,26,912,1181,25,1206,0,1206,9,0,3,3,1,134,1,0,45,2,95,0,2,3,331,1,0,0,0,16,0,0,2,62,1,4,0,0,0,0,222,0,2,111,0,0,147,3,0,6
051169,1698,1673,20,643,1037,18,1055,0,1055,10,0,0,2,1,76,3,0,17,0,91,1,0,0,257,4,2,0,0,3,1,0,1,52,0,2,0,0,1,3,212,0,1,120,0,1,178,11,2,3
051170,2028,2009,11,697,1320,11,1331,0,1331,20,1,1,1,0,83,1,0,36,0,109,0,1,1,400,1,3,1,1,10,0,0,2,70,1,3,0,0,0,1,274,1,2,120,0,0,174,5,1,7
051171,1431,1416,30,471,930,30,960,0,960,18,0,0,0,0,20,0,0,14,0,40,0,0,0,292,1,1,0,0,6,0,0,3,123,1,1,0,1,0,0,190,0,0,56,0,8,168,14,0,3
051172,1419,1404,11,340,1068,11,1079,0,1079,11,0,2,0,0,33,0,0,45,0,74,0,1,0,285,2,0,0,0,5,0,0,3,128,0,1,0,0,0,0,267,0,0,44,0,3,161,12,1,1
051173,1173,1160,13,343,818,12,830,0,830,13,0,0,2,0,22,0,0,22,0,35,0,2,1,219,0,2,0,0,3,0,1,0,90,0,2,0,0,0,0,220,0,1,60,0,8,115,6,1,5
051174,1386,1376,44,582,769,35,804,0,804,11,0,2,3,0,32,0,1,23,0,40,1,0,0,202,1,1,1,0,5,0,0,1,73,0,3,0,0,0,3,187,0,0,54,0,3,145,5,1,6
051175,1377,1364,30,557,795,25,820,0,820,7,0,1,1,1,38,0,0,23,0,61,0,0,0,195,1,2,0,0,6,0,0,1,63,1,0,0,0,0,0,216,0,2,58,1,1,117,10,1,13
051176,486,483,48,156,288,42,330,0,330,0,0,0,0,0,13,2,0,14,0,10,0,1,1,61,1,0,0,0,0,0,0,0,56,0,0,0,0,0,0,67,1,0,11,0,0,85,6,0,1
051177,840,836,50,262,531,47,578,0,578,4,1,1,2,0,24,1,0,16,0,19,0,1,2,122,0,0,0,0,1,0,0,0,77,0,0,0,1,1,0,125,0,0,24,0,0,145,9,0,2
051178,441,447,26,155,262,24,286,0,286,3,0,0,0,0,9,0,0,3,0,11,0,0,0,56,0,0,0,0,4,0,0,0,52,0,0,0,0,0,2,72,0,2,8,1,0,56,5,0,2
051179,942,933,23,361,559,22,581,0,581,4,2,0,1,0,33,0,0,21,0,41,0,0,1,147,1,3,0,0,4,0,0,1,64,0,0,0,0,0,0,121,0,0,28,1,2,94,7,2,3
051180,429,425,21,167,241,21,262,0,262,0,0,0,0,1,14,0,0,6,0,8,0,0,0,36,0,4,0,0,2,0,0,0,51,0,0,0,0,0,0,49,0,1,14,0,0,69,4,1,2
051181,315,314,28,97,193,25,218,0,218,2,0,0,0,1,3,0,0,1,0,6,0,0,0,35,0,0,0,0,0,0,0,0,51,1,0,0,0,0,0,51,0,0,17,0,0,46,1,0,3
051182,786,776,36,305,445,36,481,0,481,1,0,0,0,0,21,1,0,9,0,15,0,1,0,90,2,1,0,0,3,0,1,2,89,0,1,0,0,0,3,107,0,1,18,0,2,106,6,0,1
051183,567,560,13,198,356,13,369,0,369,5,0,1,0,0,23,0,0,17,0,10,0,0,0,79,0,2,0,0,2,0,0,0,43,0,2,0,0,0,1,72,0,0,23,0,1,86,2,0,0
051184,636,630,52,146,438,52,490,0,490,2,0,0,0,0,29,1,0,10,1,14,0,0,0,134,1,1,0,0,3,1,0,2,44,0,0,0,0,0,0,79,0,1,38,0,0,127,1,1,0
051185,273,273,26,60,187,26,213,0,213,2,0,0,1,0,13,0,0,8,0,16,0,0,0,45,0,0,0,0,0,0,0,2,27,0,0,0,0,0,0,38,0,0,10,0,0,48,3,0,0
051186,951,942,32,145,774,32,806,0,806,8,0,0,3,0,43,1,1,13,0,19,0,1,0,178,0,1,0,0,7,0,0,0,92,1,0,0,0,0,0,249,0,2,38,0,1,144,1,1,2
051187,2220,2190,11,996,1215,9,1224,0,1224,15,1,0,2,0,98,0,1,24,0,96,0,0,0,330,1,2,0,0,4,0,0,1,105,1,1,0,0,0,3,180,0,2,90,2,2,247,9,0,7
051188,1521,1510,30,655,840,26,866,0,866,8,1,2,3,2,70,2,0,25,0,83,2,0,0,219,0,1,1,0,7,0,3,1,54,0,3,0,0,0,0,163,0,1,73,0,1,126,10,2,3
051189,1770,1753,25,747,1001,22,1023,0,1023,7,1,0,2,0,65,0,0,34,0,64,0,1,0,298,0,1,0,0,8,0,0,1,91,0,2,0,0,0,0,199,1,0,50,0,0,184,8,2,4
051190,1500,1477,18,635,848,17,865,0,865,11,1,0,0,1,57,0,0,12,1,27,0,0,0,234,0,2,1,0,9,0,0,3,99,0,6,0,1,0,0,200,1,0,28,0,1,158,10,1,1
051191,111,108,14,38,59,14,73,0,73,2,0,0,0,0,2,1,0,1,1,1,0,0,0,8,0,0,0,0,0,0,0,0,13,0,0,0,0,0,0,28,0,0,4,0,0,12,0,0,0
051192,759,753,21,297,443,19,462,0,462,5,1,1,0,0,33,0,0,9,0,28,0,1,0,123,0,1,0,0,1,0,0,1,68,0,2,0,0,0,0,107,0,1,8,0,2,63,5,0,2
051193,954,952,46,299,609,46,655,0,655,13,0,1,1,0,17,0,1,23,0,52,0,0,0,205,0,2,0,0,2,2,0,0,59,0,0,0,0,0,1,117,1,0,34,0,1,120,2,0,1
051194,513,505,24,108,382,23,405,0,405,7,0,0,2,0,7,1,0,16,0,24,0,0,0,88,0,2,0,0,0,0,0,1,67,0,0,0,0,0,1,70,0,0,13,0,10,96,0,0,0
051195,369,370,45,88,237,44,281,0,281,2,0,0,1,0,11,0,0,5,1,17,0,0,0,36,0,0,0,0,0,0,0,1,54,0,2,0,0,0,0,63,0,1,3,0,1,80,2,0,1
051196,111,129,10,6,97,8,105,0,105,2,0,0,0,0,1,0,0,4,0,6,0,0,0,18,0,1,0,0,1,1,0,0,14,0,0,0,0,0,0,14,0,0,6,0,0,33,4,0,0
051197,678,686,35,202,441,35,476,0,476,8,0,0,3,0,12,1,0,14,0,18,0,0,0,101,0,1,0,0,6,0,0,1,42,1,0,0,1,0,2,99,0,0,77,0,3,77,5,0,4
051198,288,294,14,26,248,14,262,0,262,2,0,0,0,0,15,0,0,10,0,7,0,0,0,33,0,2,0,0,1,0,0,1,49,0,0,0,0,0,1,53,0,1,23,0,0,57,4,0,3
051199,318,333,20,68,232,18,250,0,250,1,0,0,1,1,9,2,0,10,0,9,0,0,0,31,0,1,0,0,0,0,0,1,42,0,0,0,0,0,0,57,0,0,18,0,1,62,4,0,0
051200,447,445,19,180,249,18,267,0,267,1,1,0,1,0,15,0,0,6,0,6,0,0,0,52,0,1,0,0,0,1,0,0,63,0,1,0,0,0,1,75,0,0,3,0,0,37,1,0,2
051201,747,750,38,261,451,35,486,0,486,2,0,2,2,0,33,0,0,3,0,28,1,0,0,117,1,1,0,0,4,0,0,0,92,2,2,0,0,0,0,87,0,0,15,0,1,83,5,3,2
051202,894,891,48,309,538,47,585,0,585,10,0,1,0,3,30,0,0,9,0,50,1,0,0,152,0,2,0,0,2,0,0,0,60,1,1,0,0,0,1,126,1,1,38,0,3,79,8,0,6
051203,531,525,34,130,369,32,401,0,401,6,0,1,0,0,33,0,0,23,0,17,0,0,0,92,0,0,0,0,0,0,1,0,63,1,1,0,0,0,0,78,2,0,11,0,2,68,2,0,0
051204,801,797,46,323,432,46,478,0,478,8,0,0,1,0,18,1,1,15,1,46,0,0,0,97,0,1,1,0,0,0,0,1,47,0,1,0,0,0,1,117,1,0,41,0,0,72,5,0,2
051205,390,388,23,147,220,23,243,0,243,3,1,0,0,0,6,0,0,11,0,22,0,0,0,53,0,0,0,0,2,0,1,0,39,1,0,0,0,0,0,41,0,0,14,0,0,45,3,0,1
051206,618,614,72,188,362,68,430,0,430,3,0,0,1,0,21,1,0,20,0,20,0,0,1,70,0,0,0,0,1,0,0,0,84,2,3,0,0,1,3,107,0,0,13,0,0,74,5,0,0
051207,663,657,26,261,384,18,402,0,402,6,0,0,2,0,12,2,0,12,1,22,0,1,1,111,0,1,1,0,0,0,1,0,64,1,0,0,0,0,0,68,1,0,15,1,0,70,5,0,4
051208,705,698,7,311,388,6,394,0,394,8,0,0,0,0,34,0,0,6,0,20,0,0,0,79,0,0,0,0,1,0,2,0,101,2,0,0,0,0,2,72,0,1,9,0,1,49,5,0,2
051209,867,857,6,322,539,6,545,0,545,11,0,0,3,0,24,0,0,8,1,52,0,1,0,142,0,1,0,0,1,0,0,0,84,1,4,0,0,0,0,90,1,0,19,0,1,90,3,2,6
051285,1302,1289,5,563,734,5,739,0,739,8,0,0,3,1,55,0,0,18,0,47,1,0,0,201,0,4,0,0,9,0,0,0,84,0,3,0,0,0,0,162,0,1,34,0,0,93,6,2,7
051286,921,904,5,426,490,5,495,0,495,3,0,0,1,0,50,0,0,3,0,40,0,0,1,121,0,0,0,0,13,0,0,5,50,0,0,0,0,0,1,132,2,2,11,0,0,55,2,0,3
051287,90,97,1,30,59,1,60,0,60,0,0,0,0,0,3,0,0,5,1,1,0,0,0,6,0,0,0,0,2,0,0,0,9,0,0,0,0,0,0,11,0,0,3,0,0,19,0,0,0
051288,372,368,21,172,181,19,200,0,200,1,0,0,0,0,4,0,0,2,0,15,0,0,1,27,0,1,0,0,5,0,0,2,38,0,0,0,0,0,0,50,0,0,7,0,0,43,3,0,1
051289,474,469,20,195,263,16,279,0,279,3,1,0,0,0,13,0,0,7,1,13,0,0,1,41,0,3,0,0,3,0,0,0,44,1,1,0,0,0,1,73,0,0,1,0,0,68,4,0,0
051290,789,782,36,348,409,32,441,0,441,1,0,0,2,0,32,1,0,7,0,16,0,0,0,74,0,2,0,0,6,0,0,1,100,0,1,0,0,0,0,113,0,0,8,0,0,70,5,0,2
051291,153,151,10,73,72,8,80,0,80,0,0,0,0,1,4,1,0,1,0,1,0,0,0,20,0,0,0,0,1,0,0,1,15,0,0,0,0,0,0,24,0,0,0,0,0,10,1,0,0
051292,48,48,3,28,19,1,20,0,20,1,0,0,0,0,0,0,0,0,0,0,0,0,0,3,0,0,0,0,0,0,0,0,4,0,0,0,0,0,0,7,0,0,0,0,0,5,0,0,0
051293,558,556,19,189,350,19,369,0,369,5,2,0,1,0,28,2,0,7,1,28,0,0,0,92,1,0,0,1,5,0,0,0,44,0,2,0,0,0,1,62,1,0,20,0,2,60,0,0,4
051294,735,728,49,251,440,44,484,0,484,6,0,0,1,0,49,1,0,17,0,24,0,1,1,121,1,3,0,0,1,0,0,0,80,0,1,0,0,0,0,54,2,1,24,0,0,85,6,1,4
051295,237,230,24,68,145,24,169,0,169,2,1,0,1,0,24,0,1,3,0,9,0,0,0,28,0,1,0,0,3,0,0,0,22,0,0,0,0,0,0,22,0,0,11,0,0,37,2,0,2
051296,492,490,45,153,294,45,339,0,339,0,1,0,0,0,24,0,0,4,0,25,0,0,0,78,0,0,0,0,4,0,1,2,89,0,0,0,0,1,0,45,0,0,5,0,1,58,0,0,1
051297,498,497,52,169,284,45,329,0,329,4,1,0,0,0,38,0,0,4,0,2,0,5,0,52,0,3,0,0,5,0,0,2,87,0,0,0,1,1,0,61,0,0,5,0,0,53,3,0,2
051298,1293,1281,17,574,703,16,719,0,719,9,2,0,2,0,21,0,0,14,0,46,0,0,0,183,0,2,0,0,8,2,0,0,114,1,0,0,0,0,2,157,0,1,40,0,0,108,2,2,3
051299,900,885,21,383,496,21,517,0,517,3,2,0,0,0,21,0,0,9,0,29,0,1,0,128,1,1,0,0,1,0,0,1,76,0,0,0,0,0,4,113,0,0,30,0,1,89,2,0,5
051300,144,142,1,37,106,1,107,0,107,0,0,0,0,0,4,0,0,3,0,1,0,0,0,14,0,2,0,0,0,0,0,0,25,0,0,0,0,0,2,18,0,0,2,0,0,35,0,1,0
051301,249,247,11,99,139,11,150,0,150,0,0,0,0,1,16,0,0,2,0,6,0,0,0,45,0,1,0,0,1,0,0,0,21,0,0,0,1,1,0,12,0,0,12,0,0,30,1,0,0
051302,207,203,17,86,104,17,121,0,121,0,0,0,0,0,19,0,0,4,0,10,0,0,0,18,1,0,0,0,3,0,0,0,19,0,0,0,0,0,0,14,0,0,1,0,1,30,1,0,0
051303,522,520,52,133,337,52,389,0,389,3,0,0,0,0,17,0,0,16,0,13,0,0,0,74,0,2,0,0,11,0,0,0,52,0,0,0,0,0,0,93,0,0,29,0,4,71,4,0,0
051304,186,187,16,46,124,16,140,0,140,1,0,0,0,0,13,1,0,6,0,9,0,0,0,22,0,0,0,1,8,0,0,0,19,0,0,0,0,0,0,30,0,0,1,0,1,27,1,0,0
051305,696,675,59,282,371,43,414,0,414,5,0,0,1,0,22,0,0,13,0,14,0,1,1,94,0,3,0,0,4,0,0,2,65,0,1,0,0,0,2,60,1,0,13,0,1,106,2,0,3
051306,51,60,9,7,35,9,44,0,44,0,0,1,0,0,6,0,0,1,0,4,0,0,0,3,0,0,0,0,2,0,0,0,8,0,0,0,0,0,1,1,0,0,2,0,0,14,1,0,0
051307,426,420,27,152,252,22,274,0,274,3,0,1,1,0,14,0,0,1,0,11,0,0,0,55,0,1,0,0,3,0,0,0,44,0,3,0,0,0,2,64,0,5,0,0,0,58,4,2,2
051308,78,78,5,22,51,5,56,0,56,0,0,0,0,0,5,0,0,5,0,1,0,0,0,10,0,0,0,0,0,0,0,0,11,0,0,0,0,0,1,14,0,0,0,0,0,9,0,0,0
051309,54,52,7,8,41,5,46,0,46,1,0,0,0,0,6,0,0,6,0,5,0,0,0,3,0,0,0,0,1,0,0,0,5,0,0,0,0,0,1,13,0,0,1,0,0,4,0,0,0
051310,1524,1508,8,713,804,7,811,0,811,13,1,0,2,1,38,0,0,9,0,51,0,2,0,233,0,0,0,0,7,0,1,3,103,2,3,0,0,0,0,213,1,1,46,0,0,73,4,1,3
051311,795,785,10,358,427,10,437,0,437,3,0,0,1,0,20,0,0,9,1,27,1,0,0,109,0,2,0,0,5,0,0,0,66,0,1,0,0,0,0,87,0,1,6,0,2,92,3,0,1
051312,204,201,20,44,140,20,160,0,160,4,0,0,0,0,9,0,0,6,0,6,0,0,0,23,0,0,0,0,4,0,0,0,43,0,0,0,0,0,0,34,0,0,2,0,0,27,2,0,0
051313,135,135,16,51,68,16,84,0,84,6,0,0,0,0,3,0,0,0,0,3,0,0,0,5,0,1,0,0,5,0,0,0,8,0,0,0,0,0,0,22,0,0,1,0,0,29,1,0,0
051314,1254,1249,83,534,648,72,720,0,720,3,0,1,0,1,37,2,0,7,2,35,1,1,0,191,0,1,0,0,7,0,0,0,121,1,2,0,0,0,0,125,0,1,28,0,2,133,11,2,5
051315,504,505,46,154,305,45,350,0,350,3,0,0,1,0,20,2,0,13,0,12,0,0,0,46,0,0,2,0,6,0,0,0,76,0,0,0,0,0,0,92,0,0,10,0,1,59,1,1,5
051316,888,880,36,309,545,34,579,0,579,12,1,1,1,0,44,1,1,6,1,23,0,0,0,122,0,4,0,0,10,1,0,0,94,1,3,0,0,0,0,116,0,1,27,0,2,101,3,0,3
051317,243,247,31,76,138,29,167,0,167,3,1,0,0,0,8,0,0,6,0,12,0,0,0,24,0,0,0,0,3,0,0,0,20,1,0,0,0,0,0,34,0,0,13,0,0,39,2,0,1
051318,93,91,4,23,66,4,70,0,70,0,0,0,0,1,2,1,0,2,0,1,0,0,0,15,0,0,0,0,0,0,0,0,19,0,0,0,0,0,0,7,0,0,1,0,0,20,1,0,0
051319,120,50,0,82,38,0,38,0,38,0,0,0,0,0,1,0,0,0,0,2,0,0,0,5,0,0,0,0,1,0,0,0,8,0,0,0,0,0,0,9,0,0,2,0,0,10,0,0,0
051344,1701,1673,27,654,1025,22,1047,0,1047,15,0,0,2,1,52,0,0,29,0,99,0,2,0,248,0,7,0,0,28,0,0,1,74,2,2,0,0,0,3,158,1,1,91,0,1,203,13,3,11
051345,615,610,42,209,366,40,406,0,406,3,0,0,1,0,27,1,0,11,0,17,0,0,0,135,0,2,0,0,10,0,0,2,57,1,0,1,0,0,0,44,0,0,8,1,0,79,2,1,3
051346,621,615,26,286,309,26,335,0,335,3,0,0,3,1,11,1,0,6,0,14,0,0,0,38,0,0,0,0,9,0,0,0,64,0,1,0,0,0,0,90,0,1,7,0,1,77,8,0,0
051347,1005,990,65,440,516,49,565,0,565,4,0,1,1,2,23,2,0,15,0,28,0,0,1,162,1,0,0,0,33,0,0,1,55,0,1,0,1,0,1,109,0,0,41,0,3,73,3,0,4
051348,630,615,51,326,267,37,304,0,304,3,1,1,2,2,13,0,0,7,1,6,0,0,0,75,0,2,0,0,10,0,0,0,71,0,4,0,0,0,0,45,1,0,9,0,1,48,2,0,0
051350,231,228,17,98,118,15,133,0,133,1,0,0,0,1,3,0,0,0,0,19,0,0,0,18,0,0,0,0,4,0,0,0,31,0,0,0,0,0,1,23,3,0,4,0,0,21,2,0,2
051351,168,166,19,56,93,19,112,0,112,1,0,0,0,0,2,0,0,15,0,1,0,0,0,11,0,0,0,0,4,0,0,2,22,0,0,0,0,0,0,26,0,0,6,0,0,19,2,0,1
051352,1215,1205,63,525,638,52,690,0,690,3,1,0,1,2,29,0,0,20,0,79,0,1,0,164,0,2,0,0,7,0,0,1,91,2,3,0,0,0,1,97,1,1,28,0,0,138,12,1,5
051353,1224,1209,74,550,618,56,674,0,674,6,0,0,3,0,28,0,0,25,0,41,0,0,0,144,2,4,0,1,11,1,0,1,114,2,2,0,0,1,1,107,0,1,27,0,0,141,4,2,5
051354,822,814,39,263,521,38,559,0,559,5,0,0,0,0,24,0,0,6,0,49,0,0,0,148,0,1,1,0,8,0,0,4,112,1,3,0,0,1,2,68,0,0,12,0,2,93,5,3,11
051355,1044,1034,87,371,600,73,673,0,673,8,1,1,3,0,33,0,1,19,0,26,0,0,0,138,0,2,0,0,10,0,1,2,112,2,2,0,1,0,0,133,0,0,7,0,4,147,13,2,5
051356,486,478,21,171,297,18,315,0,315,0,0,0,0,0,18,0,0,5,1,24,0,0,0,65,1,0,0,0,5,2,0,1,57,1,1,0,0,0,0,77,0,1,4,1,0,44,7,0,0
051357,456,449,20,162,276,18,294,0,294,4,0,1,0,0,20,0,0,12,1,22,1,0,0,34,0,2,0,0,5,1,0,1,50,0,2,0,0,0,1,59,0,0,16,0,2,55,4,0,1
051358,780,772,37,253,494,33,527,0,527,13,0,1,0,1,16,0,0,13,0,23,0,0,0,81,0,0,0,1,35,2,0,1,60,0,1,0,0,0,2,159,0,1,10,0,1,99,5,0,2
051359,528,516,26,203,299,26,325,0,325,5,0,0,1,1,28,3,0,6,0,18,0,0,0,58,0,3,0,0,9,1,0,1,60,0,2,0,0,0,0,38,0,0,23,0,1,62,4,0,1
051360,597,592,34,209,355,33,388,0,388,2,0,0,1,1,8,0,0,8,0,17,0,0,0,104,0,1,0,1,4,0,0,3,77,1,1,1,0,0,0,47,0,0,7,0,0,91,11,1,1
051361,1713,1698,29,681,1008,24,1032,0,1032,22,5,1,3,1,41,0,0,14,0,79,0,1,0,311,1,0,0,0,36,0,0,0,114,0,2,0,0,0,2,139,0,0,43,0,3,196,9,2,7
051362,1086,1075,20,494,575,17,592,0,592,7,1,1,5,0,39,1,0,12,0,39,0,0,0,82,0,1,0,0,13,0,0,1,80,0,3,0,0,0,1,74,0,0,34,0,1,186,7,0,4
051363,786,778,42,272,474,40,514,0,514,7,0,1,0,0,25,0,0,9,0,28,0,0,0,94,0,5,0,0,9,0,1,1,134,1,0,0,1,0,1,82,0,0,22,0,1,82,7,0,3
051364,210,206,18,78,114,18,132,0,132,0,0,0,0,0,4,1,1,11,0,8,0,0,0,24,0,0,0,0,0,0,1,0,33,1,0,0,0,0,0,10,0,0,5,0,0,31,2,0,0
051365,2058,2020,68,904,1104,50,1154,0,1154,21,0,0,1,1,50,2,0,12,0,90,1,0,0,276,0,0,0,0,49,1,1,0,108,1,3,0,1,0,0,168,0,2,47,0,3,283,13,3,17
051366,651,652,24,212,415,24,439,0,439,6,0,0,0,0,19,0,0,13,0,8,1,0,0,80,0,0,0,0,11,0,0,5,81,2,1,0,0,0,0,56,0,1,13,0,1,134,6,0,1
051367,1260,1251,74,518,678,64,742,0,742,7,1,0,0,0,36,1,0,25,0,39,0,0,2,159,0,5,1,0,17,0,0,0,123,0,3,0,0,0,0,105,4,2,38,1,0,146,19,2,6
051368,543,536,21,247,283,13,296,0,296,2,0,0,0,0,6,0,1,8,0,12,0,0,0,44,0,1,1,1,3,0,0,1,88,0,2,0,0,0,1,62,0,0,4,0,1,47,10,0,1
051369,180,179,13,57,110,13,123,0,123,1,0,0,0,1,5,0,0,6,0,6,0,0,1,17,0,0,0,0,3,0,0,0,34,0,0,0,0,0,0,22,0,0,1,0,0,23,3,0,0
051370,546,555,26,178,347,21,368,0,368,3,0,1,0,0,16,0,0,12,0,19,0,0,0,106,0,2,0,0,11,0,0,1,80,1,0,0,0,0,0,22,0,0,5,0,3,74,6,3,3
051371,1598,1531,50,616,937,45,982,0,982,8,0,0,0,0,36,0,0,6,1,70,0,0,0,300,0,1,0,0,21,0,0,1,115,2,1,0,0,0,1,124,0,2,61,0,0,218,8,1,5
051372,240,239,9,75,156,9,165,0,165,1,0,0,0,0,10,0,0,6,1,10,0,0,0,47,0,0,0,1,2,0,0,0,19,0,0,0,0,0,0,18,1,1,6,0,1,41,0,0,0
051373,699,693,50,227,427,45,472,0,472,13,0,1,0,0,15,1,0,11,2,21,0,0,0,81,0,1,0,0,3,0,0,4,63,1,0,0,0,0,0,95,0,0,30,0,1,119,10,0,0
051374,468,475,27,171,272,25,297,0,297,5,0,0,0,0,10,0,0,6,0,22,0,1,1,58,0,2,0,0,5,0,0,0,41,0,1,0,0,0,0,52,0,0,13,0,1,66,10,0,3
051375,1251,1229,48,354,849,48,897,0,897,9,0,2,1,0,40,1,0,21,1,50,0,0,0,147,0,4,1,0,12,0,1,2,135,2,4,0,0,0,0,211,0,0,33,1,0,200,8,3,8
051376,240,242,17,55,170,15,185,0,185,0,0,0,0,0,18,0,0,13,0,16,0,0,0,21,0,0,0,0,2,0,0,0,30,0,0,0,0,0,0,29,0,0,4,0,1,45,4,0,2
051377,471,471,42,146,288,37,325,0,325,2,0,0,0,0,10,0,0,10,0,15,0,0,0,79,0,2,1,0,3,0,0,0,40,0,0,0,0,0,0,73,1,0,18,0,2,64,3,2,0
051378,717,704,41,260,424,33,457,0,457,8,2,0,0,1,14,0,0,8,0,21,2,0,0,86,1,1,0,1,6,0,0,0,102,1,3,0,1,0,2,84,1,0,12,1,2,75,15,1,6
051379,1815,1796,10,797,1008,10,1018,0,1018,13,1,0,0,2,18,0,0,14,0,63,0,0,2,288,0,1,0,1,22,0,0,0,48,0,1,0,0,0,2,244,0,1,103,0,0,181,8,0,5
051380,1770,1756,11,783,978,9,987,0,987,21,1,2,2,2,34,1,0,17,0,38,0,0,1,237,0,2,1,1,25,0,3,0,72,0,1,0,0,0,1,237,0,1,101,0,2,166,10,1,7
051381,360,360,26,114,225,21,246,0,246,0,0,0,0,0,14,0,0,8,0,15,0,0,0,47,0,4,0,0,8,1,0,2,51,1,0,0,0,0,4,38,0,0,13,0,1,35,1,0,3
051382,663,657,37,230,400,33,433,0,433,4,0,0,0,0,15,0,0,19,0,26,0,0,0,65,0,1,0,0,4,1,0,2,113,0,2,0,1,1,0,110,1,0,8,1,2,54,2,0,1
051383,2052,2017,89,730,1263,59,1322,0,1322,20,0,2,3,0,63,1,0,45,0,73,2,0,2,320,1,5,1,0,46,0,0,2,122,1,4,1,0,0,0,175,0,1,88,2,1,304,22,4,11
051384,426,420,29,100,298,28,326,0,326,4,0,0,0,0,11,0,0,11,0,2,0,0,0,104,0,1,0,0,4,0,0,0,36,0,1,0,0,0,1,55,0,0,16,1,1,72,0,1,5
051385,645,638,27,239,381,25,406,0,406,4,0,0,1,0,20,0,0,16,0,19,0,0,0,81,0,0,0,2,10,2,0,1,86,1,1,0,0,0,1,75,0,1,23,0,2,55,1,0,4
051386,141,141,8,58,75,8,83,0,83,0,0,0,1,0,5,0,0,2,0,2,0,0,0,14,0,0,0,0,2,0,0,0,15,0,0,0,0,0,0,21,0,0,3,0,1,14,3,0,0
051387,573,571,31,192,351,30,381,0,381,1,0,1,0,0,20,0,0,8,0,6,0,0,0,91,0,0,0,0,10,0,0,0,39,0,3,1,0,0,0,60,0,0,23,0,0,110,7,0,1
051388,1695,1686,43,746,906,43,949,0,949,14,1,0,1,1,27,2,0,34,0,42,0,0,1,207,0,1,0,1,58,2,0,1,175,2,1,1,0,0,0,192,0,3,28,0,0,138,11,1,4
051389,117,114,12,31,74,12,86,0,86,0,0,0,0,0,1,0,0,3,0,3,0,0,0,22,0,0,0,0,3,0,0,1,21,0,1,0,0,0,0,10,0,0,2,0,0,19,0,0,0
051390,306,302,16,70,223,13,236,0,236,0,0,0,0,2,4,0,0,4,0,6,0,0,0,31,0,1,0,0,4,0,0,0,27,0,0,0,0,0,0,54,0,0,3,0,2,95,3,0,0
051391,828,828,1,211,616,1,617,0,617,3,0,0,0,0,30,1,0,22,1,0,22,1,1,157,1,4,0,0,15,0,0,0,88,1,1,0,3,0,0,91,0,0,44,1,7,116,3,0,4
051392,1638,1641,15,630,996,12,1008,0,1008,18,4,0,3,0,55,0,0,41,0,83,1,0,1,276,0,1,0,0,26,1,1,3,45,0,0,0,0,0,0,181,0,0,91,0,0,165,7,1,4
051393,1548,1518,8,537,1005,6,1011,0,1011,12,0,0,2,0,39,0,1,53,0,94,0,0,0,265,1,3,0,0,38,1,1,3,57,0,2,0,0,1,0,145,0,3,102,1,2,164,9,1,11
051394,2226,2201,43,852,1332,42,1374,0,1374,15,2,0,3,0,66,1,0,46,0,98,1,2,1,343,0,4,2,0,33,2,0,2,154,4,2,0,1,0,3,203,0,2,92,0,0,261,18,4,9
051395,222,90,35,148,52,22,74,0,74,1,0,0,0,0,4,0,0,0,0,5,0,0,0,23,0,0,0,0,2,0,0,0,11,0,0,0,1,0,0,9,0,0,5,0,1,11,1,0,0,01,04,2019,00,03
