560105,2082,2069,27,731,1328,23,1351,0,1351,15,5,2,2,0,81,0,0,5,0,69,0,1,0,250,1,1,1,0,49,1,1,0,79,0,3,0,0,0,3,344,1,149,107,0,1,162,9,3,6
560106,1803,1784,25,657,1122,24,1146,0,1146,17,1,3,2,1,83,2,0,5,0,56,1,0,0,216,1,0,1,0,29,2,0,2,85,0,12,0,0,0,1,267,1,109,84,0,1,147,9,2,6
560107,1779,1763,58,627,1105,47,1152,0,1152,17,3,0,2,1,58,0,2,9,0,73,0,1,0,302,0,0,0,1,24,0,1,1,117,0,2,0,0,0,0,278,0,34,79,0,1,135,4,0,7
560108,213,210,15,74,125,14,139,0,139,2,0,0,0,0,3,0,0,0,0,3,0,0,1,52,1,0,0,0,2,0,0,1,21,0,1,0,0,0,0,22,0,1,5,0,0,23,1,0,0
560109,744,735,28,339,381,24,405,0,405,10,0,0,0,0,8,0,0,6,0,19,0,0,0,77,0,0,0,0,6,0,0,1,58,1,1,0,0,0,0,90,0,38,10,0,0,74,2,2,2
560110,1368,1357,24,575,769,24,793,0,793,14,3,2,2,0,40,1,0,0,0,51,0,0,0,181,0,0,0,0,35,0,0,1,92,0,0,0,0,0,2,164,0,14,28,0,0,147,7,1,8
560111,300,297,24,90,186,24,210,0,210,1,0,0,1,0,1,1,0,0,0,10,0,0,0,44,0,0,0,0,7,1,0,1,23,0,0,0,0,0,0,62,0,7,3,0,0,45,1,0,2
560112,324,321,17,138,173,13,186,0,186,5,0,0,1,0,14,0,0,0,1,3,0,0,1,35,0,0,0,1,6,0,0,0,36,0,1,0,0,0,1,26,0,3,7,0,0,36,5,0,4
560113,525,517,27,186,313,26,339,0,339,3,1,1,0,0,14,0,0,0,0,7,0,2,1,41,0,1,0,0,6,1,1,0,56,0,0,0,0,0,0,98,0,1,11,0,0,83,3,1,7
560114,510,504,17,144,349,17,366,0,366,2,0,0,0,0,15,0,0,0,0,10,0,0,0,63,0,0,0,0,31,0,0,0,33,0,1,0,0,0,1,96,0,8,10,0,0,90,3,0,3
560115,1452,1441,37,575,846,31,877,0,877,6,1,2,1,1,39,1,0,7,0,46,0,0,1,236,1,0,1,0,13,0,0,2,92,1,4,0,0,0,1,147,0,34,66,0,0,155,7,2,10
560116,489,483,28,177,291,21,312,0,312,3,0,1,1,0,16,0,0,3,0,22,1,0,0,71,0,0,0,0,2,0,0,0,37,0,0,1,0,0,0,94,0,8,16,0,0,29,3,1,3
560117,393,389,21,84,289,20,309,0,309,2,0,3,4,0,10,0,0,2,1,21,0,0,0,62,0,1,0,0,0,0,0,0,18,0,0,0,0,0,2,92,0,0,5,0,0,83,2,0,1
560118,381,381,35,95,257,29,286,0,286,1,0,1,0,1,18,0,0,2,0,10,0,0,0,47,0,0,0,0,8,0,0,0,41,0,4,0,0,0,1,99,0,3,17,0,0,29,0,1,3
560119,117,119,13,35,70,12,82,0,82,0,0,0,0,0,1,0,0,0,0,9,0,0,0,14,0,0,0,0,0,0,0,0,12,0,0,0,0,0,1,24,0,2,0,0,0,19,0,0,0
560120,360,370,16,107,237,16,253,0,253,5,0,0,0,0,15,1,0,2,0,19,0,1,0,40,1,0,0,0,5,0,0,0,20,1,0,0,0,0,0,79,0,8,11,0,0,41,3,0,1
560121,294,289,14,66,214,14,228,0,228,2,0,0,0,0,11,0,0,3,0,39,0,0,0,34,0,0,0,0,5,0,0,0,33,0,1,0,0,0,0,38,0,0,15,0,0,43,0,0,4
560122,240,235,21,65,156,19,175,0,175,1,0,0,1,0,15,0,0,0,0,21,1,0,0,16,0,0,0,0,6,0,0,0,33,0,0,0,0,0,2,33,0,1,5,0,0,35,0,1,4
560123,159,159,18,29,114,16,130,0,130,1,0,0,0,0,10,0,0,0,0,6,0,0,0,14,0,0,0,0,2,0,0,0,26,0,0,0,4,0,0,38,2,1,4,0,0,18,2,2,0
560124,165,166,20,42,104,19,123,0,123,6,0,0,0,0,5,0,0,1,0,8,0,0,0,23,1,0,0,0,0,0,0,0,17,0,0,0,0,0,1,44,0,2,2,0,0,11,1,1,0
560125,477,469,13,169,296,12,308,0,308,7,1,0,0,0,11,0,0,2,1,16,0,0,0,51,0,0,1,0,1,0,0,2,61,2,0,0,0,0,2,77,0,3,16,0,0,50,2,1,1
560126,249,243,10,80,159,10,169,0,169,4,0,0,0,1,6,0,0,1,0,9,0,0,0,30,0,0,0,0,1,0,0,0,24,0,2,0,0,0,0,29,0,3,4,0,0,53,2,0,0
560127,369,369,10,129,230,10,240,0,240,3,0,0,0,0,18,1,0,0,0,8,0,0,0,56,0,0,0,0,4,0,0,2,29,1,1,0,0,0,0,59,0,8,5,0,0,40,4,1,0
560128,426,416,23,133,274,19,293,0,293,4,1,0,0,1,23,0,0,1,0,8,0,1,0,77,0,1,0,0,4,0,0,1,29,1,1,0,2,0,0,78,1,6,14,0,0,36,2,1,0
560129,156,153,12,48,96,12,108,0,108,0,0,0,0,0,9,0,0,0,0,13,0,0,0,16,0,0,0,0,4,0,0,0,20,0,0,0,0,0,0,22,0,1,9,0,0,14,0,0,0
560130,360,358,28,120,214,26,240,0,240,1,0,0,0,0,19,0,0,0,0,14,0,0,1,50,0,0,0,0,4,0,0,0,32,0,0,0,0,0,0,65,0,2,6,0,1,42,2,0,1
560131,843,838,19,281,549,13,562,0,562,5,1,0,0,0,61,0,0,2,0,25,0,0,0,67,0,2,0,0,18,0,0,0,81,1,0,1,0,0,3,180,0,15,16,1,0,72,6,2,3
560132,390,390,23,174,195,21,216,0,216,2,0,0,2,1,16,0,0,1,0,7,0,0,0,34,0,0,0,0,11,0,0,1,57,0,0,0,0,0,1,35,0,15,3,0,0,29,1,0,0
560133,234,233,22,72,143,19,162,0,162,0,0,0,1,0,9,0,0,1,0,17,0,0,0,16,0,0,0,0,3,0,0,0,29,0,0,0,2,0,0,64,0,1,0,0,0,16,2,0,1
560134,297,290,25,124,153,20,173,0,173,0,0,1,0,1,27,0,0,1,0,6,0,0,0,20,0,0,0,0,1,0,0,0,31,0,1,0,0,0,1,52,0,3,4,0,1,20,2,0,1
560135,384,385,39,134,214,36,250,0,250,1,0,0,0,0,8,0,0,0,0,9,0,0,0,33,0,0,1,0,9,0,0,3,44,1,0,0,0,0,0,72,0,11,9,0,0,44,3,0,2
560136,441,431,12,159,271,11,282,0,282,2,2,0,0,0,6,0,1,0,0,9,0,0,0,37,0,1,0,0,7,0,0,1,43,0,0,0,0,0,2,112,0,4,11,0,0,42,0,0,2
560137,114,114,17,32,71,11,82,0,82,2,0,0,0,0,6,0,0,0,0,8,0,0,0,17,0,0,0,0,2,0,0,0,13,0,1,0,0,0,0,19,0,2,1,0,0,10,0,0,1
560138,303,300,21,110,174,19,193,0,193,3,0,2,0,0,5,1,0,0,0,11,0,0,0,31,0,0,0,0,1,0,0,0,38,0,0,0,0,0,1,66,0,6,3,0,0,21,3,0,1
560139,117,117,19,26,75,16,91,0,91,0,0,0,0,0,11,0,0,1,0,5,0,0,0,14,0,0,0,0,2,0,0,0,20,0,0,0,0,0,0,18,0,2,2,1,0,12,1,0,2
560140,255,256,33,71,153,31,184,0,184,0,0,0,0,0,7,0,0,0,2,12,0,0,0,23,0,0,0,0,4,0,1,1,21,0,1,0,0,0,1,77,0,8,1,0,1,21,2,0,1
560141,216,215,18,62,137,17,154,0,154,3,0,0,0,1,3,0,0,1,0,16,0,0,0,25,1,0,0,0,6,0,0,1,17,0,0,0,0,0,1,33,0,2,4,0,0,32,6,0,2
560142,324,321,9,122,196,6,202,0,202,3,0,0,0,0,13,0,0,0,0,11,0,0,0,49,0,0,0,0,0,0,0,0,36,0,0,0,0,0,0,51,0,1,10,0,0,24,3,0,1
560143,210,208,17,59,137,14,151,0,151,1,1,0,1,0,5,0,0,0,0,1,0,0,0,27,0,0,0,0,3,0,0,1,36,0,2,0,0,0,0,42,0,6,0,0,0,22,3,0,0
560144,450,443,34,147,269,34,303,0,303,6,0,0,0,1,11,0,0,0,0,9,0,0,1,48,1,0,0,0,13,0,0,2,45,1,0,0,0,0,0,79,0,1,12,0,1,65,5,1,1
560145,129,128,13,39,77,13,90,0,90,3,0,0,0,0,4,0,0,0,0,2,0,0,0,13,0,0,0,0,1,0,0,1,12,0,0,0,0,0,0,18,0,0,5,0,0,28,2,0,1
560146,519,515,36,165,320,34,354,0,354,3,0,0,0,2,24,0,0,7,0,23,0,1,0,54,0,1,0,0,6,0,0,0,51,0,3,0,0,0,1,100,0,6,11,0,0,57,2,0,2
560147,270,271,9,72,189,9,198,0,198,4,0,0,1,1,10,0,0,0,0,10,0,0,0,30,0,0,0,0,9,0,0,1,30,2,1,0,0,0,1,57,0,4,8,0,0,27,1,0,1
560148,354,351,21,148,187,19,206,0,206,1,0,0,1,0,18,0,0,0,0,10,0,0,0,27,0,0,0,0,10,0,0,1,35,0,1,0,0,0,0,34,0,9,11,0,2,43,1,1,1
560149,123,122,16,57,53,13,66,0,66,0,0,0,0,0,8,0,0,0,0,3,0,0,0,10,0,0,0,0,1,0,0,1,8,0,0,0,0,0,0,13,0,4,3,0,0,15,0,0,0
560150,924,914,68,257,607,60,667,0,667,5,0,1,1,1,12,1,1,3,0,11,1,1,1,84,0,0,0,0,8,1,0,0,37,0,0,0,1,0,0,75,3,329,20,0,1,64,4,0,1
560151,747,741,37,239,472,36,508,0,508,13,0,0,1,0,12,0,0,0,0,17,0,0,0,81,0,0,0,0,2,0,0,1,44,1,0,0,0,0,0,90,1,178,11,0,0,51,4,1,0
560152,624,611,16,244,367,13,380,0,380,11,0,0,0,0,9,0,0,1,0,32,0,0,1,62,0,1,0,0,10,0,1,1,44,0,1,0,0,0,0,100,0,12,23,0,0,62,7,1,1
560153,273,276,16,74,185,14,199,0,199,4,0,0,0,0,11,0,0,0,0,10,1,0,0,25,1,0,0,0,0,0,0,1,30,0,0,0,0,0,0,42,0,16,3,0,0,47,3,1,4
560154,1731,1701,78,693,979,59,1038,0,1038,22,0,1,2,0,48,0,0,8,1,105,1,0,0,204,2,0,0,2,52,0,0,4,150,0,6,0,1,0,1,225,0,11,69,0,2,104,8,2,7
560155,189,193,18,53,120,16,136,0,136,2,0,0,1,0,1,0,0,0,0,21,0,0,0,19,0,0,0,0,5,0,0,0,16,0,3,0,0,0,1,42,0,0,4,0,0,19,1,1,0
560156,468,464,32,154,287,27,314,0,314,3,0,0,0,0,16,0,0,1,0,10,0,0,0,38,0,1,0,1,11,0,0,1,51,0,1,0,0,0,0,100,1,5,20,0,0,51,3,0,0
560403,2220,2184,38,903,1287,30,1317,0,1317,15,5,4,9,0,71,4,0,26,1,97,0,0,0,315,0,2,0,0,40,0,1,1,95,4,10,1,0,0,0,237,1,4,84,0,1,265,10,0,14
560404,1965,1935,31,710,1235,20,1255,0,1255,5,2,1,2,0,112,0,0,37,0,86,0,0,0,316,0,0,0,0,29,0,1,3,83,3,5,0,0,0,0,279,0,2,74,0,0,192,11,0,12
560405,1887,1876,42,789,1065,33,1098,0,1098,9,3,0,6,2,87,0,0,19,1,76,0,0,0,280,0,2,0,0,23,0,0,2,64,3,3,0,0,1,2,262,1,1,85,0,0,150,4,0,12
560406,303,300,18,113,175,15,190,0,190,3,0,0,0,0,19,0,1,1,0,23,0,0,0,46,1,0,0,0,0,0,0,2,39,0,1,0,3,0,0,21,0,2,3,0,0,24,0,0,1
560407,438,432,19,138,283,17,300,0,300,4,0,0,0,0,8,0,0,0,1,18,0,0,0,68,1,0,0,0,8,1,0,0,61,0,0,0,0,0,2,59,1,3,6,0,0,55,4,0,0
560408,405,396,28,141,239,25,264,0,264,4,1,0,1,0,14,0,0,2,0,11,1,1,2,37,1,0,0,0,11,0,1,1,42,0,0,0,0,0,1,58,0,3,13,0,1,52,4,1,1
560409,618,613,38,200,384,34,418,0,418,12,1,0,0,1,9,0,0,0,1,43,0,1,0,105,0,1,0,0,9,0,1,0,46,0,3,0,0,0,3,81,0,1,17,1,0,69,4,2,7
560410,384,380,32,130,230,24,254,0,254,2,1,0,1,1,7,0,0,9,0,22,2,0,0,54,0,0,0,0,2,0,1,0,50,0,1,0,0,1,0,53,0,2,2,0,0,41,2,0,0
560411,105,102,9,22,74,9,83,0,83,1,0,0,0,0,2,0,0,3,0,6,0,0,0,6,0,0,0,0,3,0,0,1,17,0,0,0,0,0,0,26,1,1,1,0,0,12,3,0,0
560412,1470,1462,56,577,839,54,893,0,893,6,0,1,3,3,84,0,0,6,0,46,0,0,1,196,0,1,0,0,29,0,0,0,116,1,3,0,1,0,0,183,0,10,26,0,3,144,18,2,10
560413,360,351,23,134,206,20,226,0,226,1,0,0,0,0,8,1,0,4,0,16,0,0,0,36,0,0,0,0,6,0,0,1,36,0,2,0,0,0,2,46,0,5,14,0,0,39,6,1,2
560414,309,304,32,119,159,31,190,0,190,2,0,0,0,0,5,0,0,5,0,2,0,0,0,43,0,0,0,0,3,0,0,4,37,1,0,0,0,0,0,45,1,0,2,0,0,37,1,0,2
560415,171,171,19,43,111,17,128,0,128,1,0,0,1,0,9,0,0,1,0,9,0,0,0,33,0,0,0,0,4,0,0,0,21,0,1,0,0,0,0,26,0,0,2,0,0,18,2,0,0
560416,819,818,17,339,464,16,480,0,480,8,0,1,0,0,25,1,0,4,0,21,0,0,0,136,0,1,0,0,14,0,0,2,61,1,2,0,0,0,0,87,0,1,13,0,0,90,4,1,7
560417,858,850,53,269,539,50,589,0,589,7,2,2,2,2,17,0,0,11,0,42,0,0,1,140,0,1,0,0,21,0,0,0,86,0,2,0,0,0,1,119,1,4,6,0,0,104,12,1,5
560418,381,379,35,152,199,30,229,0,229,1,0,0,0,0,3,0,0,1,0,11,0,0,0,35,0,0,0,0,3,0,0,1,62,1,0,0,1,0,1,60,0,0,8,0,0,37,0,1,3
560419,492,488,32,180,284,28,312,0,312,8,0,0,1,0,23,2,0,1,0,13,0,0,0,44,0,0,0,0,15,0,0,0,59,0,1,0,1,0,1,83,0,2,2,0,0,43,8,1,4
560420,630,622,19,235,376,19,395,0,395,5,0,0,4,2,9,0,0,2,0,17,0,0,0,93,0,1,0,0,9,1,0,0,66,0,0,0,0,0,1,74,0,4,12,0,1,83,7,1,3
560421,513,512,19,237,260,16,276,0,276,3,0,0,0,0,27,0,1,4,1,15,0,0,0,75,0,0,0,0,7,0,0,0,31,0,1,0,1,0,0,66,0,0,5,1,0,32,1,1,4
560422,324,320,22,102,201,21,222,0,222,3,0,0,0,0,8,1,0,1,0,11,0,0,0,34,1,0,0,0,2,0,0,1,37,0,0,0,0,0,0,88,0,1,3,0,0,26,2,0,3
560423,498,490,32,219,253,26,279,0,279,1,0,0,1,0,91,0,0,4,0,22,0,0,0,43,0,1,0,0,4,0,0,0,40,0,0,0,0,0,0,34,0,1,4,0,1,27,0,0,5
560424,339,339,45,118,181,40,221,0,221,5,0,0,1,0,20,0,0,1,0,8,0,1,1,23,0,0,1,0,6,0,0,0,55,0,2,0,0,0,2,45,0,2,4,0,0,42,2,0,0
560425,1041,1026,64,396,587,58,645,0,645,7,2,0,1,1,38,0,0,4,1,64,0,1,0,150,3,0,0,0,7,0,0,0,129,0,1,0,1,0,1,119,0,3,28,0,0,72,6,2,4
560426,1053,1055,58,371,628,54,682,0,682,11,3,0,1,1,16,0,1,3,1,26,1,0,2,107,1,0,1,0,9,3,0,4,141,1,0,1,0,0,3,201,0,1,29,1,0,101,7,4,1
560427,924,922,41,373,512,39,551,0,551,3,2,0,2,1,45,0,0,9,0,41,0,0,0,136,0,1,0,0,4,0,0,0,92,3,3,0,0,0,0,82,1,4,20,0,1,84,8,2,7
560428,654,640,100,239,330,85,415,0,415,5,0,0,0,1,34,0,0,1,0,11,0,1,0,82,0,0,0,1,10,0,0,0,75,0,2,0,0,0,2,115,0,7,7,0,0,59,1,1,0
560429,123,122,21,41,62,20,82,0,82,0,0,0,0,0,2,0,0,0,0,1,0,0,0,6,0,0,0,0,3,0,0,0,19,0,0,0,0,0,0,15,0,2,2,0,0,31,1,0,0
560430,1776,1758,37,730,1013,33,1046,0,1046,19,3,0,0,0,43,0,1,14,1,72,1,0,1,303,0,3,1,0,41,2,0,0,85,0,4,0,0,0,2,214,0,3,39,0,1,173,10,2,8
560431,600,591,44,223,339,38,377,0,377,9,1,0,0,0,11,0,0,2,0,30,0,0,0,53,0,0,0,0,6,0,0,0,77,0,1,0,0,0,1,100,0,1,5,0,0,76,3,0,1
560432,438,432,43,145,250,43,293,0,293,0,0,0,0,0,14,0,0,0,0,13,2,0,0,49,0,1,0,0,3,0,0,0,40,1,1,0,0,0,1,107,0,0,5,0,0,53,1,1,1
560433,306,298,27,124,157,25,182,0,182,1,0,1,1,1,11,0,0,0,0,5,0,0,0,21,0,0,0,0,7,0,0,0,43,0,0,0,0,0,0,50,0,0,6,0,0,33,2,0,0
560434,246,241,13,115,120,11,131,0,131,2,0,0,0,0,19,0,1,0,0,5,0,1,0,22,0,0,0,0,6,0,0,0,36,0,0,0,0,0,0,14,0,1,2,0,0,17,5,0,0
560435,426,419,36,134,256,36,292,0,292,2,0,0,0,0,24,0,0,13,0,5,0,0,0,41,0,1,0,0,9,0,0,1,57,1,2,0,0,0,1,50,0,1,12,0,0,61,7,1,3
560436,525,518,36,212,286,27,313,0,313,2,0,0,0,0,23,0,0,2,0,18,0,0,0,48,0,0,0,0,3,0,0,1,95,0,4,0,0,0,1,40,0,1,11,0,2,56,4,1,1
560437,117,114,12,54,51,12,63,0,63,0,0,0,0,0,2,0,0,0,0,4,0,0,0,14,0,1,0,0,2,0,0,0,15,0,1,0,0,0,0,8,0,1,1,0,0,13,0,0,1
560438,396,393,33,161,209,26,235,0,235,1,0,0,1,0,27,0,0,2,0,9,0,0,0,29,0,0,0,0,2,0,0,0,56,0,0,0,0,0,0,50,0,2,16,0,0,31,4,0,5
560439,420,408,40,135,249,36,285,0,285,1,0,0,0,0,12,0,0,0,0,17,0,0,0,49,1,0,0,0,7,0,1,0,14,0,1,1,0,0,1,73,1,1,14,0,0,76,6,1,8
560440,480,470,29,194,257,29,286,0,286,5,0,0,0,0,7,0,0,0,0,9,0,0,0,55,0,0,0,0,6,0,0,0,41,1,0,0,0,0,1,99,0,2,6,0,0,51,1,1,1
560441,96,97,11,22,64,10,74,0,74,0,0,0,0,0,3,0,0,0,0,2,0,0,0,9,0,0,0,0,2,0,0,0,5,0,0,0,0,0,0,39,0,1,1,0,0,12,0,0,0
560442,120,120,3,60,57,3,60,0,60,1,0,0,0,0,3,0,0,0,0,1,0,0,0,12,0,0,0,0,1,0,0,0,11,0,0,0,0,0,1,23,0,0,0,0,0,7,0,0,0
560443,252,246,18,89,146,17,163,0,163,1,0,0,0,0,4,0,0,0,0,3,0,0,0,17,0,0,0,0,0,0,0,0,37,0,0,0,0,0,0,56,0,2,2,0,0,38,2,0,1
560444,531,521,25,227,284,20,304,0,304,3,0,0,0,0,11,0,0,1,0,12,0,11,1,64,0,0,0,0,7,0,0,1,61,1,2,0,0,0,0,67,0,0,13,0,1,42,2,0,4
560445,294,290,24,127,151,16,167,0,167,3,0,0,0,0,9,0,1,1,1,11,0,0,0,27,1,0,0,0,4,0,0,0,34,0,0,1,0,0,1,40,1,2,2,0,0,27,0,0,1
560569,486,477,28,179,282,25,307,0,307,4,0,0,0,1,14,0,0,1,0,26,0,0,0,50,0,0,0,0,4,0,0,1,64,0,0,0,0,1,1,72,0,0,4,0,0,59,4,0,1
560570,201,198,3,75,123,3,126,0,126,2,0,0,0,0,5,0,0,1,1,9,0,0,0,29,0,1,0,0,5,0,0,0,20,0,0,0,0,0,1,24,0,0,2,0,0,22,1,2,1
560571,288,287,24,90,174,24,198,0,198,2,0,0,1,0,8,1,0,1,0,5,0,0,0,40,0,0,0,0,9,0,0,0,24,0,0,0,0,0,1,50,0,0,5,0,1,43,5,0,2
560572,129,128,6,45,78,6,84,0,84,0,0,0,0,0,1,0,0,0,0,7,0,0,0,18,0,0,0,1,4,0,0,0,8,0,2,0,0,0,0,32,0,0,2,0,0,8,1,0,0
560573,1224,1216,35,467,722,35,757,0,757,13,0,0,0,1,35,1,0,16,0,41,0,1,0,233,0,0,0,0,21,0,0,2,78,0,4,0,0,0,0,163,0,1,33,1,0,98,5,1,9
560574,252,248,10,64,180,8,188,0,188,0,0,0,1,0,13,0,0,0,0,8,0,0,0,34,0,0,0,0,10,0,0,0,21,0,2,0,0,0,0,48,0,0,8,0,0,40,2,0,1
560575,402,394,20,136,248,18,266,0,266,2,0,1,0,0,7,0,0,2,0,11,0,2,0,49,0,1,0,0,5,0,0,0,48,0,0,0,0,0,1,78,0,1,4,0,0,50,2,0,2
560576,501,502,30,162,312,27,339,0,339,3,0,1,0,0,9,1,0,1,1,11,0,0,0,67,0,0,0,0,8,0,0,3,59,0,1,0,0,0,1,96,0,0,8,0,0,63,1,1,4
560577,798,786,17,295,488,15,503,0,503,5,0,0,0,0,22,1,0,2,1,22,0,1,0,139,0,0,1,0,6,2,0,2,67,0,3,1,1,0,0,112,0,2,23,0,1,81,4,1,3
560578,555,542,16,197,344,14,358,0,358,3,0,0,2,1,19,0,0,0,0,23,0,0,0,69,0,0,0,0,3,0,0,0,59,0,3,0,0,0,0,83,0,5,9,0,1,67,8,0,3
560579,336,330,16,101,221,14,235,0,235,2,0,0,0,1,12,0,0,4,1,5,0,0,0,40,0,0,0,0,6,0,0,3,46,0,1,0,0,0,1,67,2,0,4,0,1,32,6,0,1
560580,357,355,18,115,225,17,242,0,242,2,0,0,0,1,12,0,0,0,0,5,0,0,0,47,0,0,0,0,5,0,0,1,42,0,0,0,1,0,0,64,0,1,5,0,0,52,4,0,0
560581,123,126,9,37,77,9,86,0,86,2,0,0,0,0,3,0,0,0,0,2,0,0,0,12,0,0,0,1,1,0,0,0,25,0,0,0,0,0,0,25,0,0,1,0,0,13,1,0,0
560582,1158,1144,16,450,692,16,708,0,708,7,0,2,3,0,36,0,0,5,0,49,0,0,0,159,0,1,1,1,31,0,0,1,57,0,2,0,0,1,4,157,1,3,38,1,0,136,4,0,8
560583,408,403,18,154,236,18,254,0,254,1,0,0,0,0,13,0,0,2,0,23,0,0,0,74,0,1,0,0,11,0,0,0,30,0,0,0,0,0,2,58,0,0,3,0,0,30,4,0,2
560584,420,413,39,144,241,35,276,0,276,3,0,0,0,0,10,0,0,0,1,21,0,1,1,51,0,0,0,0,2,0,0,0,55,1,2,0,0,0,1,72,0,1,21,2,1,27,2,0,1
560585,1257,1238,80,508,675,74,749,0,749,5,0,1,4,0,21,0,0,5,0,25,0,0,0,123,0,0,0,0,15,0,0,1,95,1,0,0,1,0,0,251,0,0,33,0,0,148,9,4,7
560586,789,782,29,308,453,28,481,0,481,12,0,2,4,1,13,0,1,2,0,46,0,1,0,96,1,0,0,0,11,1,0,1,43,0,2,0,2,0,0,157,1,0,23,0,0,55,1,0,5
560587,261,260,19,86,156,19,175,0,175,2,0,0,1,0,3,0,0,0,0,5,0,0,0,30,0,0,0,0,2,0,0,0,24,0,0,0,0,0,2,59,0,0,10,0,0,35,0,1,1
560588,249,245,11,85,153,11,164,0,164,2,0,0,0,0,17,0,0,1,0,10,0,0,0,17,0,0,0,0,4,0,0,0,25,1,0,0,2,0,1,55,0,1,3,0,0,22,2,0,1
560589,456,450,38,156,263,37,300,0,300,4,0,1,0,1,8,0,1,7,0,11,0,0,0,73,0,0,0,0,2,0,0,0,37,0,0,1,0,0,2,95,1,0,12,1,1,36,2,0,4
560590,297,294,8,110,179,8,187,0,187,1,0,0,1,0,9,1,0,2,0,13,0,0,0,43,0,0,0,1,13,0,0,1,16,0,1,0,0,0,0,35,0,6,10,0,0,29,2,2,1
560591,198,195,17,68,115,15,130,0,130,0,1,0,1,0,3,0,0,4,1,9,0,0,0,30,0,0,0,0,5,0,0,1,27,0,0,0,0,0,1,14,0,1,4,0,0,21,2,2,3
560592,243,240,17,72,154,17,171,0,171,1,0,0,1,0,6,0,0,1,0,5,0,0,0,29,0,0,0,0,4,0,0,2,37,0,1,0,0,0,0,26,0,0,0,0,0,54,3,0,1
560593,1524,1504,28,634,864,26,890,0,890,8,0,1,2,1,34,0,0,12,0,59,0,2,0,235,0,0,0,0,21,0,1,2,77,1,5,0,0,0,0,226,3,3,54,0,1,133,3,1,5
560594,660,650,23,266,374,20,394,0,394,5,0,2,0,0,11,0,0,1,0,33,0,0,0,115,0,0,0,0,10,0,0,0,31,0,1,0,0,0,0,93,0,2,27,0,0,58,2,0,3
560595,987,980,10,397,580,10,590,0,590,7,0,0,1,0,32,0,0,8,1,25,0,5,1,154,0,0,0,1,14,0,0,1,40,0,10,0,0,0,1,135,0,3,50,0,0,90,6,2,3
560596,246,245,8,94,144,8,152,0,152,1,1,0,0,0,7,0,0,2,0,13,0,0,0,31,0,0,0,0,14,0,0,2,25,0,0,0,0,0,1,29,0,0,12,0,0,12,0,0,2
560597,360,356,11,148,201,11,212,0,212,3,0,0,0,0,8,0,0,1,0,12,0,0,0,56,0,0,0,0,6,0,0,1,39,0,1,0,0,0,0,30,0,0,9,0,1,43,1,1,0
560598,426,420,15,140,276,10,286,0,286,4,0,0,2,0,16,0,1,5,0,16,1,0,0,53,1,0,0,0,5,0,0,0,20,0,3,0,0,1,0,108,0,1,11,0,0,34,3,0,1
560599,894,890,66,356,472,66,538,0,538,12,0,0,0,1,17,0,0,3,0,54,0,0,0,81,0,2,0,0,13,0,0,2,58,0,3,0,0,1,1,163,1,0,25,0,2,90,6,2,1
560600,366,361,40,114,213,39,252,0,252,2,0,1,0,1,10,0,0,1,0,7,0,0,0,40,0,0,0,0,1,0,0,1,48,0,0,0,0,0,0,59,0,3,9,0,0,62,5,1,1
560601,843,836,16,258,569,16,585,0,585,4,0,0,2,0,36,0,0,14,1,31,0,0,0,141,0,0,0,0,9,3,0,1,63,0,1,0,2,0,0,169,2,0,38,1,0,58,3,1,5
560602,420,419,33,114,276,30,306,0,306,6,0,0,0,1,14,0,0,0,1,14,0,0,0,56,0,0,0,0,14,0,0,0,76,0,0,0,1,0,0,65,0,1,5,0,0,50,2,0,0
560603,192,190,27,53,116,23,139,0,139,0,0,0,1,1,3,0,0,1,0,1,0,0,0,7,0,0,0,0,4,0,0,0,22,0,0,0,0,0,1,80,1,0,3,0,0,12,2,0,0
560604,258,256,23,95,140,23,163,0,163,2,0,2,0,0,16,0,0,1,0,9,0,0,0,19,0,0,0,0,6,0,0,0,27,2,0,0,0,0,0,41,0,1,6,0,1,29,0,0,1
560605,111,111,5,26,80,5,85,0,85,0,0,0,0,0,5,0,0,0,0,1,0,0,0,19,0,0,0,0,3,1,0,0,24,0,0,0,0,0,1,19,0,0,2,0,0,10,0,0,0
560606,795,787,69,283,449,63,512,0,512,9,0,0,1,0,24,0,1,4,0,26,0,0,2,108,1,0,0,0,9,0,0,2,65,1,1,0,0,0,0,120,1,0,17,0,1,107,6,1,5
560607,984,975,17,403,571,10,581,0,581,7,1,0,2,0,13,0,0,6,1,36,0,0,1,156,0,1,0,0,12,0,0,0,95,0,0,0,0,0,3,114,0,2,26,0,1,81,14,1,8
560608,669,655,14,282,375,12,387,0,387,4,0,0,0,0,35,0,1,7,1,33,0,0,0,97,0,0,0,0,7,1,0,0,38,1,3,0,0,0,0,92,0,0,16,0,0,42,2,1,6
560655,2412,2391,19,892,1502,18,1520,0,1520,17,2,4,10,0,33,2,1,13,0,148,0,0,0,348,0,4,0,0,58,1,1,1,119,1,10,0,1,0,1,336,0,2,136,1,1,252,3,0,14
560656,636,637,9,203,424,9,433,0,433,4,0,0,2,0,8,0,0,5,0,40,0,0,0,93,0,0,0,0,19,0,0,1,30,0,3,0,0,1,0,122,0,2,38,1,0,56,5,1,2
560657,294,296,3,96,195,3,198,0,198,6,0,0,0,1,12,0,0,2,0,9,0,0,0,50,0,0,0,0,5,0,0,0,45,1,1,0,0,0,0,42,0,0,5,1,0,17,1,0,0
560658,750,728,23,280,450,20,470,0,470,8,1,1,1,0,22,0,1,4,0,35,3,0,0,125,0,0,0,0,11,1,1,0,52,0,5,1,0,0,1,102,1,0,24,0,0,58,6,1,5
560659,273,269,0,94,179,0,179,0,179,2,1,1,1,0,4,0,0,1,0,16,0,0,0,44,1,0,0,0,0,0,0,1,18,0,2,0,0,0,0,49,0,0,12,0,1,22,1,1,1
560660,93,91,2,55,36,2,38,0,38,0,0,0,0,0,0,0,0,0,0,0,0,1,0,0,6,0,0,0,1,0,0,0,4,0,0,0,0,0,0,14,0,0,0,0,0,11,1,0,0
560661,1230,1216,37,373,820,37,857,0,857,11,1,2,3,1,25,0,1,8,0,48,1,0,1,250,2,1,0,1,32,0,0,0,73,1,5,0,1,0,1,191,2,7,72,0,1,99,8,2,6
560662,429,425,15,118,296,15,311,0,311,1,2,0,1,0,7,0,0,3,0,22,1,0,0,88,0,1,0,1,18,0,0,0,36,0,2,0,0,0,1,67,0,4,14,1,0,34,4,1,2
560663,990,987,11,281,699,10,709,0,709,5,4,2,1,0,23,0,0,10,0,50,0,1,0,160,0,0,0,0,14,0,1,0,34,0,1,0,0,0,0,203,0,2,89,0,1,87,6,0,15
560664,1806,1803,26,665,1116,25,1141,0,1141,18,2,4,5,3,35,0,0,3,0,110,0,1,2,275,1,0,1,0,32,0,0,0,81,0,9,0,0,0,1,251,0,3,116,0,2,159,11,2,14
560665,852,852,4,213,635,4,639,0,639,6,4,2,5,0,18,1,0,4,0,61,0,0,0,165,0,0,0,0,15,0,0,1,31,0,4,0,1,0,0,158,1,1,61,0,1,91,4,0,4
560666,897,884,10,337,551,9,560,0,560,3,5,0,4,0,34,0,0,4,0,52,0,2,0,167,0,0,1,0,21,0,0,1,74,0,2,0,0,0,1,93,0,0,23,0,0,60,2,1,10
560667,171,169,22,62,88,21,109,0,109,0,1,0,0,0,4,0,0,1,0,7,0,0,0,11,0,0,0,0,3,0,0,0,14,0,0,0,0,0,1,45,0,0,3,0,0,18,1,0,0
560668,78,75,4,21,54,3,57,0,57,2,0,1,0,0,2,0,0,0,0,2,0,0,0,12,0,0,0,0,7,0,0,0,5,0,1,0,0,0,0,15,0,0,1,0,0,8,0,0,1
560669,1818,1803,43,580,1204,34,1238,0,1238,20,3,3,2,1,34,0,0,8,0,115,0,0,0,277,1,1,0,2,31,1,0,0,73,0,3,0,0,0,1,343,0,2,132,0,1,173,2,1,8
560670,2301,2283,37,766,1498,37,1535,0,1535,22,3,2,2,0,81,2,0,18,0,142,1,1,0,387,1,0,0,0,55,0,0,1,87,0,6,0,0,2,2,373,0,1,72,0,2,242,9,1,20
560671,1395,1379,28,375,992,28,1020,0,1020,12,0,4,3,0,19,0,0,6,0,98,1,1,0,265,0,1,0,0,56,1,0,2,75,3,7,0,1,1,1,270,0,1,67,0,4,106,8,0,7
560672,60,63,3,9,48,3,51,0,51,0,0,0,0,0,0,0,0,0,0,7,0,0,0,14,0,0,0,1,4,0,0,0,6,0,0,0,1,0,0,11,0,0,1,0,0,6,0,0,0
560673,174,175,8,42,124,8,132,0,132,3,0,1,1,1,1,0,0,0,0,8,0,0,0,48,0,0,0,0,3,0,0,0,5,0,0,0,0,0,0,29,0,0,15,0,0,16,0,0,1
560674,201,203,11,54,136,11,147,0,147,0,0,0,0,0,6,0,1,0,0,4,0,0,0,43,0,1,0,0,6,0,0,1,14,0,2,0,0,0,0,31,0,0,4,0,0,29,4,0,1
560675,747,743,36,232,479,36,515,0,515,4,0,0,0,0,39,0,0,5,1,22,1,0,0,87,0,0,0,0,9,0,0,1,127,0,1,0,1,0,1,121,1,0,27,0,0,61,1,0,5
560676,189,186,15,55,120,14,134,0,134,1,0,0,0,0,11,0,1,4,0,17,0,0,0,23,0,0,0,0,3,0,0,0,16,0,0,0,0,0,0,26,0,0,12,0,0,19,1,0,0
560677,165,162,27,68,77,20,97,0,97,1,0,0,0,0,1,0,0,0,0,9,0,1,0,17,0,0,0,0,1,0,0,0,34,0,0,0,0,0,0,15,0,0,2,0,0,14,1,0,1
560678,1074,1097,53,299,728,47,775,0,775,5,0,1,1,1,34,0,0,7,1,45,0,0,0,189,0,0,0,0,40,0,0,1,78,3,1,0,0,0,0,203,0,0,54,1,0,94,9,0,7
560679,255,255,21,69,166,20,186,0,186,2,0,0,1,0,10,0,0,0,0,17,0,1,0,54,0,0,0,0,11,0,0,1,21,0,0,0,0,0,0,32,0,0,9,0,0,23,1,0,3
560680,825,828,22,312,491,22,513,0,513,4,1,1,0,0,8,0,0,4,0,22,0,0,0,110,1,1,0,0,12,0,0,0,69,0,1,0,0,1,0,169,0,1,19,0,0,82,3,0,4
560681,435,431,21,153,264,18,282,0,282,1,0,0,1,1,10,0,0,0,0,15,0,0,1,62,0,0,0,0,17,0,0,0,33,0,1,0,0,0,2,79,2,0,13,0,3,40,0,0,1
560682,1089,1076,84,338,674,77,751,0,751,10,1,0,3,1,21,1,1,8,1,48,1,0,1,209,0,4,1,0,34,1,0,2,93,1,1,0,1,2,1,205,0,0,26,1,1,55,5,1,10
560683,438,432,30,175,244,19,263,0,263,1,0,0,0,1,7,1,0,1,0,22,1,0,0,76,0,1,0,0,14,0,0,0,35,0,1,0,1,1,1,45,0,1,13,0,0,37,0,1,2
560684,1011,992,25,363,625,23,648,0,648,16,0,0,0,0,7,0,0,2,0,47,0,0,0,195,0,0,1,0,16,0,0,2,70,0,4,0,0,0,0,129,0,1,49,0,0,97,7,1,4
560685,936,923,30,280,629,27,656,0,656,7,1,1,0,0,14,0,0,1,1,90,0,0,0,136,0,1,0,0,23,0,1,1,50,2,1,0,0,0,0,158,0,1,54,0,0,97,4,3,9
560686,570,562,33,203,337,30,367,0,367,9,0,0,2,0,15,0,0,2,0,16,0,0,0,78,0,0,0,0,13,1,0,0,41,0,1,0,0,0,0,93,0,0,27,0,1,58,2,2,6
560687,1995,1961,9,764,1225,6,1231,0,1231,25,0,1,4,0,36,1,0,15,0,126,0,1,0,363,0,2,0,1,50,0,0,3,83,1,5,1,0,0,2,244,2,2,80,1,2,159,6,5,10
560688,2298,2275,23,825,1453,20,1473,0,1473,24,2,2,1,3,39,3,0,27,2,128,1,0,0,442,1,0,1,0,57,1,0,0,101,1,8,1,1,0,0,277,1,2,113,2,0,203,9,3,17
560689,765,756,15,314,436,15,451,0,451,7,0,1,1,0,9,0,0,1,0,55,0,0,0,145,0,2,0,1,12,0,1,1,19,0,6,0,0,0,0,79,0,0,20,0,0,83,3,1,4
560690,276,276,22,83,172,21,193,0,193,1,0,1,0,1,2,0,0,1,0,16,0,0,0,42,0,0,0,0,5,0,1,0,19,0,0,0,0,1,0,49,0,0,5,0,0,41,3,1,4
560691,2100,2087,25,708,1368,24,1392,0,1392,21,1,2,3,2,50,0,1,2,1,110,0,3,0,371,1,0,0,0,29,0,1,1,85,1,8,0,1,0,1,382,0,2,73,0,0,202,12,1,25
560692,1773,1752,34,608,1134,31,1165,0,1165,13,0,2,2,2,54,0,0,11,1,98,0,2,0,256,0,1,0,0,39,1,0,0,78,0,4,0,0,0,1,347,1,1,60,0,0,172,6,1,12
560693,1317,1306,12,409,897,11,908,0,908,4,1,0,5,0,39,0,0,5,1,99,0,1,0,213,0,0,0,0,37,0,0,0,21,0,4,0,0,0,0,278,0,2,65,0,0,120,5,3,5
560694,384,385,28,127,232,25,257,0,257,9,0,0,0,0,13,1,0,1,0,17,0,0,0,69,0,0,0,0,7,0,0,1,35,0,0,0,0,0,0,64,0,0,2,0,0,35,1,1,1
560695,1140,1134,22,445,674,21,695,0,695,22,1,2,3,3,15,0,1,1,0,54,0,0,0,172,0,3,1,0,19,0,2,2,76,0,10,0,0,1,0,159,0,3,41,0,0,95,1,0,8
560696,849,841,15,312,523,14,537,0,537,8,0,1,1,0,25,0,0,3,0,25,0,0,0,139,0,1,0,1,29,0,0,1,71,0,0,0,0,0,0,140,0,1,23,0,0,56,3,2,7
560697,261,257,30,88,144,29,173,0,173,3,0,0,2,0,4,0,0,0,1,1,1,0,0,25,2,0,0,0,5,0,0,1,69,0,0,0,0,0,1,18,0,0,3,0,0,33,3,1,0
560698,447,439,48,149,252,46,298,0,298,4,0,3,0,2,20,0,0,0,0,18,0,0,0,52,1,0,0,0,6,0,0,0,65,0,2,0,0,0,0,61,0,0,11,0,0,45,1,0,7
560699,84,81,11,24,52,8,60,0,60,0,0,0,1,0,0,0,0,0,0,5,0,0,0,10,0,0,0,0,11,0,0,1,9,0,0,0,0,0,0,6,0,1,1,0,0,15,0,0,0
560700,765,759,12,246,507,12,519,0,519,2,1,0,3,0,25,0,0,9,0,44,0,0,0,121,0,2,0,0,19,0,0,0,45,0,2,2,0,1,0,120,1,0,29,0,1,76,2,0,14
560701,759,745,9,283,468,8,476,0,476,15,3,0,1,1,41,0,0,20,1,28,2,0,0,121,0,1,0,0,11,0,0,8,44,1,1,0,0,0,2,89,0,1,22,0,0,54,2,2,5
560702,186,185,10,55,121,10,131,0,131,1,0,0,1,0,3,0,0,0,1,4,0,0,0,30,0,0,0,0,0,2,0,1,27,0,0,0,0,0,1,18,0,0,7,1,0,30,3,1,0
560703,1938,1924,14,685,1240,13,1253,0,1253,16,3,1,2,2,48,1,0,9,2,102,0,1,2,399,2,2,0,0,34,1,0,1,87,0,6,0,0,0,1,262,0,4,82,0,1,156,11,1,14
560704,468,464,9,167,292,9,301,0,301,6,0,0,1,0,7,0,0,0,1,32,0,1,1,93,0,0,0,0,1,0,0,0,13,1,3,0,0,0,1,87,0,0,11,0,0,35,5,1,1
560705,2277,2257,44,832,1405,40,1445,0,1445,8,1,3,3,1,84,0,0,18,0,104,0,0,0,351,1,0,0,0,57,0,0,1,136,0,7,0,0,0,0,325,0,2,82,0,1,228,9,5,18
560706,1164,1148,22,513,631,20,651,0,651,8,0,0,1,1,24,0,0,6,0,55,0,1,0,181,0,1,0,0,20,1,0,0,60,0,1,1,0,0,1,131,0,3,33,0,0,106,5,1,10
560707,267,265,14,78,175,14,189,0,189,2,0,1,2,0,13,0,0,0,1,11,0,1,0,41,0,0,0,0,7,0,0,0,20,0,1,0,0,0,0,52,0,0,16,0,0,19,2,0,0
560708,342,341,16,134,195,13,208,0,208,2,1,0,0,0,4,0,0,1,0,11,0,0,0,43,0,0,0,2,8,0,0,0,64,1,1,0,0,0,1,44,0,0,5,0,0,16,3,0,1
560709,267,268,10,61,197,9,206,0,206,0,0,0,0,0,4,0,0,0,0,8,0,0,0,42,0,0,0,0,0,0,0,0,105,0,0,0,0,0,1,30,0,0,1,0,0,11,3,0,1
560710,420,416,8,156,256,8,264,0,264,3,0,0,0,0,13,0,0,0,0,13,0,0,0,44,0,0,0,0,7,0,0,3,81,0,1,0,0,0,1,51,0,1,16,0,0,25,1,0,4
560711,99,97,6,33,60,6,66,0,66,0,0,0,0,0,3,0,0,1,0,4,0,0,0,11,0,0,0,0,4,0,0,1,8,0,0,0,0,0,0,16,0,0,1,0,0,16,1,0,0
560712,714,699,18,288,410,16,426,0,426,3,0,1,0,0,12,1,0,4,0,36,0,0,0,92,0,2,0,0,7,0,0,0,45,0,5,0,0,0,0,107,0,0,24,0,0,77,1,0,9
560713,1440,1415,25,506,913,21,934,0,934,16,1,1,4,1,42,0,0,2,2,80,0,3,0,214,1,0,1,0,36,2,0,2,67,0,5,0,0,0,1,252,0,3,95,0,0,89,3,0,11
560714,351,349,43,97,211,43,254,0,254,2,0,1,1,0,8,0,0,0,1,8,0,0,0,39,0,0,0,0,7,0,0,3,68,1,2,0,1,2,0,42,0,0,11,0,0,54,2,0,1
560715,204,210,13,53,139,12,151,0,151,1,0,0,0,0,10,0,0,0,1,12,0,0,0,22,0,1,0,0,3,1,0,1,32,0,0,0,0,0,0,38,0,0,0,0,0,25,1,0,3
560716,177,176,8,63,106,8,114,0,114,0,0,1,0,0,5,0,0,1,0,9,0,0,0,26,0,0,1,0,3,0,0,2,29,0,0,0,0,0,0,19,0,0,6,0,0,12,0,0,0
560717,522,515,4,174,345,3,348,0,348,11,0,0,1,1,35,0,0,6,0,13,0,0,0,76,0,0,0,1,24,0,0,0,25,0,1,0,1,0,0,62,0,0,23,0,1,60,5,1,1
560718,2403,2364,19,954,1433,16,1449,0,1449,19,0,0,6,1,49,1,0,13,0,113,0,2,0,436,0,0,2,0,43,0,0,1,72,0,5,0,0,0,2,357,1,2,88,0,1,202,7,8,18
560719,849,845,7,261,581,7,588,0,588,6,0,0,3,0,19,0,0,5,0,57,0,0,0,122,0,0,0,0,17,0,0,1,23,0,8,0,1,0,0,172,0,1,47,0,0,95,7,1,3
560720,2055,2030,24,732,1301,22,1323,0,1323,15,2,4,2,1,35,1,1,36,0,96,0,0,0,338,0,0,0,0,37,0,0,1,94,0,7,0,0,0,2,341,0,1,113,1,3,160,9,2,21
560721,732,731,46,262,429,41,470,0,470,9,0,0,0,0,13,1,2,11,0,18,0,0,0,131,0,0,0,0,16,0,0,2,46,0,4,0,0,0,1,132,0,0,39,0,0,39,2,0,4
560722,2091,2064,17,853,1226,12,1238,0,1238,13,1,1,3,2,51,0,2,11,0,118,0,0,0,396,1,0,0,0,44,0,0,1,55,3,7,0,1,0,0,219,2,1,103,0,1,176,5,7,14
560723,2244,2225,16,810,1423,11,1434,0,1434,9,1,1,1,3,41,0,0,14,0,118,2,0,0,435,1,2,0,0,70,0,1,0,90,1,7,0,1,1,2,289,0,3,114,0,4,196,7,3,17
560724,1641,1619,12,659,970,12,982,0,982,14,2,3,2,1,24,0,1,6,0,95,1,0,0,280,2,1,0,0,43,0,0,2,54,0,1,0,0,0,1,196,0,0,86,0,3,136,4,4,20
560725,2103,2077,10,712,1385,6,1391,0,1391,24,1,1,3,1,44,1,1,19,0,158,0,1,2,412,1,2,0,1,23,2,0,1,58,0,15,0,1,1,0,320,0,0,101,0,3,169,6,1,18
560726,1659,1652,8,527,1124,8,1132,0,1132,8,0,1,1,1,37,0,0,15,3,107,0,0,1,370,0,3,0,0,34,0,0,2,63,1,9,0,0,0,1,239,0,1,95,0,1,126,5,2,6
560727,1884,1861,24,560,1302,22,1324,0,1324,16,3,6,1,1,45,1,0,11,0,101,0,2,1,384,2,2,0,0,41,0,0,1,65,1,12,0,1,0,0,291,1,2,108,0,1,192,17,1,14
560728,1473,1457,14,504,957,12,969,0,969,7,0,0,2,3,33,0,0,4,0,126,1,1,0,279,0,0,0,0,50,0,0,0,58,1,6,0,0,0,2,218,1,0,42,0,1,111,7,0,16
560729,1869,1851,15,672,1182,15,1197,0,1197,17,4,0,3,4,51,0,1,6,0,148,1,1,0,321,4,0,0,0,69,1,0,4,88,1,3,0,1,0,0,271,0,0,64,0,4,104,6,2,18
560730,282,125,25,165,92,25,117,0,117,3,0,0,1,0,9,0,0,2,0,6,0,0,0,17,0,1,0,0,9,0,0,1,8,0,0,0,0,0,0,35,0,0,12,0,0,13,0,0,0
560731,327,51,32,276,19,32,51,0,51,1,0,0,0,0,3,0,0,2,0,3,0,0,0,5,0,1,0,0,2,0,0,0,11,0,0,0,0,0,0,6,0,0,1,1,0,13,1,0,1
560732,483,413,29,71,384,28,412,0,412,40,0,1,2,2,6,0,0,5,0,3,0,0,0,115,1,0,1,0,1,0,0,0,4,0,1,0,0,0,1,18,1,1,0,0,0,180,23,2,4
560733,324,269,1,55,268,1,269,0,269,5,0,1,0,0,2,0,0,1,0,8,1,3,1,95,0,0,0,0,6,0,0,3,9,0,0,0,1,0,0,21,0,0,2,0,1,87,11,3,8
560894,1683,1672,34,581,1074,28,1102,0,1102,19,1,0,7,0,63,0,1,16,0,77,0,0,0,253,2,2,0,0,37,1,1,0,57,1,4,1,2,0,0,282,1,5,92,0,2,159,5,3,8
560895,1713,1697,21,652,1041,20,1061,0,1061,15,1,0,3,1,58,1,0,19,0,80,1,0,0,328,1,1,0,0,36,1,0,1,45,0,3,0,0,0,2,251,0,5,75,0,1,116,3,2,11
560896,1728,1690,26,704,1004,20,1024,0,1024,12,2,1,2,0,36,1,0,22,0,88,0,1,0,261,0,1,0,0,31,1,0,0,55,2,8,0,0,0,1,275,0,0,81,0,1,122,9,1,10
560897,1767,1742,17,627,1127,13,1140,0,1140,13,2,3,5,1,43,0,0,18,0,130,0,0,0,308,0,0,0,0,51,3,0,0,39,0,3,0,1,2,2,292,0,3,94,0,2,108,4,2,11
560898,1320,1296,18,463,840,17,857,0,857,14,0,2,0,2,34,1,0,11,1,61,3,2,0,226,0,0,0,0,43,0,0,0,73,1,1,0,0,0,1,172,1,2,41,0,1,141,12,0,11
560899,1731,1711,29,645,1059,27,1086,0,1086,20,2,3,2,0,94,2,0,18,0,65,0,0,0,284,1,1,0,0,31,0,0,2,88,1,5,0,0,0,1,192,0,0,70,1,1,189,4,3,6
560900,408,176,0,251,157,0,157,0,157,8,1,1,2,0,8,1,1,3,0,8,0,0,0,34,0,0,0,1,5,0,0,1,20,0,0,0,0,0,1,33,0,1,2,0,0,23,0,0,3
560975,2202,2170,7,653,1544,5,1549,0,1549,14,4,3,5,0,79,1,0,22,0,148,0,5,0,370,0,0,0,0,41,2,1,0,55,2,7,0,0,0,1,377,1,4,187,1,0,198,7,0,14
560976,2028,2019,14,588,1428,12,1440,0,1440,19,4,3,9,3,92,0,1,25,0,165,1,4,0,342,0,2,0,0,51,1,0,1,61,0,3,0,2,0,0,330,0,3,129,0,3,166,6,0,14
560977,1911,1909,11,594,1310,7,1317,0,1317,13,4,1,8,0,63,0,0,15,1,134,0,0,0,333,2,0,1,0,45,2,2,0,52,3,9,0,0,0,0,344,0,1,113,0,3,147,5,3,13
560978,1635,1616,15,462,1162,11,1173,0,1173,17,0,4,5,1,72,0,0,7,0,175,0,3,0,283,1,2,0,1,43,2,1,1,31,0,12,0,0,0,1,251,0,3,110,0,0,135,2,1,9
560979,2034,2024,14,662,1362,10,1372,0,1372,22,9,4,6,0,62,1,1,20,2,155,0,4,1,326,0,0,2,0,49,0,0,1,41,0,7,0,0,0,2,320,0,3,166,0,0,148,3,2,15
560980,1524,1505,964,560,957,7,964,0,964,12,2,2,3,0,48,0,0,9,0,101,0,0,1,274,1,0,0,0,45,2,0,0,43,1,6,0,1,0,0,199,0,2,85,0,0,116,4,1,6
560981,1584,1563,8,529,1049,6,1055,0,1055,20,4,3,6,2,41,0,0,12,0,110,0,2,0,253,0,1,2,0,26,0,0,0,68,0,3,0,0,1,1,233,0,7,106,0,2,132,7,1,12
560982,1836,1812,11,676,1152,8,1160,0,1160,9,1,2,2,5,50,1,0,9,0,122,1,3,0,334,2,4,0,0,37,1,2,0,80,0,6,0,0,0,1,223,0,2,93,0,1,153,6,1,9
560983,1317,1286,10,531,777,9,786,0,786,14,4,1,2,1,23,0,0,8,0,53,0,3,1,256,0,1,0,0,12,0,0,0,51,0,1,0,0,0,2,167,0,5,59,0,1,104,8,2,7
561009,681,681,4,221,457,3,460,0,460,8,1,0,0,0,32,0,0,8,0,46,0,0,0,149,0,0,0,0,14,0,0,1,24,0,1,0,0,0,0,97,0,1,30,0,0,40,1,0,7
561014,474,473,0,147,327,0,327,0,327,6,0,0,0,0,18,0,0,5,0,30,1,2,0,76,0,0,0,0,9,1,0,0,11,0,1,0,1,0,0,74,0,1,38,0,1,50,2,0,0,01,04,2019,11,00
