560049,2433,2411,7,993,1435,5,1440,0,1440,12,0,6,6,1,60,1,0,13,1,101,0,2,2,377,0,4,0,0,38,0,0,1,151,1,10,0,0,1,1,424,0,1,42,0,2,160,6,4,12
560050,2340,2324,8,1002,1332,6,1338,0,1338,16,1,6,5,0,68,0,0,12,0,89,0,1,0,357,0,3,1,0,29,0,1,0,119,3,13,0,0,1,2,398,0,0,42,0,0,146,7,3,15
560051,2304,2285,10,886,1408,10,1418,0,1418,12,1,2,5,1,52,0,0,11,1,103,0,0,1,399,1,4,0,0,23,0,1,3,123,0,12,0,0,0,0,367,1,0,54,0,1,182,15,5,38
560052,2430,2394,28,927,1476,27,1503,0,1503,22,0,0,4,1,85,0,0,15,1,125,1,2,1,368,0,2,0,1,42,0,0,3,109,1,12,0,0,0,3,390,0,4,68,0,1,206,9,2,25
560053,1011,1000,42,394,578,39,617,0,617,4,0,0,1,0,40,0,0,8,0,29,0,0,3,150,1,2,0,0,6,0,0,1,103,0,3,0,0,0,1,129,0,2,12,0,0,103,8,3,8
560054,381,375,20,133,230,18,248,0,248,4,0,0,0,0,8,0,1,6,0,2,0,0,0,49,0,0,0,0,1,0,0,0,62,0,1,0,0,0,2,40,0,0,6,0,2,53,4,2,5
560055,696,694,30,278,390,28,418,0,418,5,1,0,0,0,14,0,0,2,1,21,0,0,1,111,1,0,0,0,5,0,0,1,66,0,0,0,0,0,0,120,0,0,8,0,0,48,4,1,8
560056,648,646,8,304,338,6,344,0,344,18,1,1,3,0,4,0,0,2,0,8,0,0,1,44,0,2,1,0,2,0,0,1,49,0,0,0,0,0,1,105,0,0,3,0,1,89,5,0,3
560057,285,284,8,99,179,7,186,0,186,4,0,1,0,0,5,0,0,2,1,6,0,0,0,33,0,0,1,0,8,0,0,0,35,0,0,0,0,0,0,36,0,0,4,0,0,46,2,0,2
560058,492,486,21,197,277,18,295,0,295,4,1,1,0,1,12,0,0,4,0,7,1,0,0,44,1,1,0,0,1,0,0,1,55,0,1,1,2,0,1,94,1,2,1,0,1,47,3,1,6
560059,357,352,12,146,200,11,211,0,211,4,1,0,0,0,4,0,0,0,0,7,0,0,0,21,0,0,0,0,5,0,0,0,29,0,1,0,0,0,2,87,0,0,1,0,0,43,5,0,1
560060,1497,1469,16,791,694,12,706,0,706,4,2,0,1,0,5,0,0,5,0,44,2,0,1,138,2,1,0,0,10,0,0,2,152,1,1,0,0,0,0,173,0,1,20,0,1,123,9,4,4
560061,132,129,6,69,61,2,63,0,63,1,0,0,0,0,2,0,0,0,0,2,0,0,0,4,0,0,0,0,0,0,0,0,11,0,1,0,0,0,0,22,0,0,1,0,0,16,2,0,1
560062,384,382,8,143,234,7,241,0,241,5,1,1,0,0,10,0,0,3,0,13,0,0,0,45,0,1,0,0,1,0,0,4,53,3,4,0,0,0,1,43,0,0,11,0,0,36,2,1,3
560063,846,837,20,366,460,20,480,0,480,4,1,1,2,0,11,0,0,4,0,13,1,0,0,87,0,0,1,0,9,1,0,1,83,2,0,0,0,0,1,108,0,0,8,0,1,125,6,2,8
560064,633,631,10,275,349,9,358,0,358,4,0,0,0,1,15,0,0,1,0,12,0,0,0,68,0,1,0,1,12,0,0,0,42,0,3,0,0,0,0,60,0,0,2,0,0,123,8,0,5
560065,744,741,16,290,440,14,454,0,454,6,0,0,0,0,5,0,0,4,0,12,2,0,0,89,0,0,0,1,13,0,0,1,104,1,0,0,0,0,3,91,0,1,3,0,1,102,4,3,8
560066,429,424,21,149,259,21,280,0,280,4,0,0,1,0,6,0,0,0,0,4,0,2,0,39,0,0,1,0,5,0,0,1,70,1,0,0,0,0,0,45,0,0,2,1,4,83,5,1,5
560067,2070,2047,36,891,1144,35,1179,0,1179,12,0,0,1,1,79,1,0,10,0,46,0,0,1,268,1,2,0,1,11,0,1,2,249,0,11,0,2,0,4,250,0,0,22,0,3,170,15,4,12
560068,351,350,7,126,218,7,225,0,225,2,0,0,0,0,8,2,0,2,0,4,0,0,0,47,1,0,1,0,2,0,1,1,32,0,3,0,1,0,0,45,0,1,5,0,1,55,7,0,4
560069,1137,1134,4,544,591,2,593,0,593,6,0,0,0,0,23,1,0,1,0,15,0,0,0,113,0,4,1,0,9,0,0,5,66,1,4,0,1,0,2,115,0,1,3,0,0,214,5,1,2
560070,243,244,1,107,135,1,136,0,136,3,0,0,1,0,3,0,0,0,1,2,0,0,0,16,0,1,0,0,2,0,0,0,27,1,3,0,1,3,1,42,1,0,1,0,0,23,3,0,1
560071,1452,1441,61,529,865,58,923,0,923,10,0,0,0,1,38,0,0,8,0,69,1,1,0,179,0,4,1,0,12,0,0,0,232,1,3,0,0,1,1,201,0,2,28,0,1,108,6,4,11
560072,468,463,13,136,320,12,332,0,332,7,1,0,0,0,8,1,0,1,0,11,0,0,0,46,0,0,1,0,2,1,0,0,59,1,0,0,0,0,0,62,0,0,3,0,0,116,3,1,8
560073,519,516,17,158,344,17,361,0,361,5,0,0,0,0,11,2,0,2,0,30,0,0,0,63,0,0,1,0,3,0,0,0,72,3,0,0,1,0,0,112,0,0,4,0,1,38,4,1,8
560074,1425,1410,11,638,778,9,787,0,787,4,0,5,2,2,27,0,0,3,0,37,2,0,1,213,1,1,1,0,19,0,1,2,97,0,4,0,0,1,1,180,0,0,26,0,1,130,11,1,14
560075,651,649,31,231,389,31,420,0,420,9,0,1,0,1,9,0,0,1,0,29,0,0,0,81,1,1,0,0,19,0,0,2,63,1,4,0,0,0,1,97,0,0,12,0,0,80,6,0,2
560076,873,869,49,236,588,49,637,0,637,7,0,1,2,1,10,0,0,4,0,48,0,0,2,177,0,2,0,1,9,0,0,0,58,0,0,0,0,0,0,172,0,0,18,1,0,107,11,2,4
560077,639,628,33,193,417,29,446,0,446,5,0,2,1,0,33,1,0,3,0,17,0,0,0,87,0,2,0,0,3,0,0,0,76,0,4,0,1,0,1,142,0,0,17,0,0,40,6,0,5
560078,543,533,26,195,324,24,348,0,348,2,0,0,1,0,16,1,0,2,0,18,0,0,0,75,0,0,0,0,4,1,0,3,67,0,18,0,0,0,1,77,0,0,15,0,0,36,6,1,4
560079,1446,1438,37,648,763,35,798,0,798,8,0,0,1,0,3,0,1,0,0,39,0,1,0,92,0,0,0,0,10,0,0,3,73,1,1,0,2,0,1,276,0,0,8,1,1,247,21,1,7
560080,393,389,9,113,271,9,280,0,280,5,1,0,1,0,9,0,0,7,0,8,1,0,0,41,0,0,0,1,1,0,0,1,39,1,1,0,0,0,0,131,1,0,6,0,0,23,1,0,1
560081,600,597,26,187,388,25,413,0,413,8,0,1,1,1,31,0,0,10,0,4,0,1,0,70,0,1,0,0,4,0,0,2,87,0,4,1,0,1,0,106,0,0,5,0,1,52,8,2,12
560082,168,167,7,42,119,7,126,0,126,1,1,1,0,0,1,0,0,2,0,4,0,0,0,13,0,0,0,0,8,0,0,0,31,0,0,0,0,0,2,32,0,0,0,0,0,28,1,0,1
560083,768,760,36,284,453,31,484,0,484,2,1,0,0,0,12,1,0,7,0,17,0,0,1,116,1,1,0,0,4,0,1,2,87,0,1,0,0,0,0,116,0,0,14,0,0,95,2,1,2
560084,234,236,20,56,160,18,178,0,178,0,0,0,0,0,2,0,0,1,0,9,0,0,0,37,1,0,0,0,2,0,0,2,26,0,0,0,0,0,0,42,0,0,4,1,0,46,1,1,3
560085,447,444,11,161,275,11,286,0,286,5,0,0,0,1,3,0,0,4,0,13,0,0,0,81,1,0,0,0,4,1,0,2,37,0,1,0,0,0,2,83,0,0,6,0,0,36,2,0,4
560086,183,185,4,76,104,3,107,0,107,3,0,0,1,0,8,0,0,1,0,5,0,0,0,17,0,0,0,0,1,0,0,0,30,0,0,0,0,0,0,27,0,0,2,0,0,12,0,0,0
560087,1437,1421,21,629,789,19,808,0,808,6,1,1,1,1,89,1,0,9,0,32,2,0,1,200,0,7,0,1,9,1,0,2,180,2,1,0,0,0,2,126,1,2,8,1,0,92,11,4,14
560088,123,123,7,51,65,7,72,0,72,2,1,0,0,0,9,0,0,0,1,1,0,0,0,14,0,0,0,0,2,0,0,0,14,0,1,0,0,0,2,19,0,0,1,0,0,5,0,0,0
560089,453,443,18,123,312,18,330,0,330,3,0,0,0,1,8,0,2,12,0,24,0,0,0,70,0,0,0,1,6,0,0,1,65,0,2,0,0,0,3,71,0,1,4,0,0,52,2,0,2
560090,732,740,44,318,383,31,414,0,414,4,0,0,1,1,30,1,0,1,0,18,0,0,0,72,1,0,0,0,8,0,0,3,72,1,0,0,0,0,0,73,0,4,11,1,1,91,7,3,10
560091,1068,1055,27,356,685,27,712,0,712,7,3,0,0,0,36,1,0,4,0,37,0,0,0,161,1,1,0,1,12,0,0,2,121,1,3,0,0,1,2,220,0,1,16,0,0,71,5,1,4
560092,1227,1207,13,474,743,10,753,0,753,27,0,1,2,2,20,0,0,4,0,36,1,0,0,209,1,0,0,1,8,0,0,2,119,1,6,2,0,0,3,137,1,1,30,0,0,119,8,5,7
560093,675,667,16,249,411,15,426,0,426,3,0,0,1,0,26,0,0,13,0,25,0,1,0,103,0,1,0,0,2,0,0,0,65,1,8,1,1,0,1,74,0,0,23,1,1,61,8,0,6
560094,339,332,2,106,231,2,233,0,233,4,0,0,0,0,16,0,0,4,0,12,0,1,0,72,0,0,1,0,2,1,0,0,42,0,2,0,0,0,0,24,0,0,6,0,0,38,3,0,5
560095,801,794,31,394,384,23,407,0,407,12,2,0,0,0,20,0,0,0,1,35,0,0,1,75,0,0,0,1,16,1,1,1,91,0,2,0,0,1,1,75,0,0,6,1,0,61,1,0,2
560096,774,775,36,279,459,36,495,0,495,9,0,2,1,1,20,0,0,3,1,23,1,1,1,76,1,0,0,0,4,0,0,1,110,1,6,0,0,0,2,111,1,0,9,0,0,94,11,2,3
560097,636,635,7,247,382,7,389,0,389,6,0,2,0,0,6,0,1,1,0,32,0,2,0,62,0,0,0,0,7,0,0,3,47,0,0,0,0,1,1,55,0,0,3,0,0,155,2,1,2
560098,750,754,11,338,401,11,412,0,412,8,0,0,1,0,6,0,0,0,0,10,0,0,0,64,0,0,0,0,3,0,0,2,36,0,0,0,0,0,2,101,0,0,1,1,0,159,10,1,7
560099,363,364,3,210,150,3,153,0,153,5,0,0,0,0,3,0,0,1,0,6,1,1,0,28,0,0,0,0,3,0,0,0,25,0,1,0,0,0,0,39,0,0,4,0,0,33,2,0,1
560100,789,777,19,257,515,17,532,0,532,2,2,0,1,0,27,0,0,3,0,51,0,0,0,98,0,0,0,0,16,0,0,3,39,0,6,0,0,0,0,125,1,0,22,0,0,127,6,0,3
560101,1434,1424,27,681,728,25,753,0,753,23,1,1,1,1,31,0,2,15,0,15,1,1,0,184,0,0,1,0,5,0,0,1,151,1,2,0,0,0,2,107,0,0,9,0,0,177,11,2,8
560102,672,666,27,244,403,25,428,0,428,6,0,0,1,1,41,1,0,2,0,37,0,1,0,84,0,0,0,0,10,0,1,1,86,0,7,0,0,0,0,49,1,0,7,0,0,79,3,1,9
560103,204,205,5,73,126,5,131,0,131,4,0,0,0,0,5,0,0,1,0,4,0,0,0,14,0,0,0,0,0,1,0,0,62,0,8,0,0,0,0,19,0,0,2,0,0,8,1,0,2
560104,189,140,0,49,140,0,140,0,140,8,2,1,0,1,2,0,0,0,0,2,0,0,0,34,0,0,0,0,1,0,0,1,7,0,1,0,0,0,1,9,0,0,2,0,0,58,10,0,0
560248,1974,1931,6,729,1239,6,1245,0,1245,9,1,2,0,1,32,1,0,6,0,86,0,3,0,312,2,3,0,0,26,1,0,1,67,1,7,0,0,0,1,331,0,3,71,0,1,256,9,0,12
560249,1755,1753,16,589,1151,15,1166,0,1166,14,2,2,4,1,45,1,0,7,0,72,0,2,1,309,4,2,0,0,18,0,1,2,71,0,8,0,0,0,1,275,0,1,94,1,1,201,9,2,15
560250,1530,1505,2,650,878,2,880,0,880,8,1,1,1,0,28,1,1,8,1,46,0,5,0,235,0,2,2,0,16,2,0,0,69,1,4,1,0,0,0,195,2,0,63,0,0,173,6,0,8
560251,1818,1787,3,744,1072,2,1074,0,1074,11,2,1,2,2,19,0,0,7,2,71,0,2,0,320,0,0,1,1,35,0,0,1,83,0,4,1,0,0,0,268,1,1,57,0,0,162,7,2,11
560252,453,437,2,188,263,2,265,0,265,7,0,1,0,0,7,0,0,1,0,13,0,0,0,70,1,0,0,0,6,0,0,0,23,0,0,0,0,0,0,57,0,0,24,0,0,48,0,2,5
560253,1236,1218,4,470,762,4,766,0,766,10,1,1,0,1,10,0,0,6,0,50,0,1,0,221,1,3,0,0,10,0,0,2,70,0,3,0,0,0,2,207,0,1,18,0,1,123,8,1,15
560254,216,218,0,57,159,0,159,0,159,4,0,1,0,0,2,0,0,0,0,7,0,1,0,43,0,0,0,0,6,0,0,0,31,0,1,0,0,0,0,24,0,0,1,0,0,31,4,0,3
560255,444,439,2,139,303,2,305,0,305,2,0,1,0,0,15,1,0,0,0,17,0,0,1,60,0,0,0,0,6,0,0,1,52,0,1,0,0,0,0,93,0,0,5,0,0,46,0,2,2
560256,315,314,17,84,214,17,231,0,231,2,0,0,1,0,10,0,0,1,0,10,0,1,0,30,0,1,0,0,4,0,0,0,32,0,0,0,0,0,0,38,0,0,2,0,0,91,4,2,2
560257,2004,1971,20,722,1262,20,1282,0,1282,26,3,0,1,2,48,3,0,21,0,69,1,2,0,276,1,2,0,0,42,1,0,2,145,0,6,0,0,1,4,388,2,1,55,0,1,152,10,3,14
560258,648,647,2,284,362,2,364,0,364,3,0,0,0,0,30,0,0,2,0,6,0,4,0,113,0,0,1,0,5,0,0,3,74,0,0,0,0,0,1,51,0,0,0,0,0,64,4,2,1
560259,102,100,0,18,84,0,84,0,84,2,0,0,0,0,5,0,0,0,0,2,0,0,0,15,0,1,0,0,0,0,0,0,10,0,0,0,0,0,0,17,0,0,0,0,0,27,1,1,3
560260,558,550,28,173,358,27,385,0,385,4,0,1,0,0,15,0,0,1,0,12,1,1,1,56,0,0,0,0,0,0,0,1,59,0,1,0,0,0,2,152,0,1,9,0,2,60,4,0,2
560261,1467,1482,49,621,800,46,846,0,846,16,0,0,2,1,33,0,0,4,0,33,0,1,0,202,1,0,0,0,9,1,0,1,118,0,2,0,0,0,1,261,1,2,32,0,0,105,12,0,8
560262,351,348,9,108,234,9,243,0,243,1,0,0,1,0,10,0,0,1,0,6,0,6,0,55,1,0,0,0,10,0,0,0,29,0,2,0,0,0,1,74,0,0,6,0,1,34,2,0,3
560263,708,703,24,264,420,24,444,0,444,11,1,0,0,2,25,0,1,5,0,14,0,3,0,81,2,0,0,0,4,0,0,2,65,1,0,0,0,0,0,105,0,0,12,0,0,101,4,0,5
560264,1272,1257,11,591,673,8,681,0,681,9,0,1,1,1,34,0,1,17,0,55,0,1,1,164,3,0,0,0,18,0,2,1,75,1,3,0,0,0,0,170,1,0,14,0,2,93,5,0,8
560265,1626,1603,22,656,948,22,970,0,970,13,1,2,3,0,44,0,0,4,0,61,0,3,1,252,1,0,0,0,32,1,0,4,160,2,1,0,0,0,0,226,0,1,20,0,1,119,7,1,10
560266,621,610,11,247,365,9,374,0,374,6,0,0,0,1,22,0,0,0,0,11,0,1,1,79,0,0,0,0,10,0,0,0,69,0,1,0,0,0,0,103,0,1,15,0,0,46,6,0,2
560267,321,323,14,64,243,14,257,0,257,5,0,1,0,1,17,1,0,0,0,9,0,1,0,60,0,0,0,0,3,1,0,0,42,0,1,0,0,0,0,54,0,0,7,0,0,50,1,0,3
560268,399,396,8,132,259,8,267,0,267,1,0,0,0,0,8,0,0,2,0,7,0,1,0,43,0,0,1,0,2,0,0,0,46,0,0,0,0,0,0,59,0,0,7,0,1,82,3,0,4
560269,501,494,7,190,304,7,311,0,311,5,0,0,0,0,8,0,0,3,0,18,0,0,0,71,0,1,0,1,14,1,0,3,40,0,1,0,0,0,0,82,0,0,7,0,0,43,2,3,8
560270,381,374,9,143,230,8,238,0,238,3,1,0,2,0,18,0,0,0,0,11,0,2,0,58,0,1,1,1,6,0,0,0,38,0,0,0,0,0,0,53,0,0,6,0,0,32,1,0,4
560271,150,145,6,35,109,6,115,0,115,0,0,1,0,0,4,0,0,0,0,2,0,0,0,18,0,0,0,0,3,0,0,0,8,0,3,0,0,1,1,47,0,0,2,0,0,20,3,0,2
560272,456,453,26,124,309,23,332,0,332,0,0,0,0,0,25,0,0,3,0,21,0,1,1,83,0,4,0,0,7,2,0,1,48,0,0,0,0,0,1,72,0,0,4,0,6,43,1,2,7
560273,864,858,2,349,513,2,515,0,515,4,2,0,2,0,4,0,0,1,0,12,0,2,0,147,0,0,1,0,10,1,0,1,104,0,0,0,0,0,0,132,0,0,9,0,0,73,5,2,3
560274,771,760,7,271,495,5,500,0,500,14,0,0,1,0,24,0,0,0,0,10,0,1,0,76,0,0,0,0,3,0,0,3,74,0,0,0,0,0,2,121,0,2,19,0,0,133,5,0,12
560275,378,377,9,143,226,9,235,0,235,3,0,0,1,0,8,0,0,1,1,7,0,3,0,32,0,0,0,0,4,0,0,1,33,1,1,0,1,0,1,68,0,0,3,0,1,56,3,4,2
560276,198,196,9,75,117,6,123,0,123,3,0,0,0,0,5,0,0,1,1,3,0,4,0,19,0,1,0,0,0,0,0,0,10,0,1,0,0,0,0,55,0,0,1,0,1,15,2,0,1
560277,600,594,16,178,407,15,422,0,422,8,0,0,0,1,14,0,0,4,0,10,1,1,0,113,0,1,0,0,5,0,0,1,56,0,0,0,0,0,0,117,1,0,6,0,0,71,5,2,5
560278,564,556,26,132,408,24,432,0,432,5,1,0,2,1,11,1,1,6,0,18,1,2,0,108,0,1,0,0,5,0,0,0,55,0,0,0,0,0,1,112,0,0,14,0,1,75,2,1,8
560279,414,406,2,184,228,2,230,0,230,4,0,1,1,0,5,0,0,0,0,15,0,1,0,40,1,0,0,0,14,0,0,3,36,2,2,0,0,0,0,43,0,0,15,0,0,44,0,1,2
560280,732,731,20,247,465,20,485,0,485,4,0,0,1,0,8,0,0,0,0,12,2,0,1,99,0,1,0,1,13,0,0,2,103,0,3,1,0,0,2,138,1,0,10,0,1,72,5,0,5
560281,1080,1076,1,563,516,1,517,0,517,8,0,1,0,1,32,0,1,7,0,12,0,0,0,104,1,3,0,0,1,0,0,7,90,1,0,1,0,1,1,89,0,1,1,0,3,135,12,0,4
560282,477,468,3,157,317,3,320,0,320,1,0,1,0,0,3,0,0,0,1,6,0,1,1,29,0,0,0,0,1,1,0,0,40,0,0,0,0,0,0,121,0,0,8,0,0,97,8,0,1
560283,1548,1533,13,551,984,13,997,0,997,11,1,1,2,1,81,1,2,5,0,17,0,4,1,225,4,7,0,0,2,2,0,3,194,1,0,0,1,0,6,254,1,2,24,0,2,122,8,2,10
560284,489,490,4,131,354,4,358,0,358,2,1,0,1,0,59,1,0,11,0,2,0,0,0,92,0,0,0,0,9,0,0,1,67,0,0,0,1,0,0,54,1,0,4,0,2,40,2,1,7
560285,1425,1406,26,576,824,25,849,0,849,13,1,0,0,0,29,0,0,11,0,53,1,4,0,149,0,1,0,1,17,0,0,1,97,0,8,0,0,0,2,239,0,1,49,0,0,147,10,2,13
560286,375,371,13,149,214,12,226,0,226,2,0,1,0,0,6,0,0,4,0,18,0,2,0,43,0,0,0,0,6,0,0,1,26,0,0,0,0,0,0,39,0,0,12,0,0,63,1,1,1
560287,393,379,15,143,236,14,250,0,250,2,0,0,0,0,8,0,0,0,0,5,0,1,1,42,0,0,0,0,4,0,0,1,47,0,1,0,1,0,0,89,0,0,10,1,0,32,2,1,2
560288,201,203,19,45,137,19,156,0,156,1,0,0,0,0,9,0,0,0,0,4,0,0,0,19,0,0,0,0,10,0,0,0,18,0,0,0,0,0,0,65,0,0,7,0,0,21,0,1,1
560289,1452,1433,29,568,856,28,884,0,884,8,1,0,2,0,13,0,0,7,0,42,0,2,0,190,0,1,0,0,31,0,0,2,126,2,1,0,1,0,3,272,1,0,26,0,0,129,14,1,9
560290,525,521,25,132,368,25,393,0,393,1,0,0,0,0,11,0,0,7,0,32,0,1,0,78,2,1,0,0,17,0,0,2,43,1,1,0,0,0,1,63,0,0,6,0,0,111,6,2,7
560291,237,236,12,62,163,12,175,0,175,5,1,0,0,0,8,0,0,1,0,4,0,0,0,25,0,2,0,0,5,0,0,0,42,0,0,0,0,0,0,40,1,0,8,0,0,28,1,1,3
560292,216,203,20,70,128,18,146,0,146,5,0,0,0,1,3,0,0,2,0,10,0,0,0,23,0,0,0,0,2,0,0,1,16,0,0,0,0,0,0,45,0,0,3,0,0,31,2,0,2
560293,324,317,5,120,200,4,204,0,204,0,0,0,0,0,16,0,0,1,0,6,0,1,0,51,1,0,0,0,3,0,0,4,46,1,1,0,0,0,0,33,0,0,3,0,1,33,1,1,1
560294,411,405,7,135,271,5,276,0,276,2,0,0,0,0,39,1,0,1,0,1,0,2,0,59,2,0,0,0,1,0,0,0,49,1,0,0,0,0,0,65,0,0,4,0,0,44,2,0,3
560295,162,160,11,37,114,11,125,0,125,0,0,0,0,0,11,0,0,0,0,4,0,1,0,22,0,0,0,0,4,0,0,2,17,0,0,0,0,0,0,28,0,0,6,0,0,29,0,0,1
560296,681,674,43,197,441,43,484,0,484,2,0,4,0,0,15,1,0,4,0,18,0,0,0,134,0,1,0,0,4,0,0,2,76,0,1,0,0,1,2,126,0,0,18,0,0,66,8,0,1
560297,408,398,32,112,266,30,296,0,296,4,0,0,0,0,13,0,0,2,0,14,0,2,0,48,0,0,0,0,0,0,0,1,79,0,0,0,0,0,0,78,0,0,9,0,0,40,3,1,2
560298,261,45,13,224,24,13,37,0,37,0,0,0,0,0,2,0,0,0,0,1,0,0,1,8,0,0,0,0,2,1,0,1,5,0,0,0,1,0,0,4,0,0,1,1,0,9,0,0,0
560299,1389,1372,11,521,858,10,868,0,868,8,1,2,1,1,41,0,1,8,0,54,0,0,0,274,1,1,0,0,8,0,0,2,119,1,8,0,0,0,1,130,0,3,37,0,0,132,5,5,24
560300,1449,1428,9,599,843,7,850,0,850,5,4,2,4,0,47,1,0,9,0,70,0,0,1,227,1,0,1,0,24,0,0,1,74,0,1,0,1,0,1,176,0,3,52,0,0,124,6,1,14
560301,1509,1468,2,615,892,2,894,0,894,3,0,0,5,2,43,1,0,13,0,58,0,0,0,287,0,1,0,0,7,0,0,1,74,0,2,0,0,0,1,166,0,2,42,0,0,154,11,0,21
560302,696,690,1,309,386,1,387,0,387,3,0,0,1,0,28,0,0,6,0,26,0,0,0,119,0,0,0,0,1,0,0,0,77,0,2,0,0,0,1,56,0,0,3,0,0,53,5,1,5
560303,555,550,11,194,352,9,361,0,361,8,0,1,0,1,19,0,0,13,2,22,1,0,0,73,0,0,0,0,6,0,0,3,67,0,1,0,0,1,1,41,0,1,7,0,0,78,4,2,9
560304,165,165,2,49,114,2,116,0,116,2,0,0,0,0,2,0,0,1,0,4,0,0,0,44,0,0,0,0,1,0,0,0,6,0,0,0,0,0,0,28,0,0,2,0,0,24,0,0,2
560305,1737,1726,15,830,897,10,907,0,907,20,0,1,2,0,49,0,2,30,1,40,2,0,0,164,0,3,1,0,8,1,0,3,171,4,4,0,0,0,0,115,1,0,32,0,1,214,14,4,20
560306,543,533,10,233,302,8,310,0,310,6,1,0,1,0,12,0,0,3,0,4,0,0,1,66,0,1,1,0,3,0,0,2,36,0,2,0,0,0,0,40,0,0,10,0,1,111,0,0,9
560307,120,119,1,48,71,1,72,0,72,1,1,1,0,1,3,0,0,0,0,1,0,1,0,9,0,0,0,0,0,0,0,0,14,0,0,0,0,0,0,19,0,0,2,0,0,16,1,0,2
560308,999,987,74,370,563,66,629,0,629,4,1,0,2,0,46,1,0,0,0,31,0,0,0,134,0,0,0,0,4,0,1,3,106,1,4,0,0,0,1,113,0,0,31,0,0,136,3,0,7
560309,588,590,15,133,441,14,455,0,455,4,1,0,2,1,11,1,0,1,0,26,0,0,0,114,0,1,0,0,0,0,0,1,122,0,1,0,0,0,1,78,1,0,15,0,0,66,3,1,4
560310,348,341,26,117,205,26,231,0,231,2,0,0,0,0,6,0,1,0,0,16,0,0,0,34,0,2,0,0,4,0,0,1,52,0,0,0,0,1,1,65,0,0,8,0,0,33,3,0,2
560311,1314,1295,8,544,765,5,770,0,770,6,0,1,0,1,71,5,0,7,0,33,0,0,1,191,2,1,1,0,4,0,3,3,151,4,0,0,0,1,1,93,0,0,5,0,0,164,10,3,8
560312,369,360,16,131,223,15,238,0,238,3,0,0,0,0,10,1,0,2,1,6,0,0,0,40,0,0,0,0,5,0,0,1,45,1,0,0,0,0,0,56,1,0,2,0,0,61,3,0,0
560313,63,61,2,22,41,0,41,0,41,0,0,0,0,0,2,0,0,2,0,0,0,0,0,5,0,0,0,0,1,0,0,0,6,0,0,0,0,0,0,9,0,0,2,1,0,10,0,0,3
560314,117,122,3,29,85,3,88,0,88,1,0,0,0,0,8,0,0,0,0,5,0,0,0,18,0,0,0,0,0,0,0,1,7,0,1,0,0,0,0,13,0,0,0,0,1,30,1,0,2
560315,462,449,52,148,263,51,314,0,314,2,0,0,0,0,13,0,1,3,0,9,1,0,0,73,0,1,1,0,3,0,0,0,40,0,0,0,0,0,0,78,0,1,14,0,0,58,5,0,11
560316,213,211,13,55,145,13,158,0,158,1,1,0,0,0,15,0,0,0,0,9,0,0,0,24,0,1,0,0,2,0,0,0,40,1,0,0,0,1,0,25,0,0,3,0,0,26,0,1,8
560317,237,232,12,65,162,10,172,0,172,1,0,0,0,0,0,0,0,0,0,11,0,0,0,21,0,0,0,0,5,0,0,1,30,0,0,0,0,0,0,57,0,0,1,2,0,34,3,0,6
560318,933,924,31,335,577,21,598,0,598,9,0,1,2,4,61,1,0,10,0,6,1,0,0,174,1,0,0,0,0,0,0,4,97,0,2,0,2,0,0,66,0,7,2,0,1,121,9,0,17
560319,510,503,21,134,357,19,376,0,376,6,1,1,1,0,29,0,0,6,0,16,1,0,0,101,0,0,0,0,0,0,0,0,73,0,1,0,1,0,1,26,0,1,2,0,0,93,9,0,7
560320,330,322,15,101,214,15,229,0,229,2,1,0,0,0,33,0,0,0,1,7,0,0,0,39,0,0,0,0,5,0,0,2,26,1,1,0,0,2,0,29,1,0,7,0,1,64,6,0,1
560321,690,682,39,220,436,34,470,0,470,5,0,0,1,0,27,0,1,5,0,23,0,0,0,86,0,1,1,0,3,0,0,0,120,1,3,1,0,0,2,89,0,0,20,0,0,68,4,1,8
560322,477,476,23,146,310,21,331,0,331,1,0,3,0,0,24,0,0,2,0,17,0,1,0,30,0,0,0,0,6,0,0,1,21,1,0,0,0,0,0,60,0,1,5,0,0,138,10,2,8
560323,735,724,49,234,457,44,501,0,501,5,1,0,0,1,31,1,0,3,0,29,0,0,1,98,0,0,0,0,2,0,1,2,94,0,1,0,0,0,3,52,2,1,18,0,1,125,9,2,18
560324,273,273,15,62,198,13,211,0,211,3,0,0,0,0,10,0,0,0,0,7,0,0,0,21,0,0,0,0,1,0,0,1,11,1,0,0,0,0,1,45,0,1,3,0,1,97,4,0,4
560325,441,436,25,156,261,24,285,0,285,2,0,0,0,0,16,0,0,4,0,14,0,1,0,67,0,0,0,0,2,0,0,0,42,1,0,0,0,0,0,70,0,0,2,0,0,56,3,1,4
560326,381,374,24,151,207,23,230,0,230,0,0,0,1,1,9,1,0,2,0,11,0,0,1,62,0,0,0,1,1,0,0,0,21,0,0,0,0,0,0,71,0,0,3,0,0,35,5,0,5
560327,411,405,6,133,272,6,278,0,278,2,4,0,1,0,13,0,0,1,0,13,0,0,0,58,0,1,0,0,11,0,0,0,28,0,1,0,0,0,0,84,0,0,3,2,0,46,3,0,7
560328,750,733,39,227,486,37,523,0,523,1,2,0,0,0,33,0,0,4,0,25,0,2,0,194,0,0,0,1,8,0,0,0,93,0,1,0,0,0,0,65,0,0,10,0,1,73,4,1,5
560329,51,48,8,13,31,7,38,0,38,0,0,0,0,0,3,0,1,0,0,1,0,0,0,12,0,0,0,0,0,0,0,0,0,0,1,0,0,0,0,5,0,0,1,0,0,12,0,0,2
560330,444,435,72,142,238,64,302,0,302,2,1,0,1,0,21,0,0,1,0,6,0,0,0,65,0,0,1,0,1,0,0,0,50,1,1,0,0,0,0,55,0,0,4,0,0,81,5,0,6
560331,789,780,19,294,482,13,495,0,495,3,0,0,0,2,13,0,1,1,0,12,0,1,1,81,0,2,0,0,1,0,1,2,62,0,1,0,1,0,1,62,0,2,5,0,0,211,22,0,7
560332,69,66,13,30,26,13,39,0,39,0,0,0,0,0,10,0,0,2,0,0,0,0,0,6,0,0,0,0,2,0,0,1,2,0,0,0,0,0,0,5,0,0,0,0,0,10,1,0,0
560333,39,37,9,16,15,8,23,0,23,0,0,0,0,0,5,0,0,0,0,0,0,0,0,5,0,0,0,0,1,0,0,0,1,0,0,0,0,0,0,5,0,0,0,0,0,3,0,0,3
560334,588,586,50,191,353,44,397,0,397,4,0,0,3,1,25,2,1,5,0,27,0,0,0,73,0,0,0,0,7,0,0,1,79,1,0,0,1,0,1,62,0,0,1,3,0,93,1,0,6
560335,288,284,9,105,176,7,183,0,183,2,1,1,1,1,27,0,0,2,0,3,1,0,0,44,0,1,0,0,2,0,0,1,27,2,0,0,0,1,1,17,0,0,1,0,1,28,4,3,11
560336,396,391,38,109,253,34,287,0,287,2,1,1,0,0,5,0,0,1,0,11,0,0,1,37,0,0,0,0,4,0,0,3,69,1,0,0,0,0,1,69,0,0,8,0,0,63,2,2,6
560337,375,368,28,132,218,25,243,0,243,2,0,1,0,1,13,0,0,4,0,12,0,0,0,36,1,0,0,0,2,0,0,0,48,0,2,0,0,0,2,62,0,0,4,0,0,45,3,1,4
560338,105,107,9,28,69,8,77,0,77,0,0,0,0,0,2,0,0,1,0,2,0,0,0,13,0,0,0,0,2,0,0,0,3,0,0,0,0,1,0,19,0,0,4,0,0,27,2,0,1
560339,87,88,6,17,64,6,70,0,70,1,0,0,0,0,7,0,0,0,0,0,0,0,0,9,0,0,0,0,3,0,0,0,12,0,0,0,0,0,0,12,0,0,0,1,0,25,0,0,0
560340,144,141,10,50,85,9,94,0,94,1,0,0,1,1,15,0,0,0,0,1,0,0,0,15,0,0,0,0,2,0,0,0,10,0,0,0,0,0,0,19,0,0,7,0,0,16,1,0,5
560341,1395,1373,23,557,818,20,838,0,838,14,1,0,0,1,104,2,0,19,0,37,1,0,0,204,0,0,1,0,6,0,0,2,147,0,0,0,0,0,0,91,0,0,22,0,2,165,13,2,4
560342,510,498,4,234,273,3,276,0,276,3,0,0,0,0,31,0,0,9,1,5,0,0,1,49,0,0,0,0,4,0,0,0,56,0,0,0,0,0,0,15,0,0,0,0,0,98,1,0,3
560343,351,350,2,114,235,2,237,0,237,2,0,0,1,1,29,1,0,4,0,7,0,0,0,42,0,0,0,0,6,0,0,0,34,2,0,0,0,0,1,35,0,0,2,0,0,61,5,1,3
560344,177,178,10,23,144,10,154,0,154,3,0,0,0,2,10,0,0,5,0,5,0,0,0,17,0,0,0,0,4,0,0,1,30,0,0,0,0,0,0,27,0,0,2,0,0,47,1,0,0
560345,60,58,8,22,33,5,38,0,38,0,0,0,0,1,6,0,0,0,1,1,0,0,0,4,0,0,0,0,1,0,0,0,2,0,0,0,1,1,0,7,0,0,0,0,0,11,1,0,1
560734,1443,1414,41,580,831,32,863,0,863,13,0,1,1,2,47,0,0,15,0,37,0,0,1,282,2,0,0,0,30,0,0,2,71,1,2,0,0,0,1,149,0,6,41,0,1,147,0,0,11
560735,1863,1832,20,705,1145,13,1158,0,1158,16,1,0,1,0,80,0,0,18,0,78,0,0,2,338,0,1,0,0,35,0,1,0,120,2,2,0,0,0,0,175,0,1,61,1,1,191,14,6,13
560736,1953,1928,24,771,1164,18,1182,0,1182,16,1,1,3,0,81,0,0,20,1,88,0,0,1,364,1,0,0,1,44,0,0,1,98,0,4,0,0,0,2,164,1,1,65,0,0,200,7,2,15
560737,1524,1504,26,636,864,24,888,0,888,16,4,2,2,0,55,0,0,10,0,49,0,1,1,253,0,0,0,1,27,1,1,1,97,2,1,0,0,0,2,137,0,1,38,0,0,155,13,0,18
560738,435,426,5,209,222,4,226,0,226,9,0,0,0,0,8,0,0,0,0,3,0,0,1,69,0,1,0,0,5,0,0,1,47,0,0,0,0,0,1,47,0,0,4,0,0,25,3,1,1
560739,2091,2061,82,657,1362,72,1434,0,1434,21,0,1,0,0,83,0,1,4,0,24,0,2,2,258,1,6,1,0,26,1,2,8,207,5,0,0,3,0,2,214,0,0,11,0,0,506,39,2,4
560740,351,349,7,116,228,7,235,0,235,2,0,0,0,0,0,0,1,0,0,12,0,0,0,37,1,0,1,0,1,0,0,1,29,0,0,0,0,0,0,33,1,0,0,0,0,103,13,0,0
560741,231,228,7,72,154,5,159,0,159,2,0,0,0,0,3,0,0,0,0,1,0,0,0,27,0,0,0,1,4,0,0,3,15,0,0,0,1,0,0,31,0,0,0,0,0,64,2,1,4
560742,708,703,35,243,434,31,465,0,465,7,0,0,0,0,20,0,0,4,0,11,0,2,0,94,0,0,0,0,8,1,0,0,110,1,4,0,0,0,0,127,0,0,6,0,1,54,3,0,12
560743,279,276,18,62,199,18,217,0,217,2,0,0,0,0,25,2,0,1,0,10,0,0,0,33,0,0,0,0,2,0,0,0,49,0,0,0,0,0,1,41,0,0,4,0,0,41,0,0,6
560744,213,209,8,55,150,8,158,0,158,1,1,0,2,0,7,0,0,2,0,5,0,0,0,25,0,0,0,0,5,0,0,1,34,0,0,0,0,0,1,33,2,0,8,1,0,29,0,0,1
560745,1059,1052,40,383,637,39,676,0,676,4,2,1,1,0,36,1,0,14,1,16,0,1,2,183,0,1,0,1,3,0,0,2,112,1,0,0,0,0,2,86,1,0,14,0,1,163,17,1,9
560746,540,535,25,214,301,25,326,0,326,8,1,1,0,1,37,0,0,1,0,2,0,0,0,70,0,0,1,0,5,1,0,0,65,0,0,0,0,0,3,55,6,0,2,0,0,52,9,1,5
560747,486,483,29,143,315,28,343,0,343,5,0,0,0,0,15,0,0,9,0,14,0,0,0,76,0,1,1,0,4,0,2,1,59,1,0,0,1,0,0,62,2,0,1,0,0,81,6,1,1
560748,1278,1269,65,454,760,64,824,0,824,16,2,2,3,0,34,2,0,3,0,41,0,0,0,195,1,1,1,0,8,0,0,2,154,1,3,0,0,0,4,225,0,2,5,0,0,101,0,1,17
560749,372,369,12,123,240,9,249,0,249,4,0,2,0,0,9,0,0,1,0,8,0,0,1,62,1,0,0,0,14,1,0,1,34,1,0,0,0,0,0,61,0,0,1,0,1,40,4,1,2
560750,699,695,45,222,433,44,477,0,477,1,0,1,0,1,18,0,0,3,0,17,0,1,0,86,0,0,0,0,4,1,0,3,145,2,0,0,0,0,1,71,0,0,7,0,0,106,4,0,5
560751,360,357,12,88,262,10,272,0,272,4,0,0,0,0,8,0,0,5,1,4,0,0,0,51,0,0,0,0,5,0,0,4,83,0,0,0,0,0,0,39,1,0,0,0,0,67,0,0,0
560752,1881,1869,15,862,1006,13,1019,0,1019,18,0,0,1,0,63,1,1,11,0,15,0,2,0,194,2,3,1,0,11,0,0,6,321,2,2,0,0,1,0,114,0,2,5,1,1,203,17,2,19
560753,468,467,2,126,340,2,342,0,342,4,0,0,0,0,18,0,0,3,0,12,0,0,0,32,0,8,0,0,9,0,1,2,101,0,0,0,1,0,0,74,1,0,4,0,0,53,6,0,13
560754,1038,1031,1,437,601,0,601,0,601,14,1,0,1,1,18,1,0,0,0,10,0,0,0,63,0,0,0,0,11,0,1,3,107,0,0,0,0,0,3,184,2,0,3,0,0,169,5,0,4
560755,714,712,11,205,499,10,509,0,509,9,0,0,0,0,145,2,0,0,0,5,0,0,0,106,0,0,0,0,5,0,2,1,85,0,0,0,0,0,1,44,0,0,2,0,0,93,5,2,2
560756,936,924,20,331,589,16,605,0,605,9,0,3,2,2,79,0,0,3,1,14,0,0,0,144,0,0,0,0,26,0,0,3,111,1,0,0,1,0,0,42,0,0,5,0,2,135,9,6,7
560757,105,104,11,30,64,11,75,0,75,1,0,0,0,0,7,1,0,0,0,9,0,0,0,8,0,0,0,0,1,0,0,0,11,0,0,0,0,0,1,28,0,0,1,0,0,7,0,0,0
560758,246,243,6,82,158,6,164,0,164,1,0,0,0,0,14,0,0,0,0,2,0,0,0,29,0,0,0,1,8,0,0,2,28,1,0,0,0,0,0,32,0,0,1,1,0,37,4,0,3
560759,1989,1978,34,726,1230,33,1263,0,1263,15,0,0,0,0,14,0,0,8,0,48,2,0,0,223,0,0,0,0,24,0,0,0,148,0,0,0,0,0,3,274,0,0,24,0,0,424,26,19,11
560760,936,921,37,378,526,32,558,0,558,9,0,1,0,1,8,1,1,2,1,21,0,0,1,129,1,5,1,1,6,0,0,0,138,2,1,0,1,0,1,113,0,0,16,0,0,75,6,0,16
560761,477,475,14,160,304,13,317,0,317,2,0,2,0,0,18,0,0,0,0,8,0,0,0,37,0,0,0,0,8,0,0,0,119,3,0,0,0,1,1,41,0,2,4,2,0,63,5,0,1
560762,357,359,29,121,207,29,236,0,236,4,1,1,0,0,3,0,0,1,2,7,0,0,0,44,0,0,0,1,7,0,0,1,43,0,0,0,0,0,0,70,0,3,3,0,0,37,2,2,4
560763,1410,1393,37,430,945,35,980,0,980,20,1,1,4,1,52,0,0,12,0,37,0,3,1,316,0,1,0,0,28,1,0,0,136,2,1,0,0,0,1,132,0,1,25,0,1,186,6,9,2
560764,822,811,11,365,448,9,457,0,457,5,1,0,1,1,12,0,0,2,0,26,0,0,1,118,0,1,0,0,21,0,0,3,42,1,0,0,0,0,0,77,0,0,24,0,0,111,5,1,4
560765,411,406,11,101,299,11,310,0,310,7,0,0,0,1,27,0,0,1,0,5,0,1,0,72,1,0,0,0,18,0,0,1,48,0,0,0,2,0,0,48,1,0,13,0,1,48,9,0,6
560766,2034,2018,44,742,1263,29,1292,0,1292,15,0,0,1,0,53,1,1,9,1,54,0,0,1,469,1,0,0,0,21,0,0,4,189,1,5,0,0,0,2,164,1,0,51,1,2,199,25,3,18
560767,1866,1847,34,741,1094,31,1125,0,1125,21,2,1,1,3,59,1,3,15,0,60,0,0,2,382,1,1,0,0,25,0,0,2,156,4,3,0,0,0,4,144,0,3,31,0,0,172,5,0,24
560768,204,206,8,49,148,7,155,0,155,1,0,1,0,1,36,0,1,1,0,2,0,0,0,23,0,0,0,0,4,0,0,0,21,1,0,0,0,0,0,17,0,0,5,0,1,39,0,0,1
560769,624,619,10,172,442,10,452,0,452,0,0,0,0,0,29,0,1,10,1,13,0,0,1,143,1,1,0,0,9,0,0,3,86,1,1,0,0,0,1,64,0,0,9,0,0,66,5,2,5
560770,744,731,40,247,457,40,497,0,497,4,1,0,0,0,14,1,0,3,0,24,0,0,1,126,0,0,1,0,11,0,0,1,93,1,0,0,0,0,2,60,1,0,5,0,0,134,8,3,3
560771,159,160,3,42,114,3,117,0,117,4,1,1,0,0,1,0,0,3,0,5,0,0,0,32,0,0,0,0,0,0,0,0,22,0,0,0,0,0,0,11,0,0,1,0,0,33,3,0,0
560772,834,828,58,266,515,53,568,0,568,4,2,0,3,0,18,0,1,4,0,15,0,0,0,134,1,1,1,0,6,0,0,2,87,0,1,0,0,0,1,121,1,1,5,1,0,137,13,0,8
560773,2397,2381,34,949,1418,30,1448,0,1448,24,1,0,1,4,147,2,0,14,2,24,0,0,0,227,0,1,1,0,7,0,0,12,273,2,0,0,0,0,1,93,1,1,8,0,0,547,39,1,15
560774,1419,1408,16,464,940,15,955,0,955,16,1,0,1,1,82,2,0,7,0,6,0,0,0,137,0,0,0,0,6,0,0,12,144,2,0,0,2,0,0,150,1,1,11,0,2,337,24,1,9
560775,1188,1181,32,501,657,30,687,0,687,11,1,4,0,3,51,1,0,0,0,24,0,0,0,153,1,0,0,0,5,0,1,0,120,0,1,0,0,0,2,104,0,0,17,0,2,172,2,4,8
560776,510,509,19,141,354,15,369,0,369,21,0,0,0,0,9,0,0,0,0,11,0,0,0,107,0,0,2,0,13,0,0,0,72,0,0,0,0,0,0,69,0,0,11,0,0,49,0,0,5
560879,1584,1566,13,531,1043,10,1053,0,1053,4,2,4,3,2,39,1,2,15,0,133,0,2,0,274,0,2,0,0,30,0,0,0,68,0,6,0,0,0,1,223,0,1,58,0,0,162,10,2,9
560880,1701,1677,22,602,1082,17,1099,0,1099,16,6,2,2,1,59,0,0,13,0,88,0,1,1,278,0,0,0,0,36,1,0,1,44,1,6,0,0,0,2,264,0,0,82,0,1,175,3,2,14
560881,1599,1585,12,556,1034,9,1043,0,1043,11,0,1,4,1,56,1,0,15,0,109,2,0,1,226,1,1,0,1,29,2,0,2,38,0,10,0,0,0,4,270,0,2,86,1,1,143,10,1,14
560882,1827,1813,16,599,1214,14,1228,0,1228,6,1,4,5,5,80,0,0,32,0,104,0,1,0,297,0,0,1,0,31,0,0,1,49,0,3,0,0,0,0,319,1,1,83,0,1,187,6,0,10
560883,1737,1703,17,611,1112,14,1126,0,1126,11,2,1,1,0,52,0,0,13,0,109,1,0,0,269,0,1,0,0,34,0,1,1,45,1,1,1,0,0,1,304,0,0,91,0,2,166,1,4,13
560884,1683,1673,11,511,1162,10,1172,0,1172,10,5,3,2,0,56,0,1,32,0,120,0,1,0,281,0,1,1,2,31,7,0,1,45,0,4,0,0,0,0,252,0,0,88,0,0,196,9,8,15
560885,1590,1568,8,516,1066,8,1074,0,1074,13,5,0,1,1,55,1,0,20,0,118,0,0,0,253,0,2,0,1,29,5,2,2,46,2,12,0,0,0,1,258,0,2,70,0,0,150,7,2,16
560886,2346,2293,20,734,1600,12,1612,0,1612,15,4,3,2,2,78,0,0,17,1,176,0,3,1,351,0,1,1,1,38,1,0,0,66,0,12,0,1,1,1,403,0,2,157,1,0,240,5,5,23
560887,2370,2326,15,755,1604,11,1615,0,1615,7,2,1,4,1,49,0,0,15,0,194,1,1,0,401,2,3,1,0,21,0,0,2,51,0,11,0,1,1,3,421,1,1,129,0,1,260,8,2,20
560888,2337,2312,10,797,1537,3,1540,0,1540,15,5,0,2,0,57,0,1,13,0,157,0,0,0,408,3,0,0,0,35,0,0,3,76,1,6,0,1,1,1,389,0,5,114,1,0,213,12,2,19
560889,2292,2243,15,730,1549,13,1562,0,1562,11,0,2,2,1,57,0,1,15,0,195,0,0,0,372,0,1,1,0,37,1,0,2,63,1,7,0,0,0,2,361,0,2,126,0,1,282,9,1,9
560890,2151,2107,22,623,1512,16,1528,0,1528,18,3,2,2,2,62,0,0,23,1,155,0,1,0,341,1,0,0,0,31,1,1,2,64,1,12,0,0,0,1,434,0,0,112,0,1,227,11,3,16
560891,1998,1973,15,596,1389,13,1402,0,1402,11,1,2,6,2,69,0,0,26,1,99,0,1,0,317,0,2,0,0,54,1,0,2,64,1,5,0,0,0,2,392,0,0,104,0,0,221,10,1,8
560892,2142,2115,15,657,1474,11,1485,0,1485,19,8,2,1,1,47,1,0,27,1,168,1,0,0,322,1,7,0,1,54,0,2,2,51,1,15,1,0,0,2,388,1,2,105,0,0,225,10,3,16
560893,2034,2014,7,605,1425,4,1429,0,1429,13,1,1,2,0,39,1,1,17,0,151,0,0,0,334,0,3,0,2,45,3,0,1,45,0,9,1,1,0,3,370,0,1,99,0,0,260,4,5,17
561012,1242,1243,3,279,961,2,963,0,963,4,1,0,0,0,33,0,0,14,0,125,0,0,1,249,0,2,0,0,34,0,1,2,12,0,8,0,0,0,0,276,0,0,73,1,0,116,5,0,6,01,04,2019,00,05
