590135,282,280,25,129,131,22,153,0,153,0,0,0,0,0,74,1,0,3,0,4,0,1,0,22,0,0,0,0,0,0,0,0,16,0,0,0,0,0,0,7,0,0,3,0,0,22,0,0,0
590136,420,407,17,172,234,14,248,0,248,2,0,1,1,0,95,0,0,4,0,9,0,0,0,70,0,0,0,0,1,0,0,0,28,1,0,0,0,0,0,16,0,0,4,0,0,14,0,2,0
590137,1182,1154,42,503,638,41,679,0,679,8,0,0,1,0,274,0,0,13,0,11,0,0,0,178,0,1,0,0,1,0,0,0,74,0,0,0,0,0,0,32,0,0,10,0,1,73,0,0,2
590138,129,131,13,57,63,9,72,0,72,0,0,0,0,0,35,1,0,0,0,0,0,0,0,10,0,0,0,0,0,0,0,0,15,0,0,0,0,0,0,7,0,0,0,0,0,4,0,0,0
590139,582,582,64,250,275,57,332,0,332,3,0,1,0,2,105,3,0,5,0,3,0,0,0,99,0,0,0,0,0,2,2,1,53,0,0,0,0,0,0,11,0,0,7,0,0,31,1,1,2
590141,510,508,40,202,269,39,308,0,308,2,1,0,0,0,60,1,0,2,0,5,0,1,0,97,0,0,0,0,5,0,0,0,39,1,0,0,0,0,0,22,0,0,7,0,1,61,3,0,0
590142,576,572,28,216,333,27,360,0,360,5,0,1,0,0,67,0,0,2,0,8,0,0,0,99,2,0,0,0,0,1,0,0,57,0,1,0,0,0,0,13,0,0,23,1,1,72,3,0,4
590143,213,210,8,82,123,8,131,0,131,1,0,0,0,0,14,0,0,4,0,6,3,1,0,17,1,0,0,0,1,0,0,0,36,1,2,0,0,0,1,20,0,0,7,0,0,14,1,0,1
590144,801,795,42,312,452,37,489,0,489,10,0,6,1,0,60,0,0,17,0,2,1,1,0,168,0,1,0,0,2,0,1,0,78,0,0,0,0,0,1,35,0,0,23,0,2,71,6,0,3
590145,1071,1060,89,387,600,84,684,0,684,6,2,0,0,0,172,0,0,9,0,27,2,0,0,219,0,0,0,0,5,0,0,1,60,4,0,0,0,0,0,44,0,0,20,1,2,102,6,1,1
590146,417,405,55,193,174,50,224,0,224,3,0,1,0,0,41,2,0,4,1,15,0,0,0,54,0,2,0,0,0,0,0,0,47,1,1,0,1,0,0,16,0,0,4,0,0,30,1,0,0
590147,861,850,142,329,400,132,532,0,532,0,1,2,0,1,41,0,0,6,0,33,0,0,0,97,0,3,0,0,1,1,0,1,79,1,0,0,0,0,1,50,0,1,22,0,0,182,7,0,2
590148,384,382,41,154,197,33,230,0,230,2,0,1,0,0,39,1,0,6,0,5,0,0,0,62,1,0,1,0,0,0,0,1,52,0,0,0,0,0,0,14,0,0,7,0,0,34,3,1,0
590149,645,639,72,212,366,67,433,0,433,3,1,1,2,0,51,1,0,9,0,9,2,0,1,82,2,1,0,0,2,1,0,0,91,0,1,0,0,0,0,31,0,0,22,0,1,106,11,0,2
590150,867,853,44,327,501,39,540,0,540,2,1,2,0,0,49,0,0,14,1,21,0,0,0,140,0,3,0,0,1,3,0,1,101,0,0,1,0,0,0,21,0,1,25,0,1,144,6,0,2
590151,492,485,53,152,291,49,340,0,340,2,0,0,0,0,27,0,0,8,0,13,0,1,1,67,0,2,0,0,1,5,0,2,66,1,1,0,0,0,0,28,0,4,8,0,0,96,5,0,2
590152,708,701,95,251,371,86,457,0,457,5,0,3,1,2,44,0,0,9,0,15,1,0,1,122,0,1,0,0,0,0,0,0,73,0,3,0,0,0,0,58,0,1,20,0,2,90,4,1,1
590153,270,269,47,112,113,45,158,0,158,4,0,0,0,1,27,1,0,2,0,3,0,0,0,36,0,0,0,0,0,3,0,0,30,0,0,0,0,0,0,10,2,0,6,0,0,33,0,0,0
590154,1065,1053,66,403,609,53,662,0,662,8,4,1,0,0,60,1,0,13,0,28,0,0,0,225,0,1,0,0,2,0,0,1,94,0,0,0,0,0,1,45,0,0,35,0,3,128,7,0,5
590155,1089,1083,56,413,627,49,676,0,676,8,0,0,1,1,125,1,0,32,0,21,0,0,0,212,0,3,0,0,1,2,0,1,53,1,0,0,0,1,0,41,0,0,31,0,1,124,13,1,2
590156,195,193,9,87,101,7,108,0,108,0,0,0,0,0,19,0,0,3,0,0,0,0,0,30,0,0,0,0,0,0,0,0,17,0,0,0,0,0,0,8,0,0,2,0,0,24,5,0,0
590157,231,231,27,70,140,21,161,0,161,0,0,0,0,22,0,0,0,5,0,1,0,0,0,70,0,1,0,1,0,1,0,0,30,0,0,0,0,0,0,8,0,0,2,0,0,20,0,0,0
590158,426,414,36,168,225,33,258,0,258,1,0,0,0,1,42,1,1,11,0,5,0,0,0,76,0,0,1,0,1,1,0,0,47,0,0,0,0,0,0,26,1,0,5,0,1,31,4,0,2
590159,1149,1131,88,503,563,83,646,0,646,4,0,0,1,2,148,0,0,18,0,12,0,1,0,250,2,0,0,0,0,1,0,2,80,0,0,0,0,0,1,33,0,1,14,0,1,66,6,1,2
590160,243,244,26,84,135,24,159,0,159,0,0,1,0,0,28,0,0,4,0,3,0,0,0,70,0,0,0,0,0,1,0,1,7,0,0,0,0,1,0,11,0,0,7,0,0,24,0,0,1
590161,189,186,12,79,101,9,110,0,110,0,0,0,0,0,38,1,0,7,0,5,0,0,0,27,0,0,0,0,0,1,0,0,11,1,0,0,0,0,0,9,0,0,1,0,0,9,0,0,0
590162,489,483,9,229,254,6,260,0,260,2,0,0,0,0,163,2,0,1,0,3,0,0,0,47,0,0,0,0,0,1,0,1,15,0,0,0,0,0,1,7,0,0,5,0,0,11,1,0,0
590163,312,303,34,149,136,27,163,0,163,0,0,0,0,0,70,0,0,1,0,2,0,0,0,39,1,0,0,0,1,0,0,0,15,0,0,0,0,0,0,11,0,0,3,0,0,19,0,0,1
590164,201,200,12,79,112,10,122,0,122,0,0,0,0,0,34,0,0,6,0,2,0,0,0,29,0,0,0,0,0,0,0,0,23,0,0,0,0,0,0,9,0,0,3,0,0,15,1,0,0
590165,309,306,15,95,202,12,214,0,214,0,0,0,0,0,27,1,0,3,0,7,0,0,0,71,1,0,0,0,0,0,0,0,29,1,0,0,0,0,0,32,0,0,7,1,0,29,4,1,0
590166,147,143,10,73,68,6,74,0,74,0,0,1,0,0,22,0,0,1,0,1,0,0,0,14,0,0,0,0,0,1,0,0,14,0,0,0,0,0,0,11,0,0,1,0,0,7,1,0,0
590167,474,467,37,168,272,34,306,0,306,6,0,0,0,0,102,1,1,7,0,2,0,0,0,104,0,2,0,0,0,6,0,1,26,0,0,2,0,0,0,16,0,0,4,0,0,22,2,0,2
590168,183,182,16,61,107,15,122,0,122,2,0,0,0,0,17,0,0,1,0,4,0,0,0,27,0,0,0,0,1,0,0,0,11,0,0,0,0,0,1,14,0,0,3,0,0,39,2,0,0
590169,405,398,26,137,242,26,268,0,268,8,3,3,0,0,84,0,0,1,0,9,0,0,0,57,0,0,0,0,0,2,0,0,38,0,0,0,0,0,0,16,0,0,6,0,0,37,4,0,0
590170,465,460,40,186,243,36,279,0,279,1,1,0,0,0,87,0,0,11,0,5,0,0,2,71,1,0,1,0,0,1,0,1,47,0,0,0,0,0,0,12,0,0,3,0,0,32,3,0,0
590171,354,358,42,160,159,35,194,0,194,1,0,0,1,1,22,1,0,4,0,6,0,0,0,57,0,0,0,0,0,0,0,0,28,1,0,0,0,0,0,31,0,0,5,0,0,33,2,1,0
590176,462,458,35,148,283,31,314,0,314,4,0,2,0,0,11,0,0,5,0,40,0,0,0,72,1,1,0,0,4,0,0,2,61,0,0,0,0,0,0,15,1,0,35,1,0,52,4,0,3
590177,522,517,43,213,272,37,309,0,309,3,0,1,0,0,32,0,0,4,0,14,0,0,1,75,0,0,0,0,0,0,0,0,44,0,1,0,0,0,1,33,0,0,28,0,0,62,6,0,4
590181,654,644,91,222,349,83,432,0,432,7,0,0,0,0,29,0,1,4,0,48,0,0,0,127,0,0,0,0,0,0,0,0,74,1,4,0,0,0,0,38,1,0,34,0,0,53,3,0,8
590182,795,783,55,316,426,53,479,0,479,5,0,3,2,0,24,0,1,10,0,30,0,0,2,142,0,2,1,0,3,0,0,2,76,0,2,0,0,0,1,50,0,0,21,0,1,97,4,0,0
590183,213,211,31,79,105,29,134,0,134,0,0,1,0,0,8,0,0,0,0,10,0,0,0,34,0,0,0,0,2,0,0,0,23,0,3,0,1,0,0,11,0,0,8,0,0,28,3,0,2
590185,537,531,74,207,256,74,330,0,330,1,0,3,0,1,27,0,0,8,0,17,0,1,0,90,0,0,0,0,1,0,0,0,47,0,0,0,0,1,1,71,0,2,3,0,0,49,5,1,1
590188,339,335,42,144,157,38,195,0,195,1,0,1,0,0,20,0,0,1,0,9,0,0,1,50,0,0,0,0,0,0,0,0,42,0,0,0,0,0,0,17,0,0,6,3,0,40,3,0,1
590190,828,818,28,358,452,18,470,0,470,10,0,1,2,1,25,0,0,5,0,27,0,2,0,150,2,3,2,0,6,0,0,0,59,3,1,0,0,0,0,52,0,0,13,0,1,96,8,0,1
590191,315,311,19,127,175,13,188,0,188,1,0,1,0,1,10,0,0,0,0,8,0,0,0,55,1,0,0,1,0,0,1,0,40,1,0,0,0,0,1,24,0,0,1,0,0,38,3,0,1
590192,171,169,17,75,80,16,96,0,96,1,0,1,0,0,7,0,0,2,0,4,0,0,0,27,0,0,0,0,0,0,0,1,14,0,0,0,1,1,0,8,0,0,1,1,0,23,1,0,3
590196,633,615,16,303,314,16,330,0,330,2,0,2,0,0,36,1,0,6,0,17,0,0,0,92,1,1,0,0,0,0,0,0,37,0,0,0,0,0,1,33,0,0,29,0,1,67,3,0,1
590197,189,189,6,56,127,6,133,0,133,2,0,0,0,0,5,0,0,1,0,3,0,0,0,24,0,0,0,0,0,0,0,0,26,0,0,0,0,0,0,12,0,0,5,0,0,51,2,0,2
590198,243,240,15,122,110,11,121,0,121,0,0,3,0,0,11,0,0,5,0,11,0,0,0,34,0,0,0,0,1,0,0,0,14,0,0,0,0,0,0,14,0,0,3,0,0,25,0,0,0
590210,576,568,24,244,312,20,332,0,332,4,0,1,1,0,10,0,0,4,0,28,1,0,0,92,0,0,0,1,2,0,0,1,65,0,0,1,0,0,0,42,0,0,16,0,1,58,0,0,4
590213,237,234,49,77,116,44,160,0,160,4,0,1,0,0,18,0,0,3,0,10,0,0,1,42,0,0,0,0,0,0,0,1,19,0,3,0,0,0,0,21,0,0,8,0,0,25,4,0,0
590260,1413,1381,29,518,870,25,895,0,895,8,3,0,1,1,90,1,0,14,1,41,0,0,0,227,1,2,0,0,5,0,0,1,66,1,0,0,2,0,0,93,0,1,59,0,2,251,18,1,5
590261,1314,1292,8,500,809,5,814,0,814,5,4,0,0,0,78,1,0,12,0,64,0,0,0,214,0,1,0,0,6,0,0,1,48,0,1,1,0,0,0,101,2,0,86,0,2,174,5,0,8
590262,1398,1391,14,535,857,6,863,0,863,8,3,1,0,2,136,0,0,17,0,70,0,1,0,221,2,3,0,0,3,0,0,0,37,2,0,0,0,0,0,95,0,0,75,0,0,181,4,0,2
590263,1074,1045,17,423,639,12,651,0,651,5,3,1,2,0,99,1,0,7,0,37,0,1,0,162,0,4,1,0,3,0,0,2,36,0,0,0,0,0,0,70,0,0,63,0,0,139,7,1,7
590264,720,712,8,306,411,3,414,0,414,7,3,0,0,0,54,0,1,5,0,30,0,0,0,129,0,0,0,1,3,0,0,0,20,0,1,0,0,0,1,32,0,1,34,0,0,84,5,1,2
590265,1635,1595,102,595,947,93,1040,0,1040,21,4,3,8,1,155,1,1,13,0,67,0,1,0,268,0,2,1,0,6,0,2,1,53,2,1,0,1,0,0,109,0,0,122,0,1,190,4,0,2
590266,711,701,8,289,415,7,422,0,422,4,0,0,2,0,46,0,0,6,0,23,0,0,0,115,0,0,0,0,5,1,1,0,25,2,0,0,0,0,1,43,0,0,38,0,1,105,2,0,2
590267,1395,1390,38,549,810,36,846,0,846,9,0,2,1,2,90,0,1,18,0,74,0,0,0,239,0,3,0,0,7,0,0,1,47,0,2,0,0,2,1,81,0,0,54,0,1,193,8,0,10
590268,1494,1464,9,558,928,8,936,0,936,9,1,1,0,0,69,2,0,13,3,61,0,1,0,290,1,0,1,0,8,0,0,1,65,1,2,0,0,0,0,93,0,1,71,0,0,231,8,0,3
590269,1263,1254,23,475,768,20,788,0,788,5,0,3,0,1,108,0,0,11,0,45,0,0,1,205,0,2,0,0,3,0,0,1,43,0,5,0,0,1,2,98,0,3,83,0,0,154,9,2,3
590270,696,679,7,282,409,5,414,0,414,6,0,0,1,1,45,1,0,10,0,25,0,0,0,111,0,0,0,0,2,1,0,0,25,0,3,0,1,0,0,50,0,0,45,0,0,85,0,0,2
590271,1536,1522,14,573,951,12,963,0,963,9,0,0,1,1,112,0,0,15,1,54,0,0,1,266,0,4,1,0,9,0,0,0,63,0,1,0,0,0,1,84,0,1,72,1,0,242,17,0,7
590272,1239,1220,13,520,706,13,719,0,719,5,1,0,1,0,89,0,0,17,0,33,0,1,0,186,0,2,0,0,8,0,0,1,42,0,2,0,0,1,1,90,0,0,64,0,1,161,9,0,4
590273,1413,1374,9,563,842,8,850,0,850,7,1,2,3,0,102,2,0,21,0,49,0,1,0,228,0,3,1,0,3,0,1,0,41,0,3,0,0,0,0,85,0,3,108,0,3,170,7,0,6
590274,570,566,6,225,340,5,345,0,345,2,0,1,0,0,50,1,0,2,0,14,0,0,1,109,0,2,1,0,0,0,0,2,21,1,0,0,0,0,0,21,0,0,21,0,0,90,5,0,1
590276,642,635,50,282,313,47,360,0,360,3,0,1,0,1,72,0,0,1,0,35,1,0,1,71,1,0,0,0,0,0,0,0,42,1,2,1,0,1,0,27,0,2,23,1,0,66,4,0,3
590277,303,305,22,149,135,19,154,0,154,1,0,0,0,0,24,1,0,3,0,7,0,0,0,26,0,0,0,0,0,0,0,1,23,0,0,0,0,0,0,26,0,0,9,0,0,30,1,0,2
590278,348,349,27,68,257,23,280,0,280,2,1,1,0,0,23,0,0,2,0,26,0,0,0,56,0,3,0,0,0,0,0,0,46,0,1,0,0,0,0,28,1,1,15,0,0,64,6,0,4
590280,573,569,40,252,286,35,321,0,321,2,1,0,1,0,67,1,0,5,0,22,0,0,0,60,0,1,0,0,0,0,0,2,33,0,1,1,0,0,0,33,0,0,19,0,0,68,1,0,3
590282,699,692,66,259,385,55,440,0,440,3,0,0,0,1,29,0,0,8,1,54,0,0,0,108,0,1,0,0,8,0,0,1,73,1,2,0,0,0,0,52,0,0,14,0,2,67,5,0,10
590283,282,280,42,145,108,29,137,0,137,1,2,1,0,0,12,0,0,3,0,7,0,0,0,27,0,0,0,0,0,0,0,0,20,0,0,0,0,0,0,23,1,0,3,0,0,36,0,0,1
590284,495,492,41,235,226,34,260,0,260,5,0,0,1,0,51,1,0,3,1,3,0,1,0,64,0,1,0,0,4,0,0,0,47,0,0,0,1,0,0,18,1,0,13,0,0,37,6,0,2
590287,429,426,49,173,216,40,256,0,256,1,1,1,1,2,19,3,0,4,0,7,0,0,0,69,0,2,0,0,1,0,0,1,54,2,1,0,0,0,0,26,1,0,9,0,0,43,4,1,3
590288,315,314,27,100,191,24,215,0,215,1,0,3,0,0,33,1,0,2,0,5,0,0,0,43,0,1,0,0,0,0,0,1,49,0,1,0,0,0,0,28,0,0,10,0,0,34,0,0,3
590291,822,814,67,318,445,59,504,0,504,7,1,1,1,0,26,0,0,11,0,13,1,0,2,153,0,1,1,0,0,0,0,1,74,2,0,0,0,0,0,60,1,1,17,1,0,117,10,0,2
590295,858,848,73,242,546,70,616,0,616,5,0,0,0,1,155,0,0,16,3,9,0,1,0,86,0,2,0,0,2,0,0,3,138,0,0,0,1,2,0,41,0,0,19,0,1,122,5,1,3
590296,453,448,46,177,240,36,276,0,276,3,0,0,0,0,34,0,0,7,1,17,0,0,0,61,1,0,0,0,0,0,0,0,26,1,2,0,0,0,1,21,0,0,18,0,0,73,3,2,5
590297,225,216,25,92,108,25,133,0,133,0,0,0,1,0,19,0,0,1,0,9,0,0,0,33,0,2,0,0,1,0,0,0,15,0,0,0,0,0,1,17,0,0,1,0,0,31,1,0,1
590298,594,578,21,179,401,14,415,0,415,4,0,2,0,0,30,0,0,7,1,15,0,0,0,91,0,5,0,0,3,1,0,0,113,0,0,0,1,0,0,29,0,1,14,0,0,89,7,1,1
590299,201,42,14,165,22,14,36,0,36,0,0,1,0,0,6,0,0,0,0,3,0,0,0,8,0,0,0,0,0,0,0,1,3,0,0,0,0,0,0,4,0,0,1,0,0,9,0,0,0
590432,1782,1765,9,655,1118,9,1127,0,1127,10,3,1,1,1,438,3,1,80,0,20,0,0,1,299,0,2,3,0,0,0,0,0,50,3,1,0,0,0,0,64,0,0,50,0,3,85,7,0,1
590433,1920,1885,28,737,1157,26,1183,0,1183,5,0,0,1,2,442,3,0,84,0,21,0,0,0,274,6,2,2,0,4,0,0,0,69,2,2,0,0,0,0,63,1,0,49,0,4,142,3,0,2
590434,1878,1852,20,768,1096,14,1110,0,1110,17,0,0,0,1,412,1,0,75,0,27,0,1,0,287,5,0,0,0,1,0,1,2,52,1,2,0,0,0,0,53,0,1,69,0,1,97,4,0,0
590435,1968,1949,25,830,1115,23,1138,0,1138,16,2,0,3,1,417,0,1,94,1,27,0,2,0,287,1,0,1,0,0,0,2,0,51,1,4,0,0,0,1,71,0,0,64,0,1,87,2,1,0
590436,2103,2060,61,938,1121,44,1165,0,1165,14,0,0,3,1,422,3,1,90,0,17,0,0,0,340,3,0,0,0,3,2,0,0,52,0,3,0,0,0,0,60,0,0,59,0,2,85,5,0,0
590437,2043,2024,19,887,1139,17,1156,0,1156,12,2,0,2,0,418,0,1,77,0,21,0,1,1,316,1,1,0,0,2,0,1,0,84,1,2,0,1,0,1,49,0,0,52,0,0,99,6,0,5
590438,390,381,8,152,230,8,238,0,238,1,0,0,2,0,65,1,0,2,0,1,0,0,0,71,0,0,0,0,0,1,0,1,45,0,0,0,0,1,0,10,1,0,5,0,1,25,3,1,1
590439,303,301,45,98,161,44,205,0,205,0,0,0,0,0,58,0,0,3,1,3,1,0,0,50,1,0,1,0,0,0,0,3,33,1,0,0,0,0,0,9,0,0,4,1,0,33,1,1,1
590440,393,387,34,183,179,31,210,0,210,1,0,0,0,0,63,0,0,6,0,3,0,0,0,54,0,0,0,0,0,0,0,1,60,0,0,0,0,0,0,7,0,0,1,0,0,13,1,0,0
590441,285,294,24,97,171,17,188,0,188,0,0,0,0,0,67,0,0,9,0,2,0,0,1,64,0,0,0,0,0,0,0,0,19,1,0,0,0,0,0,17,0,0,1,0,0,7,0,0,0
590442,315,305,24,142,151,22,173,0,173,2,0,0,0,0,19,0,0,6,0,2,0,0,0,47,1,0,0,0,0,0,0,0,30,0,0,0,0,0,0,11,0,0,9,1,0,43,2,0,0
590443,189,190,21,68,100,21,121,0,121,1,1,0,0,0,21,1,0,1,0,4,0,0,0,18,0,0,0,0,0,1,0,0,20,0,0,0,0,0,0,6,0,0,0,0,0,45,2,0,0
590444,291,290,28,126,142,23,165,0,165,0,0,0,0,0,23,1,0,4,0,5,0,0,1,53,0,0,0,0,1,0,0,0,22,1,0,0,0,0,0,13,0,0,8,0,0,32,1,0,0
590445,84,84,19,45,25,14,39,0,39,0,0,0,0,0,9,0,0,0,0,1,0,0,0,14,0,0,0,0,0,0,0,0,3,0,0,0,0,0,0,3,0,0,0,0,0,8,1,0,0
590446,498,485,35,226,242,30,272,0,272,5,0,0,1,1,68,0,0,12,0,5,0,0,0,72,0,0,0,0,0,0,0,3,45,0,0,0,1,1,1,9,0,0,10,0,1,34,2,1,0
590447,357,359,29,118,215,24,239,0,239,6,0,0,0,1,74,0,0,6,0,10,0,0,0,68,0,0,0,0,0,0,0,0,27,0,0,0,0,0,0,8,0,0,7,0,1,29,0,1,1
590448,138,133,14,58,67,13,80,0,80,2,0,0,0,0,22,0,0,4,0,0,0,0,0,23,0,0,0,0,0,0,0,0,15,0,0,0,0,0,1,3,0,0,0,0,0,10,0,0,0
590449,147,143,14,71,66,10,76,0,76,0,0,0,0,0,16,0,0,3,0,2,0,0,0,25,0,0,0,0,0,0,0,1,6,0,0,0,0,0,0,11,0,0,1,0,0,8,2,0,1
590450,345,344,29,71,248,26,274,0,274,3,0,0,0,1,137,0,0,17,0,10,0,0,0,54,0,3,0,0,0,0,0,3,19,0,0,0,0,0,0,6,0,0,2,0,0,18,1,0,0
590451,561,559,32,225,308,28,336,0,336,5,1,0,0,0,98,0,0,8,0,7,0,0,0,95,0,1,0,0,0,0,0,0,38,0,0,0,0,0,1,20,0,0,9,0,0,47,4,0,2
590452,258,250,13,100,147,11,158,0,158,2,0,0,0,1,39,1,0,2,0,2,0,0,0,57,1,0,0,0,0,0,0,1,15,0,0,0,0,0,1,10,0,0,0,0,0,24,2,0,0
590453,171,168,5,64,103,4,107,0,106,1,0,0,1,0,16,0,0,1,0,10,0,0,0,27,0,0,0,0,0,0,0,0,11,0,0,0,0,0,0,19,0,0,1,0,0,19,0,0,0
590454,882,869,40,418,436,28,464,0,464,12,0,2,0,2,224,0,0,20,0,9,0,0,0,112,0,1,0,0,0,1,0,1,31,3,0,0,0,0,0,13,0,0,3,0,1,29,0,0,0
590455,336,331,24,126,192,18,210,0,210,3,0,0,0,0,59,1,0,2,0,2,0,0,0,37,0,2,0,0,0,0,0,1,29,0,0,0,0,0,0,26,0,0,5,0,1,40,1,0,1
590456,207,202,12,96,99,12,111,0,111,1,0,0,0,1,14,0,0,3,0,2,0,0,1,43,0,0,0,0,0,0,0,1,13,0,0,0,0,0,0,9,0,1,1,0,0,18,3,0,0
590457,231,227,19,88,128,15,143,0,143,1,0,0,0,0,36,0,0,5,0,4,0,0,0,49,0,0,0,0,4,0,0,1,17,0,0,0,0,0,0,9,0,0,1,0,0,16,0,0,0
590458,498,498,34,169,302,27,329,0,329,2,1,0,0,0,164,0,0,6,0,6,0,0,0,68,0,0,1,0,0,0,0,0,25,1,1,0,0,0,0,25,0,0,6,0,0,18,3,0,2
590459,258,258,12,98,150,10,160,0,160,3,0,2,1,0,41,0,0,2,0,2,0,1,0,40,1,1,0,0,0,0,0,2,21,0,0,0,1,0,0,7,0,0,10,0,0,22,3,0,0
590460,243,240,26,88,132,23,155,0,155,0,0,0,0,0,68,0,0,5,0,1,0,0,0,36,0,0,0,0,1,0,0,0,10,1,0,0,0,0,0,7,0,0,3,1,0,20,0,0,2
590461,204,207,13,72,119,13,132,0,132,1,0,0,0,0,38,0,0,4,0,2,0,0,0,37,0,0,0,0,0,0,0,0,20,0,0,0,0,0,0,11,0,0,3,0,0,14,0,1,1
590462,108,109,7,42,61,5,66,0,66,0,0,0,0,0,15,0,0,1,0,0,0,0,0,8,0,0,0,0,0,0,0,1,20,0,0,0,0,0,0,6,0,0,0,0,0,14,1,0,0
590463,129,126,8,55,66,8,74,0,74,0,0,0,0,0,14,0,0,3,0,5,0,0,0,18,0,0,0,0,0,0,0,0,10,0,0,0,0,0,1,8,0,0,0,0,0,15,0,0,0
590464,138,138,10,55,75,8,83,0,83,0,0,0,0,0,23,0,0,2,1,3,0,0,0,15,0,0,0,0,0,0,0,0,20,0,0,0,0,0,0,10,0,0,3,0,0,5,1,0,0
590465,243,242,9,115,120,8,128,0,128,0,0,0,0,0,22,0,0,5,0,1,0,0,0,39,0,0,0,0,0,0,0,0,22,0,0,0,0,0,0,10,0,0,1,0,0,25,2,0,1
590466,123,123,3,55,65,3,68,0,68,1,0,0,0,0,24,1,0,1,0,1,0,0,0,14,0,0,0,0,0,0,0,0,5,0,0,0,0,0,0,5,0,0,0,0,0,14,2,0,0
590467,291,289,19,94,178,19,197,0,197,5,0,0,0,1,87,1,0,2,0,3,0,0,0,40,0,0,0,0,1,0,0,0,26,0,0,0,0,0,0,10,0,0,2,0,0,18,0,0,1
590468,147,147,4,73,70,4,74,0,74,2,0,0,0,0,33,0,0,1,0,2,1,0,0,21,0,0,0,0,0,0,0,0,2,0,0,0,0,0,1,4,0,0,1,0,0,6,0,0,0
590469,294,291,35,95,168,31,199,0,199,0,0,0,0,0,47,0,1,11,0,2,0,0,0,55,0,0,0,0,0,0,0,1,23,0,0,0,0,0,0,20,0,0,2,0,0,34,1,0,2
590470,174,37,0,143,31,0,31,0,31,1,0,0,0,0,15,0,0,0,0,0,0,0,0,3,0,0,0,0,0,0,0,0,3,0,0,0,0,1,0,0,0,0,2,0,0,6,0,0,0
590544,1374,1332,15,677,688,9,697,0,697,6,0,1,0,2,325,1,0,16,0,10,1,0,0,188,0,0,1,0,0,0,0,0,31,1,0,1,0,1,0,40,0,0,15,0,0,55,1,0,1
590545,1131,1109,12,507,615,9,624,0,624,13,0,0,3,0,261,0,0,30,0,7,0,0,1,174,0,0,0,0,1,0,0,0,11,1,0,0,0,0,0,34,0,1,19,0,1,65,2,0,0
590546,780,784,15,363,406,11,417,0,417,5,0,1,0,0,197,1,0,17,0,12,1,0,0,107,1,0,0,0,0,0,0,1,9,0,0,0,0,0,0,17,0,0,10,0,1,35,0,1,1
590547,804,800,11,330,465,9,474,0,474,7,1,0,2,1,203,2,0,13,0,10,0,0,0,128,0,0,0,0,0,0,0,0,10,0,0,0,0,0,0,27,0,0,15,0,1,49,3,0,2
590548,666,650,6,305,356,5,361,0,361,4,0,2,0,1,175,2,0,21,0,3,0,0,0,86,0,1,0,0,0,0,0,2,6,0,0,1,0,0,0,23,0,0,13,0,0,18,2,1,0
590549,798,786,13,356,429,13,442,0,442,11,0,0,1,1,188,0,0,18,0,9,0,0,0,133,1,1,0,0,2,0,0,0,16,2,0,0,0,0,0,17,0,0,4,0,1,37,0,0,0
590550,168,167,19,58,92,18,110,0,110,0,0,0,1,0,46,1,0,4,0,2,0,0,0,20,0,1,0,1,0,1,0,0,3,0,0,0,0,0,0,6,2,0,1,0,2,19,0,0,0
590551,93,94,8,32,54,7,61,0,61,0,0,1,0,0,16,1,0,0,0,6,0,0,0,14,0,0,0,0,0,0,0,0,1,0,0,0,0,0,0,2,0,0,0,0,0,19,0,0,1
590552,189,188,18,71,104,14,118,0,118,0,0,0,0,0,42,0,0,3,0,0,0,0,0,33,0,0,0,0,0,0,0,0,8,0,0,0,0,0,0,5,0,0,3,0,0,22,2,0,0
590553,138,143,11,43,85,10,95,0,95,1,0,0,1,0,39,0,0,2,0,3,0,0,0,29,0,0,0,0,0,0,0,0,1,0,0,0,0,0,0,6,0,0,0,0,0,13,0,0,0
590554,195,143,11,52,132,11,143,0,143,3,0,0,0,0,44,0,0,0,0,3,0,0,0,25,0,0,0,0,3,0,0,0,11,0,0,0,0,0,0,9,0,0,3,0,1,40,1,0,0
590555,213,208,28,74,113,26,139,0,139,1,1,2,0,0,60,1,0,4,0,5,0,0,0,36,0,0,0,0,0,0,0,1,5,0,0,0,0,0,0,3,0,0,0,0,0,18,2,0,0
590556,426,424,32,141,254,31,285,0,285,3,0,4,2,0,114,1,2,3,1,0,1,0,1,68,0,0,0,0,0,0,0,1,22,0,0,0,0,0,0,12,1,0,1,0,0,47,1,0,0
590557,270,266,19,108,145,17,162,0,162,5,0,0,0,0,78,1,0,2,0,7,0,0,0,36,0,0,0,0,0,0,0,0,3,0,0,0,0,0,0,7,0,0,5,0,0,17,1,0,0
590558,117,118,11,37,71,9,80,0,80,1,0,0,0,1,19,0,1,2,0,3,0,0,0,24,0,0,0,0,0,0,0,0,8,0,0,0,0,0,0,6,0,0,2,0,0,13,0,0,0
590559,60,56,5,21,35,4,39,0,39,0,0,0,0,0,11,0,0,0,0,0,0,0,0,6,0,0,0,0,0,0,0,0,3,0,0,0,0,0,0,0,0,0,0,0,0,19,0,0,0
590561,474,466,43,182,250,42,292,0,292,9,0,0,0,0,77,1,0,5,0,8,0,0,0,85,0,0,0,0,0,0,0,2,27,1,0,0,0,0,0,10,0,0,5,0,1,55,3,0,3
590562,144,143,14,39,91,14,105,0,105,3,0,0,0,0,26,0,0,2,0,2,0,0,0,20,0,0,0,0,1,0,0,0,11,0,0,0,0,0,0,10,0,0,2,0,0,28,0,0,0
590563,273,268,24,96,157,20,177,0,177,1,0,0,2,0,59,1,0,5,0,5,0,0,1,35,1,1,0,0,0,0,0,0,21,1,1,0,0,0,0,19,0,0,3,0,0,19,2,0,0
590564,153,153,4,25,124,4,128,0,128,0,1,0,0,0,13,0,0,4,0,1,1,0,1,42,0,0,0,0,1,0,0,0,19,0,0,0,0,0,0,8,0,1,1,0,0,34,1,0,0
590565,186,185,19,52,115,19,134,0,134,0,2,0,2,0,21,0,0,3,0,0,0,0,0,31,0,0,0,0,0,0,0,0,28,0,0,0,0,0,0,10,0,0,3,0,1,30,3,0,0
590566,39,40,3,13,23,3,26,0,26,0,0,0,0,0,4,0,0,1,0,0,0,0,0,4,0,0,0,0,0,0,0,1,4,0,0,0,0,0,0,3,0,0,0,0,0,8,1,0,0
590567,177,174,11,70,97,10,107,0,107,0,1,1,0,0,15,0,0,5,0,4,0,0,0,32,0,0,1,0,0,0,0,0,6,0,0,0,0,0,0,8,0,0,6,0,0,27,1,0,0
590568,261,259,19,88,155,18,173,0,173,2,0,2,0,0,40,2,0,3,1,4,0,0,0,42,0,0,0,0,0,0,0,0,17,0,0,0,0,0,0,16,0,0,2,0,0,37,5,0,0
590569,189,190,15,78,96,15,111,0,111,1,0,0,0,0,15,1,0,1,2,2,0,0,0,27,0,0,0,0,0,0,0,0,28,0,1,0,0,0,1,10,0,0,2,0,0,14,2,1,3
590570,216,213,10,95,114,7,121,0,121,1,0,0,0,0,15,0,0,3,0,1,0,0,1,23,0,3,0,1,0,0,0,1,35,0,0,0,1,0,0,15,0,0,2,0,1,17,1,0,0
590571,192,190,6,106,81,5,86,0,86,1,0,0,0,0,32,0,0,1,0,2,0,0,0,12,1,0,0,0,0,0,0,0,5,0,0,0,0,0,0,12,0,0,0,0,1,19,0,0,0
590572,300,298,16,117,167,16,183,0,183,2,0,0,0,0,52,0,1,2,0,2,0,0,0,52,0,0,0,1,0,0,0,0,30,0,0,0,0,0,0,7,0,0,4,0,0,26,3,0,1
590573,780,763,17,342,424,14,438,0,438,3,1,0,0,1,114,2,0,11,0,10,0,0,0,175,0,0,0,0,0,0,0,0,41,0,0,0,0,0,0,19,0,0,16,1,0,34,5,1,4
590574,675,666,15,292,371,12,383,0,383,1,1,1,0,0,74,1,0,6,0,15,1,0,1,155,0,1,0,0,0,0,0,0,41,0,0,0,0,1,0,21,0,0,24,0,0,36,3,0,0
590575,117,115,7,38,73,6,79,0,79,0,1,0,0,0,22,0,0,5,0,0,0,1,0,23,0,0,0,0,1,0,0,1,6,0,0,0,0,0,0,6,0,0,1,0,0,11,1,0,0
590576,93,94,2,21,70,2,72,0,72,0,0,2,0,0,13,0,0,3,0,4,0,0,0,27,0,0,0,0,0,0,0,0,4,0,0,0,0,0,0,5,0,0,3,0,0,7,2,1,1
590577,147,146,4,57,86,4,90,0,90,1,0,1,0,0,11,0,0,3,0,4,0,1,0,37,0,0,0,0,0,0,0,1,8,0,0,1,0,0,0,2,0,0,2,0,1,17,0,0,0
590578,207,204,7,83,119,5,124,0,124,2,0,0,0,0,31,0,0,5,0,4,0,0,1,33,0,0,0,0,1,0,0,1,7,1,0,0,0,0,0,8,0,0,2,1,1,20,3,0,3
590579,66,66,8,22,37,7,44,0,44,0,0,0,0,1,14,0,0,0,0,0,0,0,0,4,0,0,0,0,0,0,0,0,2,0,0,0,0,0,0,3,0,0,3,0,0,16,1,0,0
590581,129,32,9,102,20,7,27,0,27,0,0,0,0,0,7,0,0,1,0,1,0,0,0,5,0,0,0,0,0,0,0,0,1,0,0,0,0,0,0,3,0,0,1,0,0,8,0,0,0
590679,654,658,56,250,357,47,404,0,404,10,0,0,1,0,31,0,0,9,0,21,0,0,0,162,0,0,0,0,3,0,0,1,52,0,0,0,0,0,0,28,0,0,25,0,1,58,2,0,0
590680,372,374,29,126,220,26,246,0,246,1,0,2,0,0,31,0,0,6,0,7,0,0,1,93,0,0,0,0,2,0,0,0,30,0,1,0,0,1,0,17,0,0,19,0,1,32,2,0,0
590681,285,280,16,122,151,12,163,0,163,2,0,0,0,0,32,0,0,8,0,4,0,1,0,27,0,1,0,0,0,0,0,0,23,0,0,0,0,0,0,17,0,0,8,0,0,36,3,0,1
590682,135,134,22,53,67,15,82,0,82,1,0,0,0,0,12,0,0,6,0,3,0,0,0,12,0,0,1,0,0,0,0,0,9,0,0,0,0,0,1,10,0,0,3,0,0,24,0,0,0
590683,417,417,15,175,229,13,242,0,242,2,0,0,0,1,33,0,0,9,0,8,0,0,0,102,1,1,0,0,0,0,0,0,18,1,2,0,0,0,1,13,0,1,21,0,1,23,1,0,3
590684,99,98,3,38,58,3,61,0,61,0,0,0,0,1,2,1,0,2,0,4,0,0,0,20,0,0,0,0,0,0,0,0,12,0,0,0,0,0,0,7,0,0,1,0,0,10,1,0,0
590685,240,239,27,77,141,22,163,0,163,0,0,0,0,1,9,0,0,5,0,3,0,0,0,24,0,0,0,0,0,0,0,0,29,0,0,0,0,0,0,40,0,0,11,0,0,39,2,0,0
590686,618,613,45,260,323,35,358,0,358,1,0,0,0,0,39,0,0,7,0,7,0,0,1,134,0,0,0,0,0,0,1,1,42,0,0,0,1,0,3,40,0,0,31,0,1,45,3,0,1
590687,162,160,8,77,79,6,85,0,85,1,0,0,0,0,12,0,0,1,1,2,0,0,0,20,0,0,1,0,0,0,0,0,16,0,0,0,0,0,0,19,0,0,0,0,0,12,0,0,0
590688,570,564,36,300,239,31,270,0,270,1,0,0,0,0,35,1,0,5,0,14,1,0,0,76,1,0,0,0,1,1,0,0,37,0,1,0,0,0,0,30,0,0,16,0,0,48,2,0,0
590694,396,390,17,144,237,15,252,0,252,2,0,1,0,0,37,1,0,6,0,14,0,0,0,100,1,0,0,0,1,0,0,1,25,1,0,0,0,0,1,18,0,0,15,0,0,27,1,0,0
590695,639,638,37,231,378,30,408,0,408,4,1,0,0,1,55,1,0,12,0,15,1,0,0,171,0,1,0,0,0,0,0,0,41,1,3,0,1,0,1,27,0,0,31,1,2,33,3,0,2
590696,624,608,45,271,312,41,353,0,353,2,0,1,2,0,55,0,1,8,1,9,1,2,0,141,0,0,0,0,1,0,0,0,42,0,1,0,1,1,0,14,0,1,27,0,0,40,1,1,0
590697,999,990,28,442,533,24,557,0,557,8,0,2,0,1,63,1,0,14,0,21,0,0,0,196,0,0,1,0,3,0,0,0,49,0,0,0,0,0,0,45,1,1,43,0,0,103,3,1,1
590698,912,895,80,455,393,64,457,0,457,3,0,0,3,0,49,0,0,12,1,17,0,1,0,162,0,0,0,1,1,0,0,1,51,0,0,1,1,0,0,40,0,1,30,0,0,79,3,0,0
590699,468,464,22,203,244,21,265,0,265,2,0,0,0,0,33,0,0,7,0,13,0,0,0,94,0,0,0,0,0,0,1,2,26,0,0,0,0,0,1,35,0,0,18,0,0,29,2,0,2
590704,1374,1340,62,627,690,57,747,0,747,6,1,0,0,3,152,1,0,22,0,28,0,1,1,239,0,0,0,0,1,0,0,1,57,1,1,2,0,0,2,72,1,0,30,0,1,111,8,1,4
590705,1122,1109,22,453,655,14,669,0,669,5,0,0,1,0,117,0,0,23,0,47,1,1,0,179,1,0,0,0,1,2,0,0,62,0,1,0,0,0,0,73,0,2,42,0,0,102,5,2,2
590706,1344,1318,22,582,747,15,762,0,762,12,0,3,0,1,141,1,0,26,0,50,0,0,0,251,2,0,0,0,0,0,0,2,52,0,0,0,1,0,0,53,0,2,34,0,3,119,4,0,5
590707,1185,1167,22,606,562,17,579,0,579,7,0,1,2,0,126,2,0,18,0,31,0,0,0,205,0,1,1,0,0,0,0,2,38,0,0,0,0,0,0,45,0,0,22,1,2,71,2,1,1
590708,468,459,45,175,254,39,293,0,293,6,0,1,0,1,42,1,0,11,1,17,0,0,0,83,0,0,0,0,0,0,1,1,47,0,0,0,0,0,0,27,0,0,8,0,1,39,6,0,0
590709,228,232,30,88,112,28,140,0,140,0,1,0,0,0,20,0,0,3,1,6,0,0,1,44,1,0,0,0,1,0,0,0,12,0,0,0,0,0,0,18,0,0,8,0,0,20,2,0,2
590710,342,340,26,144,176,22,198,0,198,3,0,2,0,0,52,0,0,0,0,8,0,0,0,44,0,0,0,0,1,0,0,0,37,0,0,0,0,0,0,11,0,0,4,0,1,33,2,0,0
590711,648,638,50,263,344,41,385,0,385,10,0,0,0,0,63,3,0,2,0,7,0,0,0,138,0,0,0,0,0,0,0,0,63,2,0,0,0,0,0,18,0,0,14,0,1,63,1,0,0
590712,282,288,35,127,130,25,155,0,155,2,0,0,0,1,41,0,0,1,0,7,0,0,1,42,0,0,0,0,0,0,0,0,14,0,0,0,0,0,0,17,0,0,3,0,1,25,0,0,0
590713,807,797,84,349,391,67,458,0,458,11,0,0,0,0,59,0,0,9,0,30,0,0,0,131,0,1,0,0,2,0,0,2,51,1,2,0,0,0,0,28,0,0,30,0,0,93,6,1,1
590714,414,409,38,157,228,29,257,0,257,4,0,0,0,1,51,1,0,9,0,10,0,0,0,54,0,0,0,0,1,1,0,2,46,1,1,0,0,0,2,35,0,1,18,0,0,18,0,0,1
590715,288,286,33,84,174,30,204,0,204,0,0,1,1,1,18,0,0,5,0,5,0,0,0,43,0,2,2,0,1,0,0,0,43,1,1,0,0,0,0,41,0,0,9,0,0,26,3,0,1
590716,588,581,42,238,320,30,350,0,350,2,0,0,1,2,98,0,0,14,0,7,0,1,0,134,0,0,1,0,1,0,1,0,16,0,0,0,0,0,0,20,0,0,11,0,0,36,2,0,3
590717,951,938,72,372,524,55,579,0,579,5,0,0,0,1,194,2,0,21,0,12,0,0,1,194,0,0,0,0,0,0,0,0,32,0,0,0,0,0,0,33,0,0,23,0,2,53,4,1,1
590718,225,226,20,66,145,14,159,0,159,3,0,0,0,0,59,0,0,3,0,3,0,0,0,49,0,0,0,0,0,0,0,1,7,0,0,0,0,0,0,13,0,0,3,0,0,17,0,1,0
590719,693,688,60,297,345,51,396,0,396,2,0,0,0,0,149,1,0,2,0,11,0,0,1,146,0,0,0,0,1,0,0,1,13,1,0,0,0,0,0,13,0,0,9,0,1,35,7,2,1
590720,1125,1117,55,496,585,44,629,0,629,8,0,0,0,3,194,0,0,14,0,12,1,0,1,240,0,3,0,0,1,0,1,0,34,1,1,0,0,0,1,26,0,0,20,0,3,60,3,0,2
590721,1125,1103,54,423,659,43,702,0,702,4,0,1,0,2,100,0,0,13,0,36,0,2,0,241,0,0,0,1,3,0,0,0,59,1,8,0,0,0,0,61,0,1,48,0,2,116,0,0,3
590722,1390,1357,30,459,907,24,931,0,931,14,1,2,3,1,145,0,0,26,0,42,0,1,0,305,0,0,0,0,6,0,0,1,56,2,2,0,0,1,0,87,0,2,57,0,2,164,6,0,5
590723,1305,1280,63,570,696,39,735,0,735,7,0,1,3,1,94,1,0,20,0,29,0,0,0,279,1,0,0,0,2,0,0,0,75,0,7,0,0,1,1,67,0,0,38,0,0,93,8,1,6
590724,216,220,13,84,120,12,132,0,132,2,0,0,0,0,18,1,0,3,0,2,0,0,1,38,0,0,0,0,0,0,0,0,10,0,1,0,1,0,0,18,0,0,8,0,0,27,2,0,0
590725,204,199,4,92,108,4,112,0,112,2,0,0,0,0,17,1,0,3,0,4,0,0,0,41,0,1,0,0,0,0,0,0,8,0,0,0,0,0,0,8,0,0,4,0,0,19,2,0,2
590726,279,277,16,90,177,12,189,0,189,1,3,0,0,0,30,0,0,5,0,7,0,0,0,63,0,0,0,0,2,0,0,0,27,2,2,0,0,0,0,18,0,0,4,0,0,22,1,0,2
590727,159,156,8,52,100,7,107,0,107,0,0,0,0,0,26,0,0,2,0,3,0,0,0,31,0,0,0,0,0,0,0,0,13,0,1,0,0,0,0,10,0,0,0,0,0,20,1,0,0
590728,186,188,11,63,112,11,123,0,123,0,0,0,0,0,21,0,0,2,0,10,0,0,0,39,0,0,0,0,0,0,0,0,23,0,0,0,0,0,0,5,0,0,0,0,0,20,2,0,1
590729,183,184,21,70,96,17,113,0,113,0,0,0,0,1,26,0,0,3,0,5,0,0,0,37,0,0,0,0,0,0,0,0,10,0,0,0,0,0,0,11,0,0,1,0,0,15,3,0,1
590730,462,451,47,219,208,35,243,0,243,0,0,0,1,0,53,0,0,8,0,12,0,0,1,62,0,0,0,0,0,0,0,0,49,0,0,0,1,0,0,17,0,1,6,0,0,27,4,0,1
590731,414,405,51,155,208,51,259,0,259,0,0,0,0,0,81,1,0,5,0,4,0,0,1,86,0,0,0,0,0,0,0,0,29,1,1,0,0,0,0,10,0,0,6,0,0,32,1,0,1
590732,564,560,58,279,235,50,285,0,285,2,0,0,0,1,52,0,0,4,0,19,0,1,0,92,0,0,0,0,0,0,0,1,44,0,0,0,0,0,0,24,0,0,8,1,0,31,4,1,0
590733,132,22,5,113,16,3,19,0,19,0,0,0,0,0,1,0,1,1,0,0,0,0,0,4,0,0,0,0,0,0,0,0,2,0,0,0,0,0,0,3,0,0,0,0,0,7,0,0,0
590734,1866,1827,11,697,1163,6,1169,0,1169,14,1,0,3,3,207,0,0,49,0,49,0,1,0,394,4,2,2,0,2,3,1,0,74,2,1,0,0,0,2,81,0,2,110,0,0,155,3,0,4
590735,1893,1856,20,623,1255,15,1270,0,1270,6,3,0,2,1,196,0,1,56,1,60,1,0,0,401,1,0,0,0,7,5,1,2,80,0,5,0,1,0,0,96,0,1,128,0,1,199,6,0,9
590736,1371,1355,15,544,813,14,827,0,827,7,1,1,1,0,155,0,0,29,0,32,0,0,0,255,0,2,1,0,0,1,0,1,54,1,1,0,1,0,0,55,0,0,76,0,1,144,6,0,2
590737,2004,1978,29,663,1317,24,1341,0,1341,19,0,0,4,3,230,0,1,51,0,58,0,0,2,416,3,1,0,0,11,4,0,0,64,1,2,0,0,0,1,107,0,1,142,0,1,204,2,1,12
590738,1461,1436,14,558,890,13,903,0,903,9,0,1,1,0,183,0,0,24,0,37,0,3,0,293,1,0,0,0,6,4,0,0,50,0,1,1,0,0,1,69,0,1,78,0,2,125,3,0,10
590739,1113,1101,8,438,668,7,675,0,675,5,0,1,0,2,89,0,0,26,0,25,0,0,0,279,2,0,1,0,2,0,0,1,36,0,0,0,0,0,1,61,0,0,58,0,0,83,0,1,2
590740,1263,1254,35,402,833,28,861,0,861,11,0,0,2,1,160,0,0,49,0,40,0,1,0,259,3,0,1,0,4,3,0,0,44,0,0,0,1,1,0,73,0,0,87,0,0,117,2,1,1
590741,1248,1207,9,495,747,6,753,0,753,7,2,1,0,0,138,2,0,25,0,16,0,1,0,243,3,1,1,0,4,3,0,0,38,1,0,0,1,0,0,69,1,1,83,0,0,107,1,0,4
590742,1236,1219,21,454,763,19,782,0,782,6,0,2,1,0,189,1,0,26,0,27,0,0,0,238,2,0,0,1,6,1,0,0,47,0,0,0,0,0,0,80,0,0,53,2,1,86,5,2,6
590743,1683,1657,25,588,1078,17,1095,0,1095,11,3,1,1,0,217,1,0,30,0,46,0,2,0,373,3,0,0,0,12,0,0,1,87,0,2,0,0,0,0,75,0,0,67,0,1,145,10,2,5
590744,189,189,8,47,134,8,142,0,142,9,0,0,0,0,20,0,0,4,0,2,0,0,0,27,0,1,0,0,0,0,0,0,27,0,0,0,0,0,0,6,0,0,3,0,0,41,1,1,0
590745,1359,1338,26,509,831,19,850,0,850,7,1,0,3,0,150,2,0,23,0,36,0,1,0,248,0,0,0,0,9,2,1,0,51,0,0,0,2,0,0,57,1,2,95,0,1,148,7,0,3
590746,1887,1850,19,766,1103,18,1121,0,1121,13,0,1,1,2,190,0,0,33,0,40,0,1,0,372,3,0,1,0,9,3,0,0,101,0,1,0,1,0,0,78,0,0,77,0,1,181,7,1,4
590747,1464,1444,23,519,928,17,945,0,945,12,1,2,1,0,217,2,0,21,0,16,0,1,0,299,1,0,0,1,6,2,0,2,104,0,1,0,0,0,0,50,0,0,60,0,0,134,4,3,5
590748,1386,1359,17,514,857,15,872,0,872,16,1,0,5,1,161,2,0,27,0,55,0,2,0,246,1,0,0,0,1,3,0,0,39,0,1,1,0,0,1,83,1,0,103,5,1,110,4,0,2
590749,1695,1659,39,608,1048,39,1087,0,1087,15,0,1,2,1,183,2,0,41,0,32,0,1,0,391,4,0,0,0,5,3,0,1,69,5,1,0,0,0,0,66,0,3,90,1,1,154,7,1,7
590750,306,33,12,273,21,12,33,0,33,0,0,0,1,0,2,0,0,1,0,2,0,0,0,12,1,0,0,0,0,0,0,0,6,0,0,0,0,0,0,2,0,0,2,0,0,3,1,0,0
590751,210,114,0,98,112,0,112,0,112,8,0,0,0,0,70,0,0,3,0,1,0,0,0,12,0,0,0,0,0,1,0,0,4,0,0,0,0,0,0,4,0,0,2,0,0,7,0,0,0,01,04,2019,00,17
