590060,2331,2299,43,986,1317,28,1345,0,1345,15,1,0,1,0,134,1,0,5,0,69,0,0,0,374,1,4,0,0,5,0,0,2,106,2,9,1,0,0,1,134,0,3,166,0,0,298,10,0,3
590061,2283,2252,46,846,1401,36,1437,0,1437,15,2,0,0,1,123,0,0,23,0,75,0,1,0,342,0,3,1,0,8,0,0,1,121,1,6,0,0,0,0,187,0,2,175,0,1,330,10,0,8
590062,2214,2177,50,948,1230,36,1266,0,1266,10,0,0,0,0,96,1,1,16,0,44,0,2,1,395,0,2,1,0,5,0,0,1,147,0,5,0,0,0,1,132,0,4,82,0,1,297,11,2,9
590063,1836,1811,26,753,1067,16,1083,0,1083,9,0,1,2,1,101,0,0,16,0,56,0,1,0,257,1,2,1,0,6,1,0,0,80,0,7,0,0,0,1,155,0,2,126,0,0,242,11,1,3
590064,375,376,45,91,242,42,284,0,284,1,0,0,1,0,11,0,0,1,1,13,0,0,0,68,1,4,0,0,2,0,0,0,40,0,0,0,1,0,0,32,0,0,12,0,1,90,2,0,3
590065,60,61,9,14,38,8,46,0,46,0,0,0,0,0,2,0,0,1,0,2,0,0,0,6,0,0,0,0,0,0,0,0,3,0,0,0,0,0,0,9,0,0,6,0,0,17,0,0,0
590066,147,142,14,54,80,13,93,0,93,0,0,0,0,0,9,0,0,0,1,10,0,0,0,22,0,0,0,0,1,0,0,0,18,0,0,0,0,0,0,11,0,0,3,0,0,17,0,0,1
590067,126,129,35,38,60,28,88,0,88,0,0,0,0,0,2,0,0,0,0,8,0,0,0,13,0,1,0,0,0,0,0,2,14,0,0,0,0,1,0,10,0,0,2,0,0,33,2,0,0
590068,357,357,43,108,211,38,249,0,249,2,0,0,0,0,24,1,0,4,0,4,0,0,0,42,0,3,0,0,0,0,0,2,47,0,0,0,0,0,1,19,0,0,9,0,1,82,7,0,1
590069,615,604,109,221,298,96,394,0,394,1,1,2,2,0,21,0,0,3,0,25,0,0,0,73,0,2,0,0,0,0,0,0,82,0,0,0,0,0,0,48,0,2,9,0,0,114,7,0,2
590070,435,430,19,188,228,19,247,0,247,1,0,0,0,1,26,1,0,7,0,5,0,0,0,36,0,0,0,0,1,0,1,2,78,1,0,0,0,0,1,25,0,0,5,1,0,53,2,0,0
590072,432,423,58,142,236,54,290,0,290,2,0,0,0,0,24,0,0,3,0,14,0,0,0,61,0,0,0,0,0,0,0,0,53,0,0,0,0,0,1,32,0,0,14,0,0,78,2,0,6
590073,108,110,27,34,51,23,74,0,74,0,0,0,0,1,7,0,0,0,1,4,0,0,0,21,0,1,0,0,0,0,0,1,6,0,0,0,0,0,0,7,0,0,3,0,1,19,0,0,2
590074,464,458,45,142,283,39,322,0,322,3,1,0,0,0,9,0,1,2,0,8,0,0,0,77,1,0,0,0,1,0,0,0,77,0,1,0,0,0,1,33,0,0,14,0,1,84,6,2,0
590075,531,524,79,179,276,76,352,0,352,3,0,0,1,0,14,0,0,10,0,11,0,1,0,123,0,1,0,0,3,0,0,0,65,0,0,0,0,0,1,37,0,1,20,0,0,55,4,0,2
590076,339,338,9,47,283,9,292,0,292,5,0,0,0,0,22,0,0,10,0,11,0,0,0,76,0,0,0,0,0,0,0,0,88,0,0,0,0,0,0,27,0,0,12,2,0,37,2,0,0
590077,186,184,0,37,149,0,149,0,149,7,0,0,0,0,15,0,0,2,0,5,0,0,0,28,0,0,0,0,0,0,0,0,39,0,0,0,0,0,0,23,0,1,0,0,0,26,2,0,1
590078,465,462,73,159,243,63,306,0,306,1,0,1,0,0,26,0,0,2,0,13,0,0,0,46,2,1,0,0,1,0,0,0,77,0,0,0,0,0,0,42,0,0,14,0,0,79,1,0,0
590079,294,294,49,105,151,38,189,0,189,3,0,0,0,0,16,0,0,4,0,2,0,0,0,47,0,1,0,0,0,0,0,0,38,0,0,0,0,0,0,34,0,0,9,0,0,31,3,0,1
590080,267,266,38,75,154,38,192,0,192,5,0,0,0,0,10,0,0,1,0,4,0,0,0,48,0,0,0,0,0,0,0,0,42,0,0,0,0,0,0,14,0,2,6,0,0,56,4,0,0
590081,627,622,71,244,319,64,383,0,383,2,0,0,0,0,12,0,0,4,0,19,0,0,0,118,0,0,0,0,1,0,0,0,57,0,1,0,0,0,0,52,0,0,23,1,0,84,2,1,6
590082,951,942,87,329,549,73,622,0,622,3,0,1,0,0,61,0,0,7,0,18,0,0,1,141,0,1,3,0,1,0,0,2,115,0,1,0,0,0,2,57,0,0,5,0,1,188,8,1,5
590083,834,821,63,308,464,62,526,0,526,5,1,0,0,1,47,0,0,14,0,16,0,0,1,107,0,0,0,0,2,0,0,0,64,0,0,0,0,0,0,43,0,0,36,0,0,177,11,1,0
590084,357,356,46,94,221,42,263,0,263,2,0,1,1,0,26,0,0,4,0,8,0,0,0,45,1,0,0,0,0,0,0,0,33,1,0,0,0,0,0,61,0,0,3,0,0,76,0,0,1
590085,504,494,70,151,297,56,353,0,353,4,0,0,0,0,22,0,1,1,0,4,0,0,1,84,2,0,0,0,1,0,0,0,68,0,0,0,0,0,2,34,0,2,7,0,0,119,1,0,0
590086,465,459,29,163,275,27,302,0,302,1,0,0,0,0,21,1,0,0,4,7,0,0,0,47,0,1,0,0,0,0,0,0,38,0,0,0,0,0,0,20,0,0,2,0,0,150,7,1,2
590087,1164,1151,88,425,662,77,739,0,739,6,2,0,0,2,62,0,0,10,0,31,0,0,0,159,1,1,0,0,0,0,0,0,110,0,2,0,0,0,2,81,0,0,45,0,0,216,5,0,4
590088,417,412,46,128,253,36,289,0,289,2,1,0,0,0,22,0,1,5,0,24,0,0,0,54,0,2,0,0,2,0,0,0,53,1,1,0,0,0,0,42,0,0,16,0,0,53,7,1,2
590089,81,80,11,19,53,9,62,0,62,0,0,0,0,0,0,0,0,0,0,3,0,0,0,6,0,2,0,0,0,0,0,1,12,1,5,0,0,0,0,18,0,0,2,0,0,10,2,0,0
590090,96,93,12,30,58,8,66,0,66,0,0,0,0,0,2,0,0,0,0,2,0,0,0,12,0,0,0,1,1,0,0,0,13,0,0,0,0,0,0,13,0,0,2,0,0,19,0,0,1
590091,1119,1104,71,483,579,57,636,0,636,6,0,0,0,0,61,0,0,7,0,24,0,0,0,177,0,0,1,0,1,0,0,0,83,0,1,0,0,0,1,54,0,0,24,1,0,186,5,0,4
590092,156,156,13,51,92,13,105,0,105,0,0,0,0,0,10,0,0,4,0,4,0,0,0,22,0,0,0,0,0,0,0,0,18,0,0,0,0,0,1,9,0,0,8,0,0,26,2,0,1
590093,468,460,48,177,250,41,291,0,291,2,0,0,0,0,18,1,0,7,0,10,0,0,0,76,0,3,0,0,4,0,0,1,57,0,1,0,0,0,1,37,0,0,21,0,0,50,2,0,0
590094,1053,1038,54,282,724,47,771,0,771,5,1,0,0,1,78,0,1,8,5,35,1,2,0,148,2,2,1,0,4,1,0,2,91,2,1,0,0,0,0,93,1,1,31,1,0,237,11,0,5
590095,144,21,0,128,16,0,16,0,16,0,0,0,0,0,0,0,0,0,0,0,0,0,0,5,0,0,0,0,0,0,0,0,2,0,0,0,0,0,0,4,0,0,0,0,0,4,1,0,0
590172,1209,1201,62,522,630,57,687,0,687,2,0,2,0,1,40,1,0,4,0,52,0,1,0,216,1,2,1,0,1,2,0,0,82,0,2,0,0,0,1,49,1,0,20,0,0,197,4,0,5
590173,882,869,49,343,495,44,539,0,539,12,1,0,0,1,21,1,0,15,0,40,0,12,0,167,1,3,0,0,0,3,0,1,49,0,0,0,0,0,0,48,0,0,25,0,3,131,3,1,1
590174,591,585,63,214,321,56,377,0,377,6,2,0,0,0,36,0,0,3,0,16,0,0,0,82,0,0,1,0,3,1,0,0,39,0,0,0,0,0,0,58,0,1,11,1,1,110,4,0,2
590175,120,119,6,40,74,6,80,0,80,0,0,0,0,0,6,0,0,0,0,4,0,0,0,16,1,0,1,0,1,1,0,0,18,0,0,0,0,0,0,2,0,0,3,0,0,26,0,1,0
590178,762,755,35,356,375,31,406,0,406,1,0,2,0,0,43,0,0,6,0,19,0,0,0,113,0,0,0,0,3,1,0,3,80,0,2,0,0,0,1,25,0,2,15,0,0,79,5,0,6
590184,570,559,52,228,294,48,342,0,342,1,0,0,1,0,20,2,0,10,1,18,0,0,0,71,1,0,0,0,0,2,1,2,94,1,0,0,1,0,0,38,0,0,22,1,2,45,4,1,3
590187,453,447,39,139,275,39,314,0,314,3,1,1,0,0,10,0,0,2,0,8,0,3,0,66,0,1,0,0,3,1,1,2,62,1,0,0,0,0,0,28,0,0,7,0,0,107,2,2,3
590189,288,284,26,108,160,20,180,0,180,1,0,1,0,0,11,0,0,1,0,8,0,0,0,51,0,0,0,0,2,1,0,0,39,1,0,0,0,0,0,21,0,0,4,0,0,38,0,0,1
590193,417,414,72,113,242,62,304,0,304,2,0,0,0,0,20,0,0,5,1,20,0,0,0,56,0,1,0,0,2,3,0,0,65,1,1,0,1,0,0,29,0,0,20,0,2,71,4,0,0
590194,219,215,33,71,115,33,148,0,148,0,0,0,0,0,4,0,0,4,0,9,0,0,0,41,0,0,1,1,2,0,0,0,16,0,0,0,1,0,0,16,0,0,1,0,2,48,2,0,0
590195,195,191,24,39,132,24,156,0,156,1,0,0,0,0,20,0,0,1,0,10,0,0,0,31,0,1,0,0,0,0,0,1,13,0,1,0,0,0,0,26,0,0,4,0,0,43,2,0,2
590199,375,368,50,141,195,39,234,0,234,2,0,0,1,0,11,0,0,3,1,5,0,1,0,66,0,0,0,0,3,0,0,0,36,0,1,0,1,1,1,18,0,0,10,0,0,69,3,0,1
590201,168,171,29,74,77,17,94,0,94,2,0,0,0,0,7,0,0,3,1,4,0,0,0,18,1,0,0,0,0,2,0,0,31,0,0,0,0,1,0,8,0,0,4,0,0,11,0,0,1
590202,378,373,46,108,225,45,270,0,270,2,0,3,0,0,18,0,0,7,0,16,0,0,0,48,0,3,0,0,1,0,0,1,63,0,0,0,0,0,1,32,1,0,8,0,0,63,2,0,1
590203,960,950,23,442,498,20,518,0,518,5,0,0,1,4,47,0,0,7,0,30,0,3,0,160,3,0,0,0,4,1,0,1,41,0,1,0,0,0,0,48,0,2,63,0,0,93,3,0,1
590204,849,829,13,365,471,13,484,0,484,11,0,2,0,0,44,0,0,7,0,43,0,0,0,127,0,0,0,0,7,0,0,1,35,0,0,0,0,0,0,45,0,0,53,0,1,102,4,0,2
590205,1065,1047,19,504,546,15,561,0,561,5,0,0,3,0,49,3,0,4,1,42,0,0,1,182,0,0,0,0,9,2,1,0,34,0,0,0,0,0,0,37,0,0,46,0,2,133,5,1,1
590206,333,328,10,108,215,10,225,0,225,0,0,0,0,1,10,0,0,4,0,20,0,0,0,67,0,0,1,0,2,0,0,0,30,1,0,0,0,0,1,23,0,0,16,0,0,48,0,0,1
590209,570,560,71,210,291,69,360,0,360,4,0,1,1,1,11,1,0,3,0,22,0,0,0,65,1,1,0,0,4,0,0,1,88,0,1,0,1,0,0,51,1,1,6,0,0,86,6,0,3
590211,801,794,42,382,386,33,419,0,419,5,1,2,0,2,32,0,0,9,0,31,0,0,0,88,1,1,0,0,3,1,0,1,74,0,2,0,0,0,0,24,0,0,18,0,0,115,6,1,2
590212,387,382,42,126,225,36,261,0,261,1,0,0,0,0,12,0,1,1,0,23,0,0,0,64,0,0,0,0,1,3,1,0,46,0,0,0,0,0,0,36,0,1,19,0,0,45,2,0,5
590214,1062,1038,49,464,549,49,598,0,598,6,1,4,1,0,48,0,0,10,1,55,0,2,0,153,1,3,0,0,15,0,0,1,48,0,3,0,0,0,1,54,0,1,72,0,1,110,5,0,2
590215,411,411,28,177,213,21,234,0,234,0,0,0,0,0,20,0,0,6,0,14,0,0,0,59,1,1,0,0,0,1,0,2,44,0,1,0,0,0,0,24,0,1,19,0,0,36,1,1,3
590216,354,349,26,130,199,25,224,0,224,1,0,0,0,0,9,0,0,6,0,14,0,0,0,61,0,0,0,0,1,1,1,0,38,0,1,0,0,0,1,38,0,0,4,0,0,45,1,0,2
590217,153,152,21,51,84,18,102,0,102,0,0,2,0,0,10,0,0,2,2,5,0,1,0,14,0,0,0,0,0,1,0,0,27,0,0,0,1,1,0,20,0,0,0,1,0,14,0,0,1
590218,525,519,47,168,313,44,357,0,357,2,4,2,0,0,7,0,0,5,0,13,0,1,1,84,0,1,0,0,0,1,0,0,85,0,3,0,0,0,0,52,0,0,5,0,0,85,5,0,1
590329,594,584,65,180,352,62,414,0,414,2,0,1,0,0,15,0,0,8,0,35,0,0,0,92,0,0,0,0,3,4,0,0,81,0,0,1,1,0,1,47,1,1,17,1,0,96,7,0,0
590330,552,549,40,99,414,39,453,0,453,6,0,2,0,1,26,0,0,7,0,11,0,1,0,87,0,0,0,0,1,2,0,0,175,0,0,1,0,0,0,91,0,0,1,1,0,38,2,0,0
590331,573,565,48,183,344,46,390,0,390,2,0,4,0,0,15,0,0,4,0,20,0,0,0,114,0,1,0,0,1,1,0,0,70,0,0,0,0,0,0,50,0,0,15,1,1,85,1,0,5
590332,642,633,88,258,301,83,384,0,384,2,0,0,2,1,13,1,1,5,0,25,0,0,0,111,2,2,0,0,2,0,0,1,80,0,0,0,0,0,0,36,0,0,6,0,0,84,7,0,3
590333,576,572,62,188,334,54,388,0,388,2,0,0,0,0,26,0,0,6,0,17,0,0,0,113,1,1,0,0,0,0,0,1,69,2,1,0,0,0,0,26,0,0,7,0,1,110,2,0,3
590334,291,284,28,65,201,25,226,0,226,4,0,0,0,0,7,0,1,2,0,12,1,0,0,34,0,2,0,0,0,0,0,2,41,0,1,0,0,0,0,42,2,0,4,0,0,70,1,0,0
590335,516,507,74,144,301,71,372,0,372,2,0,1,1,1,26,0,0,5,0,17,0,0,0,81,0,2,0,0,2,0,0,0,100,0,0,0,0,0,0,58,0,0,12,0,0,54,6,1,3
590336,132,131,18,16,98,18,116,0,116,1,0,0,0,0,7,0,0,0,0,3,0,0,0,32,0,0,0,0,0,0,0,0,49,0,0,0,0,0,0,8,0,0,0,0,0,14,1,0,1
590337,1128,1069,44,375,718,35,753,0,753,8,1,2,0,1,39,0,1,17,0,43,0,1,0,284,1,5,0,1,7,1,0,1,88,1,0,0,0,0,0,60,1,2,50,0,1,123,6,0,8
590338,1392,1367,52,513,829,50,879,0,879,55,2,0,0,0,41,0,0,5,0,66,0,1,1,269,2,2,1,0,14,2,0,1,131,0,1,0,0,0,0,75,0,1,54,0,1,143,7,0,4
590339,1563,1533,53,565,954,44,998,0,998,8,1,2,2,0,52,0,0,18,0,70,0,1,0,332,0,2,0,0,24,1,0,2,83,2,3,0,0,0,1,86,0,2,91,0,0,200,9,0,4
590340,225,221,11,59,156,10,166,0,166,0,0,4,0,0,4,1,0,2,0,9,0,1,0,59,0,0,0,0,0,1,0,1,35,0,0,0,0,0,0,11,0,0,4,0,0,33,1,0,0
590341,534,526,74,133,341,60,401,0,401,0,1,0,1,2,12,0,0,4,0,27,0,0,0,123,0,2,0,0,4,2,0,0,89,2,0,0,0,0,0,53,0,0,19,0,0,54,5,0,1
590342,753,742,71,269,419,65,484,0,484,8,0,4,0,0,28,1,0,2,0,19,0,0,0,62,0,2,0,0,4,0,0,0,120,0,0,0,0,0,0,47,0,0,31,0,0,140,11,0,5
590343,489,486,51,120,320,49,369,0,369,4,0,1,0,0,5,0,0,1,0,31,0,0,0,100,0,3,0,0,2,0,0,0,54,1,0,0,0,0,0,31,1,1,24,0,0,101,7,0,2
590344,162,159,14,36,114,12,126,0,126,1,0,1,0,0,5,0,0,1,0,8,0,0,0,36,0,0,0,0,2,2,0,0,41,0,0,0,0,0,0,7,0,0,0,0,0,22,0,0,0
590345,435,429,62,154,228,53,281,0,281,1,1,0,0,0,27,0,0,5,0,11,0,0,0,79,0,2,0,0,8,0,0,1,57,0,0,0,0,0,0,29,0,0,11,0,0,45,2,1,1
590346,507,505,45,152,316,39,355,0,355,9,1,3,1,0,44,0,0,5,0,22,0,0,0,98,1,1,0,0,0,0,0,0,70,0,0,0,1,0,0,22,0,0,9,0,0,63,1,0,4
590347,687,671,77,235,383,69,452,0,452,3,0,7,0,0,23,0,0,6,0,25,0,0,0,144,0,1,0,0,5,2,2,0,98,1,1,0,0,0,1,36,0,0,22,0,0,72,3,0,0
590348,651,635,67,181,408,62,470,0,470,3,1,3,0,1,28,2,1,7,0,26,0,0,0,129,0,1,0,1,3,0,0,1,142,0,0,0,0,0,1,38,0,1,20,0,0,60,0,0,1
590349,573,573,71,146,357,70,427,0,427,1,0,1,0,0,21,0,0,2,0,13,0,0,0,104,0,5,0,0,1,0,0,2,94,0,1,0,0,0,0,36,0,0,13,0,1,124,7,0,1
590350,927,922,157,292,486,149,635,0,635,4,0,2,1,0,53,0,0,7,0,27,0,0,0,172,2,2,1,0,6,0,0,1,106,1,2,0,0,0,0,64,0,1,36,0,0,142,2,1,2
590351,342,340,61,85,198,59,257,0,257,4,0,3,1,0,6,0,0,4,0,3,0,1,0,55,0,0,0,0,0,0,0,0,85,0,2,0,0,0,0,30,0,0,8,0,0,48,5,0,2
590352,474,468,79,131,268,75,343,0,343,3,0,0,0,0,16,0,0,6,1,6,0,0,0,70,0,1,0,0,3,1,0,0,114,0,1,0,0,0,0,28,0,0,10,0,0,82,1,0,0
590353,141,36,4,105,32,4,36,0,36,0,0,0,0,0,2,0,0,0,0,3,0,0,0,6,0,1,0,0,0,1,0,0,6,0,0,0,0,0,0,9,0,0,1,1,0,5,1,0,0
590354,1095,1084,57,342,700,53,753,0,753,2,0,0,0,0,46,2,3,14,1,43,0,3,0,218,0,3,0,0,8,2,0,0,62,0,1,0,0,1,3,105,0,1,69,0,0,156,4,0,6
590355,1242,1230,52,387,814,41,855,0,855,4,0,0,1,0,46,2,2,14,0,43,1,2,0,272,0,5,0,0,7,0,0,0,102,0,8,0,0,0,0,109,0,2,63,2,1,155,9,2,3
590356,885,873,47,304,540,41,581,0,581,5,0,1,1,0,20,0,2,14,1,59,0,0,0,168,0,1,1,0,6,3,0,0,58,0,2,0,0,0,0,72,0,2,49,0,0,109,4,0,3
590357,714,706,39,203,472,39,511,0,511,6,1,0,1,0,24,0,0,9,0,34,0,4,0,162,0,1,0,0,5,2,0,0,46,0,2,0,0,0,0,76,0,0,29,0,1,102,2,0,4
590358,612,603,27,171,417,24,441,0,441,9,0,0,0,0,22,1,2,7,0,33,0,0,0,136,1,1,0,0,8,1,0,1,49,1,0,0,0,0,0,45,0,0,32,0,0,80,4,0,8
590359,408,402,28,110,270,28,298,0,298,0,0,0,0,0,15,0,0,4,0,11,0,0,0,91,0,2,0,0,0,1,0,1,47,0,1,0,0,0,1,34,1,0,6,0,2,69,4,3,5
590360,654,646,88,209,366,79,445,0,445,4,0,0,0,1,31,0,0,4,0,32,1,0,0,151,2,1,0,0,0,1,0,1,66,0,0,0,0,0,0,44,0,0,33,0,0,68,5,0,0
590361,471,467,69,160,249,62,311,0,311,2,0,1,0,1,19,1,0,6,0,5,0,0,0,83,0,0,0,0,3,1,0,2,54,0,0,0,1,0,0,33,0,1,20,0,0,70,2,0,6
590362,720,710,96,250,380,90,470,0,470,4,0,1,0,0,24,1,0,0,0,12,0,0,0,151,1,3,0,0,2,2,0,1,56,1,0,0,0,0,0,64,0,0,26,0,0,110,3,1,7
590363,741,727,70,254,429,58,487,0,487,4,0,1,0,0,28,1,0,1,0,32,0,0,0,142,0,3,0,0,3,1,0,0,80,1,1,0,0,0,0,43,0,1,38,0,1,98,3,0,5
590364,441,433,67,121,262,58,320,0,320,2,0,0,0,0,26,1,0,1,1,29,0,1,0,62,1,3,0,0,2,1,0,0,55,0,1,0,1,0,1,53,0,1,23,0,0,48,5,0,2
590365,1014,1003,136,337,553,124,677,0,677,5,0,1,0,2,28,1,0,6,0,49,0,0,0,196,2,2,0,0,12,1,0,2,71,0,3,0,0,0,0,64,0,0,48,0,0,158,9,1,16
590366,834,819,108,273,460,101,561,0,561,2,0,0,0,1,34,1,0,7,0,22,0,0,0,145,0,1,0,0,9,2,2,1,92,0,1,0,0,0,0,54,0,1,47,0,0,123,13,0,3
590367,240,231,30,79,137,24,161,0,161,1,0,0,0,0,14,0,0,3,0,9,0,0,0,29,0,0,0,0,2,0,0,0,47,1,0,1,0,0,0,27,0,0,1,0,0,26,0,0,0
590368,390,389,44,105,246,39,285,0,285,2,0,1,0,0,8,0,0,5,0,26,1,0,0,64,0,5,1,0,1,1,0,2,48,0,1,0,0,0,0,33,0,0,25,0,0,57,1,1,2
590369,699,695,59,192,453,54,507,0,507,3,1,0,0,0,35,0,0,7,0,34,0,1,0,163,0,3,0,0,6,0,0,1,64,0,0,0,0,0,0,49,0,1,26,1,1,102,4,1,4
590370,177,175,19,53,109,15,124,0,124,0,0,0,0,0,1,0,2,2,0,5,0,0,0,27,0,0,0,0,4,0,0,0,30,0,3,0,0,0,0,16,1,1,6,0,0,23,3,0,0
590371,213,209,24,54,137,22,159,0,159,1,0,0,0,0,9,0,0,2,0,6,0,0,0,25,0,0,0,0,0,0,0,0,25,0,0,0,0,0,0,18,0,0,14,0,0,59,0,0,0
590372,387,387,87,77,230,80,310,0,310,3,0,0,2,0,33,0,0,6,0,19,0,0,0,44,0,0,0,0,1,0,0,0,71,0,0,0,0,0,1,58,0,1,4,0,0,63,3,0,1
590373,372,366,46,112,216,44,260,0,260,0,0,0,1,0,2,1,0,3,0,9,0,0,0,60,0,1,0,0,2,1,0,1,43,0,0,0,0,0,3,45,0,0,9,0,0,73,3,0,3
590374,261,262,27,59,176,26,202,0,202,0,0,0,0,0,13,1,0,2,0,9,0,0,0,36,0,2,0,0,2,0,0,0,27,0,0,0,0,0,1,39,0,0,19,0,0,46,1,1,3
590375,372,370,53,105,220,47,267,0,267,4,0,1,0,0,22,0,0,2,0,17,0,1,0,62,0,0,0,0,0,0,0,2,52,0,0,0,0,0,0,18,0,0,27,0,0,53,4,0,2
590376,186,183,27,51,109,26,135,0,135,2,0,0,0,0,9,0,0,0,0,10,0,0,0,44,0,3,0,0,0,0,0,1,25,0,1,0,0,0,0,14,0,0,7,0,0,10,2,0,7
590377,177,178,30,40,111,26,137,0,137,0,0,0,0,0,15,0,0,2,0,8,0,0,0,20,0,1,0,0,0,0,0,0,24,0,0,0,0,0,0,14,0,1,16,0,0,35,1,0,0
590378,1149,1125,92,377,686,86,772,0,772,6,0,0,0,0,20,0,0,7,0,47,0,0,1,200,0,5,0,0,0,2,1,0,132,0,2,0,0,0,1,82,1,2,72,0,0,179,8,0,4
590379,870,864,49,313,515,42,557,0,557,5,0,0,0,1,15,2,0,3,0,26,0,0,0,136,0,3,1,0,2,0,0,2,132,0,1,0,0,1,1,57,0,0,35,0,0,127,5,1,1
590380,93,93,19,29,54,10,64,0,64,0,0,0,1,0,10,0,0,1,0,2,0,0,0,9,0,0,0,0,1,0,0,1,11,0,0,0,0,0,0,11,0,0,1,0,0,15,0,0,1
590381,105,107,7,29,70,6,76,0,76,0,0,0,1,0,4,0,0,1,0,5,0,0,0,9,0,1,0,0,0,0,0,0,20,0,0,0,0,0,0,8,0,1,2,0,0,24,0,0,0
590382,267,264,51,84,139,44,183,0,183,2,0,1,0,0,2,0,0,3,0,16,0,0,0,31,0,0,2,0,0,1,0,2,41,0,0,0,0,0,0,45,0,0,7,0,0,28,2,0,0
590383,432,424,37,131,264,37,301,0,301,1,2,0,0,0,6,0,0,6,0,19,0,0,0,63,0,0,0,0,1,1,0,2,61,0,0,0,0,0,0,40,0,0,10,0,0,83,4,1,1
590384,300,306,19,68,214,18,232,0,232,3,1,0,0,0,8,0,0,9,0,17,0,0,0,65,0,0,0,0,1,0,0,1,41,0,2,0,0,0,0,17,0,1,10,0,0,47,2,1,6
590385,270,268,42,55,181,34,215,0,215,1,0,0,0,0,9,0,0,2,0,18,0,0,0,68,2,0,0,0,2,0,0,0,48,0,1,0,0,0,0,22,0,0,3,0,1,34,1,0,3
590386,168,168,18,42,110,16,126,0,126,0,0,0,0,0,7,0,0,0,0,4,0,0,0,17,0,1,0,0,0,0,0,0,32,0,0,0,0,0,0,39,0,0,5,0,0,18,0,0,3
590387,282,281,36,68,180,34,214,0,214,1,0,0,0,0,6,0,3,2,0,9,0,0,0,47,0,0,0,0,1,0,0,0,52,0,2,0,0,0,0,27,0,0,5,0,0,57,1,0,1
590388,120,117,24,36,63,21,84,0,84,0,0,0,0,0,8,0,0,1,1,3,0,0,0,14,0,1,0,0,0,0,0,1,25,0,0,0,0,0,0,16,0,0,1,0,0,13,0,0,0
590389,339,332,31,100,214,25,239,0,239,3,0,0,1,0,14,0,0,2,0,17,0,0,0,51,0,1,0,0,2,1,0,0,61,0,0,0,0,0,1,36,0,0,7,0,0,38,2,0,2
590390,234,231,22,69,149,16,165,0,165,1,0,0,0,0,8,0,0,2,0,6,0,0,1,35,0,0,0,0,2,0,0,0,28,1,0,1,0,0,0,47,0,0,2,0,0,28,1,0,2
590391,69,66,13,23,35,11,46,0,46,0,0,0,0,0,7,0,0,0,0,2,0,0,1,4,0,0,0,0,2,0,0,0,8,0,0,0,0,0,0,3,0,0,0,0,0,18,1,0,0
590392,66,66,10,13,44,9,53,0,53,0,0,0,0,0,12,0,0,0,0,4,1,0,0,6,0,0,0,0,0,0,0,0,10,0,0,0,0,0,0,11,0,0,2,0,0,6,0,0,1
590393,708,699,99,195,427,86,513,0,513,2,0,0,0,0,26,1,0,4,0,35,0,0,0,143,0,0,0,0,1,0,0,0,138,0,5,0,0,0,0,50,0,0,18,0,0,81,3,0,6
590395,264,260,26,81,160,23,183,0,183,1,0,0,0,1,15,0,0,0,0,4,0,0,0,31,0,1,0,0,5,0,0,0,33,0,0,0,0,0,0,24,0,0,4,0,0,59,4,0,1
590396,108,108,7,29,73,6,79,0,79,1,0,0,0,0,2,0,0,0,0,2,0,0,0,6,0,1,0,0,0,0,1,0,16,0,0,0,0,0,0,16,0,0,4,0,0,26,2,0,2
590397,141,43,25,109,14,18,32,0,32,0,0,0,0,0,1,0,0,0,0,6,0,0,0,11,0,0,0,0,1,0,0,0,7,0,0,0,0,0,0,1,0,0,1,0,0,4,0,0,0
590471,495,485,40,143,313,39,352,0,352,5,0,0,0,0,11,0,0,2,0,10,0,0,1,96,0,2,0,0,1,3,0,1,49,0,1,0,0,0,0,26,0,1,14,0,0,127,1,0,1
590472,261,257,25,70,169,22,191,0,191,1,0,0,0,0,10,0,0,3,0,8,0,0,0,36,0,0,0,0,0,1,0,0,31,0,0,0,0,0,0,25,0,0,7,0,0,69,0,0,0
590473,117,119,16,32,69,16,85,0,85,0,0,0,0,0,3,0,0,0,0,4,0,0,0,24,0,0,0,0,2,1,0,0,13,0,0,0,0,0,0,10,0,0,2,0,0,24,1,0,1
590474,276,277,39,63,178,35,213,0,213,0,0,0,1,0,13,0,0,2,0,7,0,0,0,42,0,0,0,0,2,0,0,1,39,0,0,0,0,0,0,33,0,1,11,0,0,58,1,0,2
590475,735,727,67,209,461,65,526,0,526,5,1,1,1,0,15,1,0,1,0,30,0,0,0,163,0,2,0,0,3,0,0,3,86,1,1,0,0,1,1,68,0,0,43,0,1,95,3,0,0
590476,687,683,59,248,388,51,439,0,439,2,2,0,0,0,14,1,0,1,0,20,0,0,0,119,0,1,0,0,1,3,0,0,68,1,0,0,0,0,0,41,0,0,52,0,0,111,0,0,2
590477,417,412,45,116,263,38,301,0,301,4,0,0,3,0,20,1,0,6,0,11,0,0,0,74,1,0,0,0,0,1,0,0,42,0,1,0,0,0,2,23,0,0,8,0,1,96,7,0,0
590478,240,238,30,74,138,28,166,0,166,1,0,0,0,0,6,0,0,0,0,11,0,0,0,36,0,0,0,0,1,3,1,0,39,0,0,0,0,0,0,26,0,0,14,1,0,24,1,1,1
590479,405,402,26,148,238,19,257,0,257,0,0,0,0,0,21,0,0,0,0,15,0,0,0,55,0,0,0,0,1,0,0,0,53,0,1,0,0,1,0,35,0,0,9,0,0,62,2,0,2
590480,390,388,23,116,251,23,274,0,274,4,0,0,0,0,16,1,0,3,0,16,0,0,0,75,0,0,0,0,0,0,0,0,31,0,0,0,0,0,1,23,0,0,29,0,1,70,4,0,0
590481,204,203,12,81,113,10,123,0,123,1,0,1,0,0,4,0,0,0,0,5,1,0,0,19,0,0,0,0,0,5,0,2,21,0,0,0,1,0,0,19,0,0,5,0,0,36,2,0,1
590483,792,784,64,239,496,57,553,0,553,11,0,0,0,0,14,1,0,11,0,37,0,0,0,127,0,4,0,0,3,0,0,0,74,0,0,0,0,0,1,51,0,0,24,1,2,180,4,2,6
590484,108,109,7,36,65,7,72,0,72,0,0,0,0,0,5,0,0,0,0,5,0,0,0,15,0,0,0,1,0,1,0,0,10,0,0,0,0,0,0,6,0,0,8,0,0,21,0,0,0
590485,1422,1405,93,484,859,79,938,0,938,6,0,0,0,1,40,1,0,16,1,68,0,0,0,290,0,3,0,0,11,1,0,0,109,0,1,0,0,0,0,111,0,0,44,0,1,223,5,3,3
590486,462,455,42,132,290,40,330,0,330,3,0,1,0,0,8,0,0,10,0,9,1,0,1,98,1,2,0,0,0,2,1,0,54,1,0,0,0,0,1,70,0,4,18,0,1,35,7,0,2
590487,939,915,66,338,539,62,601,0,601,3,0,4,0,0,26,1,0,3,1,47,0,0,0,131,0,3,1,0,3,0,1,0,89,0,4,1,0,0,0,64,1,1,75,0,3,135,0,0,4
590488,102,105,5,26,71,5,76,0,76,1,0,1,0,0,6,0,0,1,2,3,0,0,0,25,0,2,0,0,0,0,0,0,14,0,0,0,0,0,0,4,0,0,0,0,0,17,0,0,0
590489,180,182,25,56,100,24,124,0,124,0,7,0,0,0,8,0,0,0,0,7,0,0,0,39,0,0,0,0,0,1,0,0,18,1,0,0,0,0,0,10,0,0,8,0,0,22,1,0,2
590490,351,343,41,89,221,41,262,0,262,0,0,0,0,0,17,0,0,1,0,10,0,0,0,64,0,0,0,0,0,1,0,0,56,1,1,0,1,0,0,29,0,0,7,0,0,74,0,0,0
590491,240,239,14,73,155,12,167,0,167,3,0,0,0,0,3,0,1,1,0,9,0,0,0,24,1,0,0,0,0,1,0,0,41,0,0,0,0,0,0,30,0,0,6,0,0,43,4,0,0
590492,828,826,30,289,513,26,539,0,539,2,0,0,1,0,42,0,0,6,0,19,1,1,0,189,0,1,1,0,5,1,1,2,73,0,1,0,1,0,0,67,0,0,21,0,1,96,2,1,4
590493,135,134,10,30,95,10,105,0,105,0,1,0,0,0,2,0,0,0,0,6,0,0,0,10,0,0,0,1,0,0,0,0,28,0,0,0,0,0,0,11,0,0,2,0,1,40,1,1,1
590494,357,348,30,136,195,26,221,0,221,1,0,1,0,0,12,0,0,1,0,18,0,0,0,57,1,0,0,0,0,3,0,1,32,0,0,0,1,0,1,24,0,0,12,0,0,50,5,0,1
590495,204,199,14,67,123,14,137,0,137,0,0,0,1,0,4,0,0,0,0,8,0,0,0,36,0,0,0,0,0,0,0,0,26,0,0,0,0,0,0,19,1,0,4,0,0,36,1,0,1
590496,96,96,11,24,66,6,72,0,72,0,0,0,0,1,3,0,0,0,0,9,0,0,0,8,0,0,0,0,0,0,0,0,21,0,0,0,0,0,0,12,0,0,1,0,0,16,1,0,0
590497,231,230,11,77,145,9,154,0,154,0,0,1,1,0,4,1,0,3,0,9,0,0,0,43,0,0,0,0,1,1,0,1,25,0,0,0,0,0,0,11,0,0,19,0,0,31,2,0,1
590498,117,116,4,39,75,3,78,0,78,2,0,0,0,0,1,0,0,1,0,8,0,0,0,13,0,0,0,0,0,1,0,1,22,0,0,0,0,0,0,13,0,0,0,0,0,13,2,0,1
590499,105,105,7,27,71,7,78,0,78,0,0,0,0,0,6,0,0,3,1,7,0,0,0,9,0,0,0,0,0,1,0,0,25,0,0,0,0,0,0,9,0,0,0,0,0,16,1,0,0
590500,207,208,10,56,141,10,151,0,151,2,0,0,0,0,6,0,0,2,1,8,0,0,0,36,0,0,0,0,0,1,1,0,42,0,0,0,0,0,0,11,0,0,8,1,0,32,0,0,0
590501,54,54,6,22,26,6,32,0,32,0,1,0,0,0,2,0,0,1,0,7,1,0,0,2,0,0,0,0,0,0,0,0,4,0,0,0,0,0,0,5,0,0,0,0,0,7,1,0,1
590502,207,202,10,64,137,6,143,0,143,1,0,0,0,0,7,0,0,1,0,8,0,0,0,43,0,0,0,0,6,2,0,0,28,1,0,0,0,0,0,9,0,0,6,0,1,29,1,0,0
590503,132,133,5,45,83,4,87,0,87,0,0,0,0,0,4,0,0,1,0,4,0,0,0,22,0,0,0,0,0,0,0,1,13,0,0,0,0,0,0,17,0,0,7,0,0,16,1,0,1
590504,996,992,49,241,706,49,755,0,755,4,2,2,0,0,31,1,0,16,0,32,0,0,0,247,1,1,0,1,9,2,0,0,66,0,0,0,0,0,2,77,0,1,88,0,0,164,5,1,2
590505,318,314,43,114,166,38,204,0,204,2,0,0,0,1,9,0,0,0,0,6,0,0,0,37,0,1,0,0,1,1,0,0,19,1,0,0,0,0,0,38,0,0,4,0,0,78,2,0,4
590506,540,536,30,208,303,29,332,0,332,9,0,0,0,0,26,0,0,0,0,18,0,0,0,112,0,1,0,0,0,0,0,0,45,0,0,0,0,1,0,44,0,1,13,0,1,60,1,0,0
590507,204,199,11,80,114,10,124,0,124,1,0,0,0,0,3,0,0,0,0,16,0,0,0,27,1,0,0,0,0,1,0,1,21,1,0,0,0,0,0,16,0,0,5,0,0,31,0,0,0
590508,69,70,3,13,53,3,56,0,56,1,0,0,0,0,2,0,0,0,0,2,0,0,0,11,1,0,0,0,0,0,0,0,12,0,0,0,0,0,0,6,0,0,0,0,0,21,0,0,0
590509,252,250,12,86,159,7,166,0,166,4,0,0,0,0,14,0,0,0,0,5,0,0,0,39,0,0,0,0,1,2,0,0,41,1,1,0,0,0,1,13,0,0,13,0,0,31,0,0,0
590510,369,363,25,136,212,21,233,0,233,1,0,0,0,0,21,0,0,0,0,13,0,0,0,61,0,0,0,0,1,1,0,0,50,0,1,0,0,0,0,27,0,0,7,0,0,45,2,1,2
590511,501,507,26,182,297,22,319,0,319,2,0,1,0,0,17,0,1,3,0,42,0,0,1,89,0,0,0,0,3,0,0,0,44,1,0,0,0,0,0,21,0,1,22,0,2,65,3,1,0
590512,525,525,38,160,328,37,365,0,365,5,0,0,0,0,19,0,0,8,0,24,0,0,1,103,1,0,0,0,3,1,0,2,60,1,1,0,0,0,0,31,0,0,29,0,1,71,3,0,1
590513,324,318,33,100,191,33,224,0,224,3,0,0,0,1,14,0,0,1,0,23,0,1,0,64,0,0,0,0,2,1,0,1,40,0,0,0,0,0,1,14,0,0,15,0,0,41,2,0,0
590514,198,197,10,74,114,10,124,0,124,2,0,0,0,1,5,0,0,0,0,14,0,0,0,27,0,0,0,0,0,1,0,0,11,0,0,0,0,0,0,20,0,0,8,0,0,33,2,0,0
590515,219,218,28,77,120,22,142,0,142,5,0,0,0,0,5,0,0,1,0,8,0,0,0,28,0,0,0,0,0,1,0,0,21,0,0,0,0,0,2,16,0,1,10,0,0,39,3,0,2
590517,990,986,77,333,586,71,657,0,657,7,0,0,0,1,24,0,1,7,0,37,0,0,1,169,0,1,0,0,4,2,0,1,83,1,0,0,0,0,0,90,0,0,43,2,1,172,4,0,6
590518,1050,1039,51,335,665,50,715,0,715,1,0,1,0,0,27,0,0,12,0,38,0,2,0,193,1,1,0,1,4,4,0,2,124,1,1,0,0,0,1,90,0,1,38,0,0,157,11,0,4
590519,357,354,22,128,208,21,229,0,229,0,0,0,0,0,8,0,1,2,0,10,0,0,0,80,0,0,0,0,0,4,0,0,39,0,0,0,0,0,0,20,0,0,8,0,1,56,0,0,0
590520,150,149,1,39,110,1,111,0,111,0,0,0,0,0,1,0,0,3,0,3,0,0,0,21,0,0,0,0,1,2,0,1,27,0,0,1,0,0,0,22,0,0,2,0,0,26,1,0,0
590521,906,897,19,318,569,19,588,0,588,4,0,1,1,0,23,0,0,15,1,38,0,0,1,192,1,4,0,0,1,2,0,0,84,1,0,0,0,0,0,56,0,1,62,0,0,93,5,1,1
590522,276,273,13,90,173,13,186,0,186,1,0,0,1,1,13,0,0,4,1,11,0,0,1,65,0,0,0,0,0,1,0,1,15,0,0,0,0,0,0,12,0,0,7,0,0,51,1,0,0
590523,138,142,9,39,90,9,99,0,99,1,0,0,0,0,3,0,0,2,0,2,0,0,0,24,0,0,0,0,1,1,0,0,16,0,0,0,0,0,0,22,0,1,5,0,0,21,0,0,0
590524,438,426,24,154,263,21,284,0,284,1,0,2,0,0,13,2,0,1,0,34,0,0,0,71,1,0,0,0,1,1,0,0,50,0,0,0,0,0,0,25,0,0,25,0,0,54,0,1,2
590525,876,864,39,275,563,38,601,0,601,5,3,0,0,0,13,0,0,2,0,34,0,0,2,190,3,0,1,0,10,2,0,1,126,2,1,0,1,0,0,68,1,0,34,0,1,95,6,0,0
590526,261,258,29,94,143,24,167,0,167,0,0,0,1,0,6,0,0,2,0,13,0,0,0,54,0,0,0,0,1,2,0,0,24,0,1,0,0,0,0,23,0,0,18,0,0,19,3,0,0
590527,957,955,39,284,637,36,673,0,673,8,1,1,0,0,13,1,1,9,0,31,0,0,0,233,0,1,0,1,10,1,0,0,62,0,0,0,0,0,0,60,0,0,102,0,0,128,6,0,4
590528,198,195,24,43,131,24,155,0,155,0,0,0,0,0,5,0,0,1,0,5,0,0,0,29,0,0,0,0,0,3,0,0,26,0,1,0,0,0,0,18,0,0,14,0,0,51,0,0,2
590529,360,354,25,117,222,21,243,0,243,1,0,0,0,0,21,1,0,2,0,10,0,0,1,55,1,1,0,0,0,1,0,1,37,0,3,0,0,0,0,30,1,1,25,0,0,48,2,0,1
590530,222,220,16,69,138,15,153,0,153,3,0,0,0,0,18,0,0,3,0,8,0,0,1,45,0,0,0,0,1,1,0,0,29,0,1,0,0,0,0,15,0,0,1,0,0,27,0,0,0
590531,927,910,38,364,525,38,563,0,563,11,0,0,0,1,52,1,2,2,0,31,0,0,0,134,0,3,0,0,0,3,0,0,105,0,1,0,1,0,1,83,0,2,23,1,0,95,8,0,3
590532,282,280,23,108,152,22,174,0,174,4,0,0,0,0,14,0,0,0,0,24,0,0,0,36,0,0,0,0,0,1,0,1,19,0,0,0,0,0,0,24,0,0,6,0,0,41,3,0,1
590534,594,589,55,213,335,46,381,0,381,3,0,1,1,0,30,0,0,4,0,57,0,0,0,108,0,3,0,0,0,1,0,2,45,1,0,0,0,0,0,49,0,0,25,0,2,45,1,2,1
590535,579,574,58,194,327,58,385,0,385,2,1,3,0,0,20,0,0,8,0,27,1,0,0,102,0,1,0,0,5,0,0,0,49,2,1,0,0,0,1,61,0,0,24,0,0,73,2,2,0
590536,246,248,13,76,160,10,170,0,170,2,0,0,0,0,14,0,0,2,0,4,0,0,0,18,0,0,0,0,0,1,0,0,57,0,0,0,0,0,0,23,0,0,7,0,0,41,1,0,0
590537,141,142,8,41,94,6,100,0,100,1,0,1,0,0,6,0,0,0,0,6,0,0,0,9,0,3,0,0,0,1,0,0,31,1,0,0,0,0,0,16,0,0,6,0,0,17,1,0,1
590538,600,587,19,200,384,16,400,0,400,5,0,0,0,1,19,0,0,2,0,14,0,0,0,114,0,2,2,0,2,3,2,3,73,0,1,0,0,0,0,46,0,1,27,1,0,77,2,1,2
590539,360,358,15,121,227,12,239,0,239,5,0,1,0,0,7,0,0,3,0,19,0,0,0,72,0,1,0,0,0,1,0,0,44,2,0,0,0,0,0,28,0,0,6,1,0,45,4,0,0
590540,282,279,33,79,172,31,203,0,203,3,0,0,0,0,5,0,0,4,0,8,0,0,0,51,0,1,0,0,0,1,0,0,55,0,1,0,0,0,0,19,0,0,14,0,0,36,2,0,3
590541,195,195,18,73,109,13,122,0,122,1,0,0,2,0,9,0,1,1,0,4,0,0,1,19,0,1,0,0,1,1,0,1,19,0,0,0,0,0,0,10,0,0,14,0,0,34,2,0,1
590542,339,337,45,91,210,38,248,0,248,0,0,0,0,0,7,0,0,1,0,19,0,0,0,73,1,0,0,0,1,1,0,1,55,0,0,0,0,0,1,24,1,0,24,0,1,35,1,1,1
590543,663,581,0,100,563,0,563,0,563,33,2,0,6,3,11,0,0,3,0,7,0,0,1,148,0,1,0,0,1,0,0,2,11,2,0,0,0,0,1,13,0,1,3,0,2,277,34,1,0
590827,1578,1559,26,559,1000,19,1019,0,1019,11,0,1,2,0,70,1,0,25,1,58,0,0,0,373,0,3,0,0,18,0,1,0,74,0,4,0,0,0,0,132,0,0,126,0,2,112,3,0,2
590828,1560,1565,37,483,1052,25,1077,0,1077,8,6,0,3,0,94,1,0,24,0,47,0,0,0,386,2,2,0,0,5,1,0,0,95,1,3,0,0,0,0,120,2,1,139,0,1,124,6,2,4
590829,1686,1678,17,571,1100,15,1115,0,1115,13,3,0,2,0,82,2,1,30,0,48,0,0,0,394,1,2,0,0,23,0,0,0,69,0,1,0,0,1,0,126,1,3,152,1,0,153,2,1,4
590830,1650,1632,34,550,1074,26,1100,0,1100,14,4,1,3,1,53,0,1,22,0,68,0,1,0,340,1,1,1,0,11,3,0,1,69,1,1,0,1,0,0,138,0,0,199,0,0,160,3,0,2
590831,1698,1672,27,578,1096,24,1120,0,1120,12,3,1,0,0,84,2,0,20,0,61,1,1,2,337,0,2,1,0,8,2,0,1,89,0,4,2,1,0,0,144,0,1,163,0,0,172,2,1,3
590832,1605,1590,39,486,1084,35,1119,0,1119,11,6,3,1,1,79,0,0,17,0,77,0,0,0,342,2,4,0,0,15,3,0,0,76,0,4,0,0,1,1,132,1,2,161,0,1,176,0,0,3
590833,1581,1556,29,579,980,22,1002,0,1002,9,1,0,1,0,59,0,0,17,1,40,0,1,2,344,1,1,0,0,8,2,0,0,78,1,5,0,1,0,0,154,0,1,140,0,1,121,6,0,7
590834,1446,1425,22,509,923,14,937,0,937,12,1,0,1,0,55,0,0,15,0,51,0,1,0,308,0,2,0,0,14,2,0,0,68,2,0,0,0,0,0,114,0,2,155,0,1,122,4,0,7
590835,1425,1418,23,458,948,19,967,0,967,16,2,2,0,0,37,0,0,14,0,47,0,1,0,314,1,2,0,0,13,1,0,0,75,0,2,0,0,0,0,99,0,0,177,0,0,153,9,0,2
590836,1401,1382,12,490,899,12,911,0,911,7,1,0,2,0,31,0,0,16,0,49,0,0,0,340,2,2,2,0,6,1,0,0,86,0,2,0,0,0,1,86,0,1,149,0,0,123,2,0,2
590837,1362,1339,24,481,861,20,881,0,881,15,0,2,1,0,44,1,0,19,1,46,0,0,0,283,2,1,1,0,7,0,0,1,79,0,0,0,0,0,0,70,0,0,123,1,0,176,6,0,2
590838,1566,1547,38,542,996,28,1024,0,1024,10,2,2,3,0,48,3,0,16,0,50,0,0,1,346,0,3,1,0,11,0,0,0,87,3,1,0,0,0,0,113,0,2,182,0,1,130,4,1,4
590839,1548,1533,44,517,998,33,1031,0,1031,12,0,0,2,3,75,1,0,15,0,51,0,0,0,269,2,5,0,1,20,4,0,3,85,0,0,0,0,0,0,110,0,1,204,1,2,157,6,0,2
590840,1467,1454,31,526,919,22,941,0,940,5,1,1,3,2,57,0,1,17,0,55,0,0,0,314,2,3,1,0,12,1,0,1,93,0,2,1,1,0,0,87,0,3,109,2,0,153,4,0,9
590841,1551,1538,39,654,869,28,897,0,897,15,0,0,1,0,41,0,0,12,0,36,0,0,1,337,0,7,0,0,14,1,0,1,71,0,0,0,0,0,0,79,0,2,118,0,4,146,8,0,3
590842,1350,1311,18,524,812,14,826,0,826,14,0,1,1,0,45,1,0,16,0,70,0,0,0,249,2,2,0,0,16,2,0,0,67,0,3,0,1,0,0,102,0,0,118,0,2,106,6,0,2
590843,1341,1329,19,470,857,14,871,0,871,6,0,1,2,1,52,1,0,13,0,58,1,0,0,265,0,1,1,0,6,1,0,1,94,1,3,0,0,0,1,111,0,0,102,0,1,143,2,0,3
590844,1473,1451,26,553,899,21,920,0,920,3,0,1,3,0,43,0,0,13,0,49,1,1,0,336,0,4,0,0,7,0,0,0,94,0,0,0,0,0,0,104,0,1,105,0,0,150,4,0,1
590845,1722,1669,32,610,1092,20,1112,0,1112,9,0,1,0,1,46,0,0,17,0,49,1,0,0,376,0,1,0,0,11,6,0,0,120,0,1,0,0,0,0,112,1,1,136,0,0,210,8,1,4
590846,1761,1735,29,562,1175,24,1199,0,1199,11,0,2,3,2,65,2,0,13,0,54,0,1,0,424,2,3,0,0,17,0,1,0,121,0,1,0,0,1,0,112,0,0,150,1,1,205,2,0,5
590847,1785,1771,25,657,1107,21,1128,0,1128,10,1,0,0,0,57,0,0,20,0,64,0,0,1,358,0,4,0,0,14,5,0,0,103,1,2,0,0,0,0,113,0,2,177,1,0,187,3,1,4
590848,1827,1800,29,633,1167,27,1194,0,1194,8,1,0,0,1,60,1,0,14,0,51,0,2,0,471,1,3,0,0,17,1,0,2,89,1,1,0,0,0,1,93,1,0,136,0,0,230,6,1,2
590849,1833,1824,21,668,1150,15,1165,0,1165,13,2,1,1,0,56,0,0,15,0,56,0,2,0,426,1,2,0,0,23,2,0,0,95,0,1,0,0,0,0,104,0,0,150,0,1,200,7,0,7
590850,411,30,24,381,6,24,30,0,30,0,0,0,0,0,0,0,0,2,0,1,0,0,0,7,0,1,0,0,0,0,0,0,7,0,0,0,0,0,0,4,0,0,1,0,0,6,1,0,0
590851,747,72,0,683,64,0,64,0,64,1,4,3,0,0,4,0,0,0,2,0,0,0,1,19,0,0,0,0,0,0,1,0,7,0,0,0,0,1,0,6,0,0,0,0,1,7,4,2,1,01,04,2019,00,51
