610001,1650,1597,9,689,953,8,961,0,961,10,4,0,1,0,6,0,0,1,0,201,1,2,1,156,0,0,0,0,34,0,0,0,37,0,11,0,2,0,1,274,0,2,75,0,0,113,6,1,22
610002,690,678,4,271,415,4,419,0,419,7,1,1,1,0,2,1,0,1,0,85,0,0,0,60,0,0,0,0,19,0,0,1,20,0,3,0,0,0,0,116,0,1,36,0,0,53,2,1,8
610003,1725,1713,41,582,1109,34,1143,0,1143,13,1,1,4,1,29,0,0,3,0,216,1,0,0,152,0,0,0,0,64,1,0,0,36,1,9,0,0,0,0,321,1,1,138,2,0,114,3,4,27
610004,714,711,9,297,410,7,417,0,417,2,2,0,1,1,5,0,0,0,0,52,0,0,0,67,0,0,1,0,23,0,0,0,16,0,1,0,0,0,0,139,0,0,54,0,0,45,1,0,7
610005,765,768,10,275,481,9,490,0,490,9,0,0,1,1,13,0,0,0,0,86,0,2,0,67,0,0,0,0,27,2,0,0,25,0,4,0,0,0,0,125,0,0,48,0,0,61,3,0,16
610006,1449,1436,18,529,902,18,920,0,918,16,4,4,3,2,6,0,0,2,1,141,0,2,0,127,1,1,0,0,50,0,0,1,40,0,10,0,0,0,1,286,2,0,71,0,1,124,3,4,15
610007,2058,1974,33,780,1249,29,1278,0,1278,9,1,0,3,0,12,0,0,8,0,231,0,1,0,218,1,2,0,0,54,0,0,0,67,0,9,0,0,0,2,357,0,0,118,0,3,162,5,2,13
610008,1701,1691,39,679,988,34,1022,0,1022,13,0,1,4,0,9,0,1,1,1,165,1,1,0,157,0,0,1,0,55,2,1,0,55,0,13,0,0,0,3,294,0,2,82,0,0,138,6,2,14
610009,1467,1438,29,479,963,25,988,0,988,10,2,2,1,0,8,0,0,1,1,218,0,3,0,114,0,0,0,0,60,6,1,0,27,0,6,0,0,0,0,300,0,0,73,1,1,126,7,1,19
610010,723,715,16,251,457,15,472,0,472,6,0,0,0,0,0,0,0,0,0,90,0,3,0,77,0,0,0,0,18,0,0,0,42,0,8,0,0,0,0,92,0,0,37,0,1,82,3,1,12
610011,633,632,9,194,432,7,439,0,439,11,2,0,2,0,5,0,0,1,0,79,0,0,0,59,0,2,0,0,18,0,0,1,36,0,5,0,0,0,0,96,1,0,41,0,0,73,1,0,6
610012,363,363,22,73,269,21,290,0,290,3,0,0,0,0,0,0,0,0,0,32,0,1,0,45,0,0,0,0,10,1,0,0,33,0,14,0,0,0,0,58,0,1,10,0,0,71,5,0,6
610013,396,400,53,127,220,49,269,0,269,3,0,0,1,0,1,0,1,0,0,40,0,0,0,13,0,2,0,1,14,3,0,0,50,0,6,0,0,0,0,86,0,0,7,0,0,32,1,0,8
610014,423,424,37,173,214,36,250,0,250,2,0,0,0,0,3,0,0,0,0,33,0,0,0,25,0,0,0,0,7,1,0,2,35,0,1,0,1,0,1,80,0,0,1,0,1,50,5,1,1
610015,246,244,30,67,149,30,179,0,179,0,0,0,0,1,1,0,0,0,0,17,0,0,0,11,0,2,0,0,3,0,0,0,18,0,0,0,0,0,2,81,1,0,4,0,0,37,0,0,1
610016,147,154,8,47,92,8,100,0,100,2,0,0,0,0,2,0,0,0,0,10,0,0,0,6,0,0,0,0,0,0,0,0,23,0,2,0,0,0,1,31,0,0,0,0,0,21,1,0,1
610017,525,515,64,149,316,60,376,0,376,2,0,0,0,0,10,2,0,1,1,64,0,0,0,14,0,0,0,0,8,1,0,0,30,0,4,0,0,0,0,153,0,0,6,0,2,72,0,1,5
610018,525,516,41,173,313,39,352,0,352,5,0,1,0,1,2,0,1,0,0,48,0,0,0,20,0,0,0,1,2,0,0,0,17,0,3,0,0,0,2,166,0,0,9,0,1,62,6,0,5
610019,357,353,20,94,243,20,263,0,263,2,0,0,1,0,3,0,0,0,0,37,0,0,0,27,0,0,0,0,19,12,0,0,10,0,2,0,0,0,0,47,0,0,11,0,0,87,1,4,0
610020,678,673,44,194,442,42,484,0,484,4,2,0,1,0,0,0,0,1,0,92,0,0,0,32,0,0,0,0,17,1,1,0,33,0,6,0,0,0,0,128,0,0,25,0,0,121,9,2,9
610021,345,336,22,102,223,20,243,0,243,4,0,0,0,0,1,0,0,1,0,32,0,0,0,25,0,0,0,0,8,1,0,1,12,0,0,0,0,0,1,93,0,0,12,0,1,45,1,0,5
610022,198,195,12,54,132,12,144,0,144,0,0,1,0,0,0,0,0,0,0,32,0,0,0,10,0,0,0,0,7,0,0,0,5,0,1,0,0,0,0,34,0,0,2,0,0,44,2,0,6
610023,387,398,23,91,273,23,296,0,296,1,0,1,0,0,1,1,0,0,0,41,0,0,0,17,0,0,0,0,9,0,0,0,16,1,1,0,0,0,2,158,0,0,1,0,0,41,3,1,1
610024,636,626,49,200,392,44,436,0,436,8,0,0,1,0,1,0,0,0,0,78,0,0,0,41,0,0,0,0,16,1,0,1,30,0,3,0,0,0,1,124,0,0,36,0,0,88,3,1,3
610025,192,190,10,74,111,7,118,0,118,0,0,0,1,0,1,0,0,0,0,17,0,0,0,19,0,0,0,0,2,1,0,0,9,0,0,0,0,0,0,20,0,0,4,1,0,41,1,0,1
610026,567,562,46,184,340,43,383,0,383,6,0,0,0,0,3,0,0,1,0,103,0,1,0,36,0,0,0,0,10,1,1,0,41,0,1,0,1,0,0,109,0,0,7,0,1,55,3,0,3
610027,111,106,0,49,62,0,62,0,62,1,0,0,2,0,1,0,0,0,0,14,0,0,0,7,0,0,0,0,2,0,0,0,3,0,0,0,0,0,0,14,0,0,2,0,0,13,3,0,0
610028,942,936,50,363,532,47,579,0,579,5,0,1,1,0,6,0,1,0,0,122,0,0,0,66,0,1,0,0,24,0,0,0,36,0,1,0,0,0,3,186,2,0,29,0,0,79,8,4,4
610029,507,511,18,152,338,17,355,0,355,4,0,0,3,0,4,0,0,1,0,57,0,3,0,32,0,0,0,0,10,0,0,0,58,0,0,0,0,1,0,91,1,0,4,0,1,77,2,0,6
610030,495,499,47,107,341,47,388,0,388,11,0,0,2,0,5,0,0,0,0,61,0,0,0,34,0,0,0,1,9,0,0,0,63,0,2,0,0,0,0,104,0,0,17,0,0,57,2,1,19
610031,246,246,25,80,143,23,166,0,166,3,0,0,0,0,3,0,0,0,0,35,0,0,0,12,0,0,0,0,9,1,0,0,20,0,0,0,0,0,0,34,0,0,7,0,0,36,1,0,5
610032,555,551,36,139,381,35,416,0,416,1,0,0,1,0,1,1,1,0,0,43,0,0,0,33,0,0,0,0,13,0,0,1,30,0,2,0,0,0,0,123,0,0,5,0,0,149,3,0,9
610033,546,551,52,199,305,42,347,0,347,10,0,2,2,0,0,0,0,0,0,45,0,0,0,32,0,0,0,0,8,0,0,0,52,0,4,0,0,0,0,107,0,3,2,0,0,74,6,0,0
610034,312,304,27,97,192,23,215,0,215,4,0,0,0,0,2,0,0,0,0,25,0,0,0,18,0,0,0,0,3,0,0,1,33,1,1,0,0,0,0,53,0,0,5,0,0,66,2,0,1
610035,216,211,36,112,78,26,104,0,104,1,0,0,0,0,0,0,0,1,0,11,0,0,0,22,0,0,0,1,1,0,0,0,8,0,1,0,1,0,0,29,0,2,1,0,0,23,1,1,0
610036,306,309,23,82,201,23,224,0,224,0,0,0,1,2,0,0,1,0,0,43,0,1,0,32,0,1,0,0,5,3,0,0,6,0,1,0,0,0,1,79,0,0,2,0,0,39,2,1,4
610037,84,84,3,28,53,3,56,0,56,1,1,0,0,0,2,0,0,0,0,9,0,0,0,18,0,0,0,0,2,0,0,0,2,0,0,0,0,0,0,8,0,0,2,0,0,9,1,1,0
610038,483,481,34,142,307,34,341,0,341,9,1,0,2,0,11,0,1,0,0,51,0,0,0,55,0,0,0,0,17,0,0,0,27,0,5,0,0,0,0,78,0,0,9,0,1,61,4,2,7
610039,408,411,21,117,272,19,291,0,291,6,0,1,0,0,0,0,0,1,0,51,0,0,0,30,0,0,0,0,13,0,0,0,27,0,4,0,1,1,1,98,0,0,9,0,0,42,1,1,4
610040,303,302,32,71,202,30,232,0,232,0,0,0,1,0,1,0,0,0,0,44,0,0,0,7,0,0,0,0,10,0,0,0,16,0,1,0,0,0,1,60,0,0,8,0,0,79,1,0,3
610041,198,203,28,49,123,26,149,0,149,1,1,0,0,0,2,0,0,0,0,25,1,0,0,3,0,0,0,0,5,0,0,0,18,0,1,0,0,0,0,33,0,0,5,0,1,51,1,0,1
610042,423,416,40,112,276,35,311,0,311,2,0,0,4,0,0,0,0,0,0,43,0,0,0,26,0,0,0,0,14,0,0,0,45,0,1,0,0,0,0,91,0,0,4,0,0,78,2,0,1
610043,219,229,18,69,133,17,150,0,150,1,0,0,1,0,0,0,0,0,0,18,0,0,0,7,0,0,0,0,12,0,0,0,19,0,0,0,0,0,0,61,0,0,2,0,1,25,2,0,1
610044,594,586,49,207,338,49,387,0,387,3,1,1,1,0,2,0,0,1,0,53,0,0,0,65,0,1,0,0,7,0,0,0,21,0,4,1,0,0,3,85,0,1,32,0,0,85,7,1,12
610045,396,397,22,134,240,22,262,0,262,4,0,0,2,0,2,0,0,0,1,38,0,0,0,51,0,0,0,0,4,2,0,0,26,0,2,0,0,0,1,28,0,0,11,0,0,82,6,0,2
610046,684,697,68,234,390,60,450,0,450,5,1,1,0,0,4,0,0,0,0,92,0,0,1,54,0,0,0,0,15,0,0,0,30,0,0,0,0,0,0,139,0,0,14,0,0,87,2,1,4
610048,594,591,65,219,310,65,375,0,375,6,0,0,1,0,3,0,0,0,0,45,0,0,0,43,0,0,0,0,31,2,0,1,36,0,2,0,0,0,0,79,1,0,15,0,1,99,2,2,6
610049,294,287,21,109,166,19,185,0,185,3,0,0,3,0,2,0,0,0,0,12,0,0,0,15,0,0,0,0,0,0,0,0,30,0,3,0,0,1,0,73,0,0,0,0,0,39,4,0,0
610050,456,460,46,103,314,39,353,0,353,7,0,0,1,0,5,0,0,0,0,70,0,0,0,23,0,0,0,0,10,1,0,0,28,0,5,0,0,0,1,121,0,1,4,0,0,64,6,0,6
610051,228,222,91,76,88,64,152,0,152,0,0,0,0,0,1,0,1,1,0,12,0,0,1,9,0,0,0,0,1,1,0,0,11,1,0,0,0,0,1,72,1,1,4,0,0,34,0,0,0
610052,954,939,73,384,505,65,570,0,570,9,0,0,1,0,1,0,0,1,0,97,0,0,0,62,1,0,0,0,18,1,0,2,54,0,8,0,2,0,0,183,0,0,14,0,1,97,10,2,6
610053,150,149,13,29,109,12,121,0,121,0,0,1,0,0,2,0,0,0,0,24,0,0,0,6,0,0,0,0,9,2,0,1,8,0,0,0,0,0,0,26,0,0,6,0,1,35,0,0,0
610404,1521,1520,20,590,911,20,931,0,931,6,0,0,2,0,3,0,0,3,0,246,1,0,0,130,0,0,0,0,36,1,0,1,31,1,11,0,0,0,0,240,0,1,54,0,0,150,5,3,6
610405,1296,1303,5,510,781,5,786,0,786,17,0,0,3,0,3,0,0,4,1,188,0,0,0,110,0,1,0,0,38,0,0,0,45,0,7,0,0,0,0,202,0,0,38,0,0,116,6,0,7
610406,1506,1511,13,612,883,11,894,0,894,12,0,1,2,1,4,0,0,1,0,210,0,0,0,148,0,0,0,0,36,1,0,0,50,0,6,0,0,0,1,196,1,0,67,0,0,140,8,0,9
610407,855,859,32,284,539,32,571,0,571,7,0,0,5,1,2,0,0,3,0,168,0,2,1,87,0,1,0,0,23,0,0,0,38,0,4,0,0,0,0,125,0,0,25,0,0,74,1,1,3
610408,249,248,9,101,139,9,148,0,148,1,0,0,0,0,0,0,0,1,0,44,0,0,0,20,0,0,0,0,1,1,0,1,12,0,0,0,0,0,0,23,0,0,7,0,0,31,3,1,2
610409,1305,1289,42,448,817,40,857,0,857,6,4,2,0,0,16,0,1,1,1,190,0,0,0,139,1,0,0,2,64,0,0,1,52,1,2,0,0,0,1,192,0,1,51,0,0,124,4,0,1
610410,738,736,29,292,418,28,446,0,446,4,0,0,1,0,2,1,0,0,0,88,0,0,0,71,0,0,0,1,33,0,0,0,44,0,4,0,0,0,2,113,2,0,10,0,0,62,3,1,4
610411,273,273,14,67,194,12,206,0,206,1,1,0,1,0,0,0,0,2,1,39,0,1,0,11,0,0,0,0,7,1,0,0,35,0,5,0,0,0,0,40,0,0,11,0,0,45,1,1,3
610412,63,59,2,28,34,1,35,0,35,0,0,0,0,0,0,0,0,0,0,10,0,0,0,1,0,0,0,0,0,3,0,0,2,0,0,0,0,0,0,8,1,0,3,0,0,6,1,0,0
610413,198,200,14,33,153,12,165,0,165,3,0,0,3,0,4,0,0,0,1,15,0,0,0,11,0,0,0,0,2,0,0,1,16,0,4,0,0,0,1,64,1,0,7,0,0,32,0,0,0
610414,495,500,54,140,308,47,355,0,355,2,0,0,1,1,2,0,0,0,0,76,1,0,0,22,1,0,0,0,14,2,0,0,27,0,1,0,0,0,1,146,1,0,3,0,0,52,2,0,0
610415,96,95,7,25,66,5,71,0,71,0,0,0,0,0,0,0,0,0,0,12,0,0,0,6,0,0,0,1,8,0,0,0,7,0,0,0,0,0,0,25,0,0,0,0,0,10,2,0,0
610416,141,140,16,31,96,14,110,0,110,1,0,0,0,0,0,0,0,0,0,27,0,0,0,5,0,0,0,0,0,1,0,0,10,0,0,0,0,0,0,30,0,0,1,0,0,35,0,0,0
610417,144,143,16,21,109,14,123,0,123,3,0,0,0,0,0,0,0,0,0,28,0,0,0,4,0,0,0,0,5,0,0,0,22,0,0,0,0,0,0,16,0,0,0,0,0,42,3,0,0
610418,348,345,40,80,235,33,268,0,268,8,0,0,0,0,0,0,0,0,0,68,0,0,0,12,0,0,1,0,11,2,0,0,29,0,1,0,0,0,0,73,1,0,9,0,2,49,0,0,2
610419,189,188,13,30,146,13,159,0,159,1,0,0,2,0,0,0,0,0,0,36,0,0,0,8,0,0,0,0,5,0,0,0,12,0,2,0,0,0,1,48,1,0,1,0,0,39,1,0,2
610420,324,323,33,81,210,33,243,0,243,2,0,0,0,0,4,0,0,0,1,62,0,0,0,19,1,0,0,0,15,0,1,1,17,0,1,0,0,0,0,60,0,0,3,0,0,53,2,0,1
610421,72,71,17,20,35,17,52,0,52,0,0,0,0,0,0,0,0,0,0,9,0,0,0,0,0,0,0,0,2,0,0,0,4,0,1,0,0,0,0,27,0,0,2,0,0,7,0,0,0
610422,186,182,22,57,108,21,129,0,129,1,0,0,2,1,1,0,1,0,0,18,0,0,0,7,0,0,0,0,1,0,0,2,10,0,0,0,0,0,0,30,0,0,0,0,0,53,2,0,0
610423,87,82,9,11,67,9,76,0,76,0,0,0,0,0,0,0,0,0,0,17,0,0,0,2,0,0,0,0,3,0,0,0,3,0,0,0,0,0,0,17,0,0,1,0,0,33,0,0,0
610424,141,138,20,16,107,18,125,0,125,0,0,0,1,0,0,0,0,0,0,15,0,0,0,1,0,0,0,0,7,2,0,0,10,0,0,0,0,0,1,27,0,0,1,0,0,55,4,0,1
610425,141,145,20,11,110,20,130,0,130,1,0,0,0,0,3,0,0,0,0,23,0,0,0,7,0,0,0,0,4,0,0,0,6,0,0,0,0,0,0,30,0,0,0,0,0,54,2,0,0
610426,129,132,11,32,86,11,97,0,97,0,0,0,0,0,0,0,0,0,0,12,0,0,0,12,1,0,0,0,4,0,0,0,3,0,0,0,0,0,0,25,0,0,0,0,0,37,2,0,1
610427,753,747,41,228,485,40,525,0,525,4,0,1,2,0,3,0,0,0,0,147,0,0,0,63,0,0,0,1,36,0,0,0,37,0,7,0,0,0,0,123,0,0,14,0,0,82,0,1,4
610428,609,601,31,184,394,31,425,0,425,7,0,0,1,0,5,0,0,0,0,104,0,0,0,70,0,0,0,1,39,0,0,0,29,0,4,0,0,0,0,70,0,2,10,2,1,69,8,0,3
610429,204,203,35,43,127,34,161,0,161,2,0,0,2,0,1,0,0,0,0,38,0,0,0,5,0,0,0,1,4,0,0,0,14,0,0,0,0,0,0,42,0,0,8,0,0,42,2,0,0
610430,225,219,21,76,130,19,149,0,149,0,0,1,3,0,0,0,0,0,0,31,0,0,0,17,0,0,0,0,3,0,0,0,13,0,0,0,1,0,0,46,0,0,2,0,0,31,1,0,0
610431,396,391,28,112,257,27,284,0,284,3,1,0,1,0,1,0,0,1,1,50,0,1,0,17,0,1,0,0,3,1,1,0,52,0,0,0,0,0,0,73,0,0,6,0,0,65,5,0,1
610432,84,83,10,34,43,7,50,0,50,0,0,0,0,0,1,0,0,0,0,11,0,0,0,4,0,0,0,0,2,0,0,0,8,0,0,0,0,0,0,8,0,0,1,0,0,15,0,0,0
610433,90,90,11,24,57,9,66,0,66,0,0,0,0,0,0,0,0,0,0,7,0,0,0,8,0,0,0,0,6,0,0,0,6,0,0,0,0,0,1,19,0,1,1,0,0,17,0,0,0
610434,81,80,5,13,64,4,68,0,68,0,0,0,0,0,0,0,0,0,0,19,0,0,0,4,0,0,0,0,5,0,0,0,2,0,1,0,0,0,0,21,0,0,1,0,0,13,0,1,1
610435,141,146,10,37,96,8,104,0,104,0,0,0,3,0,0,0,0,0,0,19,0,0,0,0,0,0,0,0,5,0,0,0,11,0,0,0,0,0,0,32,0,0,0,0,0,32,2,0,0
610436,81,79,7,26,51,4,55,0,55,1,0,0,0,0,0,0,0,0,0,11,0,0,0,2,0,0,0,0,0,0,0,0,3,0,0,0,0,0,1,32,0,0,0,0,0,5,0,0,0
610437,792,789,85,227,487,78,565,0,565,8,0,0,3,0,5,0,0,0,1,78,0,0,0,65,0,0,0,0,29,0,0,1,85,0,3,0,0,0,0,159,0,0,17,0,0,102,5,0,4
610438,666,663,68,148,453,65,518,0,518,6,0,0,2,1,4,0,0,0,1,104,0,0,0,79,0,0,1,0,16,1,0,0,40,0,4,0,0,0,2,127,0,0,18,0,1,103,2,0,6
610439,183,185,4,54,127,2,129,0,129,1,0,0,4,0,1,0,0,0,0,25,0,0,0,15,0,1,0,0,5,0,0,0,18,0,0,0,0,0,0,28,0,0,2,0,0,28,1,0,0
610440,300,312,19,63,218,19,237,0,237,2,0,0,0,0,1,0,0,1,0,50,0,0,1,31,0,0,0,0,11,4,0,0,19,0,0,0,0,0,1,57,0,0,12,0,0,43,0,0,4
610441,99,96,3,36,61,2,63,0,63,0,0,0,0,0,0,0,0,0,0,6,0,0,0,9,0,0,0,0,1,1,0,0,3,0,2,0,0,0,0,27,0,0,1,0,0,13,0,0,0
610442,354,352,23,77,256,21,277,0,277,4,0,0,2,0,0,0,0,0,0,67,0,0,0,30,0,0,0,0,21,0,0,0,28,0,3,0,0,0,0,37,0,0,10,1,0,68,4,0,2
610443,351,347,31,78,242,31,273,0,273,7,0,0,2,0,4,0,0,2,0,44,0,0,0,12,0,0,0,0,16,2,0,1,34,0,2,0,0,0,2,60,1,0,19,0,0,62,2,0,1
610444,234,232,19,42,173,19,192,0,192,5,0,0,1,0,0,0,0,0,0,49,0,0,0,11,0,0,0,0,7,0,0,0,8,0,2,0,0,0,1,75,0,0,7,0,0,25,1,0,0
610445,255,252,8,71,176,8,184,0,184,2,0,0,2,0,0,0,0,0,1,33,0,0,0,20,0,0,0,0,7,0,0,0,12,0,7,0,0,0,1,56,0,0,1,1,0,36,3,0,2
610446,510,513,42,76,392,42,434,0,434,1,0,2,0,0,0,0,3,0,1,96,0,0,0,35,0,0,0,0,18,1,0,0,15,0,8,0,0,0,0,139,0,1,11,0,0,95,4,1,3
610447,216,216,11,56,149,11,160,0,160,3,0,0,3,0,0,0,0,0,0,44,0,0,0,20,0,0,0,0,8,1,0,1,6,0,0,0,0,0,0,42,0,0,2,0,0,30,0,0,0
610448,261,260,11,65,185,11,196,0,196,3,0,0,0,0,0,0,0,1,0,21,0,0,0,8,1,0,0,0,11,0,0,0,9,0,0,0,0,0,0,80,0,0,6,0,0,50,6,0,0
610449,570,572,61,153,358,59,417,0,417,3,0,0,2,0,5,0,0,2,0,64,0,0,0,55,1,0,0,0,22,0,0,0,29,0,2,0,0,0,1,132,0,0,13,0,0,81,2,0,3
610450,327,324,19,99,211,17,228,0,228,3,0,0,2,0,2,0,0,1,0,32,0,0,0,22,0,0,0,0,26,3,0,0,15,0,1,0,0,0,0,60,0,0,4,0,0,55,0,1,1
610451,564,558,55,160,350,54,404,0,404,7,0,0,1,0,1,0,0,0,1,79,0,0,0,58,0,1,0,0,10,3,0,0,28,0,2,0,0,0,0,89,0,0,12,0,0,107,1,1,3
610452,96,100,10,22,65,9,74,0,74,3,0,0,0,0,0,0,0,0,0,7,0,0,0,22,0,0,0,0,4,0,0,0,2,0,0,0,0,0,0,14,0,0,0,0,0,21,1,0,0
610453,264,256,20,56,189,19,208,0,208,8,0,0,0,0,1,0,0,0,0,51,0,0,0,24,0,0,0,0,10,3,0,1,18,0,3,0,0,0,0,37,0,0,10,0,0,39,3,0,0
610454,525,522,36,164,328,33,361,0,361,5,0,0,2,0,1,0,0,0,0,115,0,1,0,51,0,0,0,0,20,1,0,0,23,0,2,0,0,0,0,63,0,1,1,0,0,69,3,1,2
610455,177,178,9,46,122,9,131,0,131,2,0,1,0,0,0,0,0,0,0,22,0,0,0,10,0,0,0,0,5,2,0,0,9,0,0,0,0,0,0,24,0,0,2,0,0,51,3,0,0
610456,468,483,28,112,329,27,356,0,356,6,1,0,0,1,0,0,0,0,0,92,0,0,0,53,0,0,0,0,20,0,0,0,4,0,0,0,0,0,0,80,0,0,22,0,0,70,6,0,1
610457,258,267,15,33,210,15,225,0,225,1,0,0,1,0,4,0,0,0,0,36,1,0,0,25,0,0,0,1,7,0,0,0,19,1,0,0,0,0,0,62,0,0,11,0,0,53,0,0,3
610458,117,120,10,31,76,10,86,0,86,0,0,0,0,0,1,0,0,0,0,7,0,0,0,13,0,0,0,0,0,1,0,0,11,0,1,0,0,0,0,19,0,0,3,0,0,28,1,0,1
610459,270,270,40,97,140,33,173,0,173,1,0,1,2,0,0,0,0,0,0,25,0,0,0,19,0,0,0,0,1,0,0,0,25,0,4,1,0,0,0,44,0,0,6,1,1,39,2,0,1
610460,1518,1510,69,465,986,67,1053,0,1053,16,8,1,2,1,3,1,1,2,1,278,0,0,0,157,0,0,0,0,57,0,0,1,60,0,5,0,0,0,2,218,1,1,40,0,0,188,1,2,6
610461,1176,1176,51,348,781,47,828,0,828,12,3,3,0,0,0,0,0,0,0,185,0,1,0,121,3,0,0,0,23,0,1,0,42,0,5,0,0,0,0,223,2,1,39,0,0,144,9,1,10
610462,525,519,56,129,345,51,396,0,396,3,0,0,0,2,2,0,0,1,1,52,0,1,0,49,0,0,0,1,7,1,0,1,51,0,2,0,0,0,0,130,0,0,5,0,0,79,6,1,1
610463,390,393,47,96,248,46,294,0,294,2,0,0,3,3,0,0,0,0,0,55,0,0,0,24,0,0,0,0,14,1,0,0,28,0,0,0,0,0,0,56,0,0,2,0,0,98,5,1,2
610464,303,301,19,107,177,19,196,0,196,3,0,2,0,0,0,0,0,0,1,32,0,0,0,12,0,0,0,0,20,1,0,0,14,0,3,0,0,0,0,55,0,0,2,0,0,48,3,0,0
610465,261,262,29,73,163,25,188,0,188,1,0,0,1,0,1,0,0,0,0,12,0,0,0,13,0,0,0,0,3,0,0,0,20,0,0,0,0,0,0,62,0,0,8,1,0,58,2,1,5
610466,231,230,25,82,124,25,149,0,149,1,0,0,0,0,3,0,0,0,0,19,0,0,0,27,0,0,0,0,12,1,0,0,27,0,0,0,0,0,0,32,0,0,4,0,0,23,0,0,0
610467,321,324,32,87,206,28,234,0,234,2,0,0,3,0,0,0,0,0,0,26,0,0,0,32,0,0,0,0,0,1,0,0,16,0,0,0,0,0,0,78,0,0,5,1,0,66,3,1,0
610468,345,341,41,114,198,33,231,0,231,3,2,0,0,0,0,0,0,1,2,61,0,0,0,10,0,0,0,0,12,0,0,0,25,0,2,0,0,0,0,69,0,0,1,0,0,41,1,0,1
610469,252,249,11,83,158,11,169,0,169,2,0,0,1,0,1,0,0,0,0,36,0,0,0,22,0,0,0,0,11,0,0,1,15,0,0,0,0,0,0,41,0,0,5,0,0,31,2,0,1
610470,219,218,19,64,136,19,155,0,155,1,0,0,2,0,0,0,0,0,0,28,0,0,1,14,0,0,0,1,5,0,0,0,22,0,0,0,0,0,1,21,0,0,7,0,0,46,6,0,0
610471,207,206,11,92,105,10,115,0,115,1,0,0,0,0,0,0,1,0,0,2,0,0,0,15,0,1,0,0,4,0,0,1,29,0,0,0,0,0,0,29,0,0,3,0,0,25,3,0,1
610472,219,218,218,56,145,18,163,0,163,5,0,0,1,0,0,0,0,0,0,15,0,0,0,14,0,0,0,0,7,2,0,0,16,0,1,0,0,0,1,77,0,0,4,0,0,18,1,1,0
610473,177,174,18,60,101,16,117,0,117,1,0,0,0,0,0,0,0,1,1,19,0,0,0,6,0,0,0,0,4,1,0,0,9,0,0,0,0,0,0,49,0,0,0,0,0,24,0,1,1
610474,669,666,31,214,424,31,455,0,455,3,0,0,1,1,1,0,0,0,1,101,0,0,0,44,0,0,0,2,27,1,0,1,34,0,0,0,0,0,1,155,0,0,9,0,0,68,3,0,2
610475,291,284,23,53,216,22,238,0,238,0,0,1,0,0,0,0,0,0,0,46,0,0,0,18,0,0,0,0,7,1,0,0,34,0,4,0,0,0,2,71,0,0,18,0,0,31,4,0,1
610476,339,334,17,116,206,17,223,0,223,1,0,0,0,0,1,0,0,0,0,37,0,0,0,28,0,0,0,0,7,0,0,0,30,0,0,0,0,0,0,63,0,0,0,0,0,51,1,2,2
610477,339,337,13,65,261,13,274,0,274,6,0,0,0,0,1,0,0,0,1,35,0,0,0,17,0,1,1,0,20,2,0,1,26,0,2,0,0,0,0,75,0,0,4,0,0,76,4,0,2
610478,234,228,20,92,127,15,142,0,142,3,0,0,0,0,0,0,0,0,0,18,0,0,0,9,0,0,0,0,8,0,0,0,21,0,0,0,0,0,0,36,0,0,3,0,0,42,0,1,1
610479,162,160,16,49,101,12,113,0,113,2,0,0,0,0,0,0,0,0,0,10,0,0,0,15,0,0,0,0,8,0,0,0,12,0,0,0,0,0,0,32,0,0,2,0,0,31,1,0,0
610480,144,150,8,35,101,8,109,0,109,1,0,0,0,0,0,0,1,0,0,11,0,0,0,3,0,0,0,0,4,0,0,1,21,0,0,0,0,0,0,18,0,0,2,0,0,46,1,0,0
610481,540,542,27,112,402,26,428,0,428,5,0,0,3,0,0,0,0,0,0,89,0,0,0,56,0,0,0,0,23,0,0,0,27,0,1,0,0,0,0,86,0,0,32,0,0,104,0,0,2
610482,327,324,30,65,233,29,262,0,262,4,0,0,0,0,4,0,0,0,0,46,0,0,0,19,0,0,0,0,10,0,0,1,17,0,1,0,0,0,2,84,0,0,4,0,0,67,3,0,0
610483,195,199,16,56,125,14,139,0,139,0,1,0,0,0,1,0,0,0,0,29,0,0,0,12,0,0,0,0,13,1,0,0,6,0,0,0,0,0,0,38,0,0,7,0,0,28,0,0,3
610484,129,130,15,33,81,15,96,0,96,0,1,1,2,0,0,0,0,0,0,13,0,0,0,7,0,0,0,0,3,0,0,0,4,0,0,0,0,0,1,25,0,0,3,0,0,34,1,0,1
610485,393,386,50,142,201,50,251,0,251,3,0,0,1,0,4,0,0,1,0,42,1,0,0,27,1,0,0,0,8,1,0,0,25,0,2,0,0,0,2,72,0,0,10,0,0,47,4,0,0
610486,159,160,12,51,98,10,108,0,108,0,0,0,2,0,0,0,0,0,1,17,1,0,0,8,0,1,0,0,8,1,0,0,8,0,3,0,0,0,0,30,0,2,2,0,0,22,1,0,1
610487,147,148,13,42,95,10,105,0,105,1,0,0,0,0,0,0,0,0,0,32,1,0,0,5,1,0,0,0,3,0,0,0,9,0,0,0,0,0,0,26,0,0,0,0,0,19,5,0,3
610488,273,269,21,56,196,21,217,0,217,0,0,1,0,0,2,0,0,0,0,37,0,1,0,31,0,0,0,0,4,0,1,0,20,0,1,0,0,0,1,50,0,0,5,0,0,60,3,0,0
610489,141,144,7,23,111,7,118,0,118,0,0,0,0,0,0,0,0,0,0,24,0,0,0,14,0,0,0,0,2,1,0,0,18,0,0,0,0,0,0,23,0,0,3,0,0,33,0,0,0
610490,348,343,34,91,226,31,257,0,257,1,0,1,3,0,2,0,0,0,0,48,0,0,0,40,0,0,0,0,15,1,0,2,20,0,1,0,0,0,0,76,0,0,6,0,0,38,3,0,0
610491,114,112,14,29,71,14,85,0,85,3,0,0,0,0,0,0,0,0,0,17,0,0,0,3,0,0,0,0,5,0,0,0,7,0,1,0,0,0,1,19,0,0,3,0,0,23,3,0,0
610492,189,40,16,150,23,16,39,0,39,0,0,0,0,0,0,0,0,0,0,5,0,0,0,2,0,0,0,0,2,0,0,0,15,0,0,0,0,0,0,12,0,0,0,0,0,3,0,0,0
610494,69,18,5,51,13,5,18,0,18,0,0,0,0,0,0,0,0,0,0,1,0,0,0,0,0,0,0,0,1,0,0,0,1,0,0,0,0,0,0,12,0,0,0,0,0,3,0,0,0
610495,1776,1760,33,616,1127,33,1160,0,1160,10,0,1,2,0,6,0,1,0,0,310,1,0,0,144,0,0,0,0,69,1,0,1,30,0,8,0,0,0,2,351,0,1,52,0,1,156,4,1,8
610496,1668,1651,23,611,1038,19,1057,0,1056,13,0,5,2,0,1,0,0,0,0,279,0,0,0,110,0,0,0,0,111,0,0,0,21,0,5,0,0,0,1,243,1,0,82,0,0,175,5,0,2
610497,1644,1630,25,635,986,23,1009,0,1009,13,0,0,1,1,7,0,0,2,0,266,1,0,0,117,1,0,1,0,67,1,2,0,32,0,5,0,0,0,0,247,0,0,48,0,0,187,5,0,5
610498,1689,1669,31,573,1087,29,1116,0,1116,16,9,2,3,1,11,0,0,3,2,303,0,0,0,142,1,1,0,2,58,0,0,0,47,1,5,0,0,0,2,230,0,1,61,0,0,193,13,1,8
610499,1344,1329,75,381,891,72,963,0,963,23,0,2,4,0,6,0,0,1,0,223,1,1,0,106,0,0,0,0,29,0,0,2,45,0,3,0,0,0,1,216,0,0,42,0,0,243,4,3,8
610500,426,426,32,115,281,30,311,0,311,1,0,0,1,0,1,0,0,1,0,54,0,0,0,47,0,0,0,0,14,0,0,2,15,0,4,0,0,0,0,79,0,2,18,0,1,65,4,0,2
610501,321,318,38,87,196,38,234,0,234,4,0,0,2,0,0,0,1,0,0,40,0,0,0,19,1,0,0,0,6,1,0,0,27,0,0,0,0,0,0,65,0,0,7,0,0,59,1,0,1
610502,237,232,33,58,146,33,179,0,179,9,0,0,0,0,0,0,0,0,0,32,0,0,0,5,0,0,0,0,13,0,0,0,13,0,0,0,0,0,0,27,0,0,3,0,1,73,2,1,0
610503,333,325,37,98,201,34,235,0,235,7,0,0,0,0,2,0,0,0,1,26,0,0,0,21,1,0,0,1,17,0,0,1,28,1,1,0,0,0,0,57,0,0,5,0,0,60,3,0,3
610504,504,502,44,98,364,42,406,0,406,2,0,1,0,0,0,0,0,0,0,81,1,0,0,39,0,0,0,0,26,1,1,1,33,0,2,0,1,0,1,92,0,0,9,0,0,106,7,1,1
610505,225,222,29,55,142,28,170,0,170,1,0,0,0,0,0,0,0,0,0,34,0,0,0,12,0,0,0,0,6,1,0,0,18,0,1,0,0,0,0,41,0,0,9,0,0,46,0,0,1
610506,363,352,34,131,200,32,232,0,232,0,0,0,2,0,1,0,0,0,0,30,0,0,0,12,0,0,0,0,7,0,0,0,26,0,0,0,0,0,0,81,0,0,5,0,0,59,7,1,1
610507,42,39,11,12,20,10,30,0,30,0,0,0,1,0,0,0,0,0,0,8,0,0,0,0,0,0,0,1,1,0,0,0,4,0,0,0,0,0,0,7,0,0,1,0,0,7,0,0,0
610508,1044,1040,47,356,642,46,688,0,688,7,0,0,3,0,2,2,0,0,0,106,2,0,1,113,0,0,0,0,32,1,0,0,20,1,18,0,0,0,0,162,1,0,34,0,0,173,6,0,4
610509,288,291,35,84,175,29,204,0,204,1,0,0,2,0,0,0,0,0,0,28,0,0,0,19,0,0,0,0,3,0,0,0,21,0,1,0,0,0,0,63,0,0,2,0,0,63,0,0,1
610510,147,146,19,39,94,14,108,0,108,0,0,0,0,3,0,0,0,0,0,22,0,0,0,3,0,0,0,0,7,0,0,0,7,0,0,0,0,0,0,32,0,0,0,0,1,32,1,0,0
610511,432,426,26,117,289,26,315,0,315,1,0,1,1,0,3,0,0,0,0,63,0,0,0,20,0,0,0,0,8,6,0,0,20,0,2,0,0,0,0,92,0,0,8,0,1,83,2,0,4
610512,549,543,48,129,374,46,420,0,420,4,0,0,0,0,0,0,0,0,1,91,0,0,0,38,0,0,0,0,13,0,0,1,52,0,5,0,0,0,1,108,0,1,3,0,0,90,11,1,0
610513,372,372,32,93,250,29,279,0,279,3,1,0,2,0,0,0,1,0,0,36,1,0,0,40,0,1,0,0,13,0,0,0,19,0,0,0,0,0,0,88,0,0,2,0,0,67,2,1,2
610514,384,391,34,98,255,31,286,0,286,2,2,0,0,0,0,0,0,0,0,60,0,0,0,20,0,0,0,0,16,0,0,3,38,0,0,0,0,0,0,62,0,0,6,0,0,74,2,0,1
610515,186,187,20,45,123,18,141,0,141,0,0,1,1,0,2,0,0,0,0,31,0,0,0,4,0,0,0,0,6,0,1,0,8,0,0,0,0,1,0,34,0,0,0,0,0,49,2,1,0
610516,795,787,48,291,459,45,504,0,504,7,0,0,2,0,5,0,0,1,0,101,0,0,0,65,0,0,0,1,27,2,0,0,33,1,0,0,0,0,1,138,0,0,10,1,1,100,4,0,4
610517,729,725,95,211,430,88,518,0,518,5,1,0,4,0,3,0,0,1,0,151,0,0,0,74,0,0,0,0,11,0,0,1,31,0,6,0,0,0,0,114,0,0,17,0,0,96,3,0,0
610518,540,530,49,148,345,47,392,0,392,2,0,0,0,0,2,0,0,0,0,84,0,0,0,37,0,0,0,0,13,0,0,1,30,0,0,0,0,0,1,106,1,1,11,0,2,91,3,1,6
610519,597,593,28,229,342,26,368,0,368,4,0,1,0,0,0,1,0,0,1,77,0,0,0,42,0,0,0,0,14,0,0,2,45,0,0,0,0,0,1,56,0,0,10,0,0,104,9,1,0
610520,273,273,36,79,163,31,194,0,194,0,0,0,1,0,1,0,0,1,0,44,0,0,0,18,0,0,0,0,7,0,0,0,14,0,0,0,0,0,0,48,0,0,8,0,0,47,3,0,2
610521,312,315,26,82,205,25,230,0,230,2,0,0,0,0,0,0,0,0,0,47,0,0,0,18,0,0,0,0,12,0,0,2,14,0,1,0,0,0,0,35,0,0,4,0,2,86,6,0,1
610522,1011,998,25,460,527,24,551,0,551,11,0,1,3,0,1,0,0,0,0,164,0,0,1,53,0,0,0,0,23,0,0,3,84,0,11,0,0,0,0,80,0,0,12,0,0,95,6,0,3
610523,1053,1046,76,292,685,76,761,0,761,11,0,2,3,0,1,0,0,2,0,75,0,1,0,103,0,1,0,0,35,1,0,2,101,0,5,0,1,0,1,185,0,0,12,0,0,204,7,1,7
610524,702,694,75,149,481,72,553,0,553,3,0,2,5,1,1,0,0,0,1,77,0,0,0,27,0,0,0,0,12,0,1,1,83,1,1,0,1,0,3,149,0,0,9,0,1,157,9,0,8
610525,792,782,45,237,513,42,555,0,555,4,0,0,0,0,2,0,0,0,0,151,0,0,0,36,0,0,0,0,34,0,0,0,48,0,3,0,0,0,0,123,0,1,21,0,1,119,9,0,3
610526,132,128,2,42,88,2,90,0,90,1,0,0,0,0,1,0,0,0,0,25,0,0,0,8,0,0,0,0,4,0,0,0,12,0,0,0,0,0,0,13,0,0,2,0,0,23,0,0,1
610527,819,818,82,286,454,79,533,0,533,7,3,0,0,0,2,2,0,1,1,109,0,0,0,64,0,0,1,1,12,0,0,0,38,0,1,0,0,1,3,159,1,0,24,0,0,91,9,1,2
610528,507,493,26,148,333,26,359,0,359,2,0,1,0,0,1,0,0,0,0,67,0,0,0,51,0,0,0,0,22,1,0,3,32,0,1,0,1,0,1,68,0,0,10,1,0,89,4,1,3
610529,255,260,27,59,171,25,196,0,196,5,0,0,3,0,1,0,0,0,0,28,0,0,0,5,0,0,0,2,22,0,0,3,27,0,0,0,0,0,0,49,0,0,7,0,0,40,4,0,0
610530,330,326,30,88,217,25,242,0,242,0,0,1,1,0,4,0,0,0,0,48,0,0,0,21,0,0,0,0,6,0,0,0,20,0,0,0,0,0,0,90,0,0,7,0,0,39,3,1,1
610531,144,139,6,50,88,6,94,0,94,2,0,0,0,0,2,0,0,0,1,10,0,0,0,10,0,0,0,0,7,0,0,0,7,0,0,0,0,0,0,17,0,0,0,0,0,37,1,0,0
610532,387,390,33,96,259,32,291,0,291,1,1,1,6,1,1,0,0,0,0,52,0,0,0,35,0,0,0,0,9,0,0,1,25,0,1,0,0,0,0,57,0,0,11,0,0,85,4,0,0
610533,303,297,13,78,213,12,225,0,225,7,0,0,3,0,0,0,0,0,0,38,0,0,0,16,0,0,0,0,23,0,0,1,16,1,0,0,0,0,0,69,0,0,4,0,0,46,0,0,1
610534,378,376,35,104,240,34,274,0,274,7,2,0,0,0,0,0,0,1,0,54,0,0,0,30,0,0,0,0,11,0,0,1,27,0,0,0,0,0,0,76,0,0,11,0,0,49,4,0,1
610535,480,479,38,162,288,30,318,0,318,3,0,0,0,0,0,0,0,0,0,44,0,0,0,43,0,0,0,0,10,0,0,0,28,0,1,0,0,0,0,84,0,1,27,0,0,70,4,0,3
610536,669,664,45,227,400,42,442,0,442,9,0,1,0,0,5,0,0,0,0,50,0,0,3,71,0,0,0,0,47,0,0,0,42,1,0,0,0,0,1,112,0,0,17,0,0,77,6,0,0
610537,612,600,32,177,407,28,435,0,435,5,0,1,1,0,1,0,2,0,0,91,0,0,0,64,1,0,0,0,30,0,0,0,25,0,0,0,0,0,0,103,1,0,13,0,0,88,5,0,4
610538,744,741,64,202,479,63,542,0,542,7,1,0,0,0,2,0,0,0,0,86,0,0,0,52,0,0,0,0,18,0,0,0,41,0,2,0,0,0,0,165,0,0,9,0,0,149,6,0,4
610539,414,414,23,121,272,21,293,0,293,1,0,1,0,0,1,0,1,0,1,78,0,0,0,34,0,0,0,0,15,0,0,0,37,1,2,0,0,0,0,36,0,1,4,0,1,73,5,0,1
610540,738,729,52,233,455,50,505,0,505,6,1,4,0,0,2,0,0,0,0,111,0,0,0,64,0,0,0,1,21,0,0,0,20,1,3,0,1,0,1,141,1,0,27,0,1,96,2,0,1
610541,222,33,23,195,5,22,27,0,27,0,0,0,0,0,0,0,0,0,0,7,0,0,0,0,0,0,0,0,2,0,0,0,0,0,0,0,0,0,0,11,0,0,0,0,0,6,1,0,0
610542,522,509,23,120,379,23,402,0,402,3,1,0,0,0,20,1,3,0,0,33,1,0,0,32,0,0,0,0,10,0,0,0,37,0,0,0,0,0,0,165,0,0,18,0,0,76,2,0,0
610543,408,404,31,101,276,31,307,0,307,2,1,0,0,0,19,0,0,0,0,17,1,0,0,34,0,0,0,0,1,0,0,1,53,0,0,0,1,0,0,106,0,0,10,1,0,58,2,0,0
610553,531,523,33,249,251,31,282,0,282,3,0,0,0,1,10,1,0,3,0,18,0,0,0,31,1,0,0,0,3,0,0,0,50,0,1,0,0,0,1,85,1,0,5,0,1,60,5,2,0
610588,516,512,46,191,281,44,325,0,325,3,0,1,2,0,25,0,0,1,0,24,0,0,0,67,0,0,0,0,10,0,0,1,54,0,1,0,0,0,1,52,1,0,5,0,0,64,6,0,7
610589,402,399,37,164,201,37,238,0,238,2,0,0,0,0,24,0,0,4,0,21,0,0,0,24,0,0,0,0,8,0,0,1,43,0,0,0,0,0,1,44,0,0,0,2,0,59,0,1,4
610590,261,258,18,81,163,17,180,0,180,3,0,0,0,0,31,0,0,1,0,4,0,0,0,21,0,0,0,0,2,0,0,0,23,0,1,0,0,0,0,34,0,0,5,0,0,50,3,1,1
610593,300,297,19,106,175,19,194,0,194,1,0,0,0,0,7,0,0,1,0,22,0,0,0,28,0,0,0,0,1,0,0,0,31,0,0,0,0,0,0,48,0,0,11,0,0,41,1,0,2
610594,159,154,15,42,105,12,117,0,117,2,0,0,0,0,4,0,0,1,0,9,0,0,0,4,0,0,0,0,0,0,0,1,30,0,0,0,0,0,0,26,0,0,0,0,0,40,0,0,0
610595,222,216,13,75,135,12,147,0,147,4,0,0,0,0,4,0,0,0,0,30,0,0,0,17,0,0,0,0,1,0,0,0,39,2,0,0,0,0,1,16,0,0,0,0,0,32,1,0,0
610605,1164,1155,21,411,736,17,753,0,753,15,2,0,4,0,45,1,0,0,0,80,0,0,1,114,0,0,0,1,17,0,1,1,136,1,0,0,0,0,1,147,0,0,14,0,0,158,9,0,5
610606,720,716,69,289,362,69,431,0,431,6,0,1,2,0,27,0,0,3,0,41,0,0,0,44,0,0,0,0,11,0,0,0,71,2,2,0,0,0,1,112,1,0,7,0,0,91,3,1,5
610608,678,663,28,213,437,28,465,0,465,12,0,1,1,0,17,0,0,1,1,38,0,0,0,48,0,0,0,0,2,0,0,2,80,0,5,0,0,0,0,129,0,0,9,0,0,115,3,1,0
610611,378,377,33,88,259,31,290,0,290,4,1,0,1,0,3,0,0,3,0,43,0,0,0,30,0,0,0,0,5,0,0,0,62,2,0,0,0,0,0,64,0,0,11,0,0,59,1,1,0
610612,219,222,26,40,154,25,179,0,179,2,0,0,0,0,4,0,0,0,0,9,0,0,0,13,0,0,0,0,10,0,0,0,37,0,0,0,0,0,0,33,0,0,6,0,0,63,0,2,0
610781,357,360,18,136,205,16,221,0,221,3,0,0,0,0,1,0,1,0,0,30,0,0,0,17,0,0,0,0,12,0,0,0,30,0,1,0,0,0,1,63,0,0,1,0,0,52,9,0,0
610782,255,259,21,60,174,21,195,0,195,6,0,0,0,0,0,0,0,0,0,22,0,0,0,12,0,0,0,0,28,0,0,0,20,0,0,0,0,0,0,36,0,0,0,0,0,71,0,0,0
610783,216,207,20,62,134,20,154,0,154,1,0,0,0,0,0,0,0,0,0,34,0,0,0,11,0,0,0,0,3,0,0,0,11,0,1,0,0,0,0,51,0,0,6,0,0,33,2,0,1
610784,63,61,7,18,38,7,45,0,45,2,0,0,0,0,0,0,0,0,0,9,0,0,0,3,0,0,0,0,0,0,0,0,7,0,0,0,0,0,0,16,0,0,1,0,0,7,0,0,0
610785,588,585,43,200,345,43,388,0,388,6,0,0,0,1,0,0,0,0,0,60,0,0,0,26,0,0,0,0,24,0,0,1,34,0,3,0,0,0,0,123,0,0,4,0,0,104,2,0,0
610786,366,366,25,108,233,25,258,0,258,3,0,1,2,0,1,0,0,1,0,35,0,0,0,34,0,0,0,0,8,0,0,1,34,0,2,0,0,0,0,53,0,0,7,0,0,73,2,0,1
610787,498,490,36,204,258,36,294,0,294,1,0,0,0,1,0,0,0,0,0,50,0,0,0,29,0,0,0,2,16,1,0,0,56,0,0,0,0,0,0,86,0,0,5,0,0,44,0,0,3
610788,603,592,59,205,340,58,398,0,398,5,0,0,1,1,0,0,0,3,0,87,0,0,0,28,0,0,0,2,20,0,0,0,28,0,3,0,0,0,1,135,0,0,6,0,1,70,5,0,2
610789,423,414,35,153,235,35,270,0,270,2,0,0,1,0,1,0,0,0,0,41,0,0,0,14,0,0,0,0,16,0,0,1,28,0,0,0,0,0,1,115,0,0,4,0,0,41,2,1,2
610790,258,261,14,99,145,14,159,0,159,1,0,0,1,0,0,0,0,0,0,13,0,0,0,1,0,0,0,0,7,0,0,0,15,0,3,0,0,0,0,74,0,0,2,0,0,37,0,1,4
610791,63,63,11,13,39,11,50,0,50,0,0,0,0,0,0,0,0,0,0,4,0,0,0,0,0,0,0,0,0,0,0,0,4,0,0,0,0,0,0,24,0,0,0,0,0,18,0,0,0
610792,108,113,11,27,70,11,81,0,81,0,0,0,0,0,0,0,0,0,0,8,0,0,0,3,0,0,0,0,2,0,0,0,10,0,0,0,0,0,0,33,0,0,0,0,0,23,2,0,0
610793,498,494,19,227,253,18,271,0,271,4,0,0,1,0,1,0,0,1,0,30,0,0,0,32,0,0,0,0,7,0,1,0,23,0,2,0,0,0,0,90,1,0,2,0,0,68,0,0,8
610794,99,102,2,32,65,2,67,0,67,1,0,0,0,0,0,0,0,0,0,10,0,0,0,6,0,1,0,0,0,0,0,0,8,0,0,0,0,0,0,18,0,0,0,0,0,23,0,0,0
610795,111,111,18,39,54,18,72,0,72,0,0,0,0,0,0,0,0,0,0,13,0,0,0,0,0,0,0,0,0,0,0,0,4,0,4,0,0,0,0,33,0,0,1,0,0,13,1,1,2
610796,195,195,20,68,110,17,127,0,127,1,0,0,2,0,0,0,0,0,0,15,0,0,0,0,0,0,0,0,10,0,0,0,9,0,0,0,0,0,0,42,2,0,2,0,0,40,1,0,3
610797,552,543,49,211,292,49,341,0,341,3,2,0,0,0,0,1,0,1,0,49,0,0,0,30,0,0,0,0,25,1,0,1,26,0,0,0,0,0,2,110,0,0,8,0,0,79,1,0,2
610798,135,133,11,42,82,11,93,0,93,1,0,0,0,0,0,0,0,0,0,10,0,0,0,12,0,0,0,0,12,0,0,1,12,0,0,0,0,0,0,24,2,0,2,1,0,16,0,0,0
610799,420,422,24,123,273,24,297,0,297,8,0,0,1,0,1,0,0,1,0,43,1,0,1,29,0,0,0,1,10,0,0,0,33,0,2,0,0,0,0,94,0,0,7,0,1,61,2,0,1
610800,111,107,0,53,58,0,58,0,58,0,0,1,0,0,0,0,0,0,0,11,0,0,0,3,0,0,0,0,0,0,0,0,4,0,1,0,0,0,0,26,0,0,2,0,0,10,0,0,0
610801,957,946,41,280,638,39,677,0,677,6,1,1,3,2,1,0,0,1,1,58,0,0,0,50,2,0,0,1,55,1,0,1,102,0,1,0,0,0,1,228,0,0,14,0,0,128,9,1,9
610802,720,707,49,303,369,48,417,0,417,1,0,1,0,0,1,0,0,0,0,91,0,0,0,40,0,0,0,1,21,2,0,1,44,0,1,0,0,0,0,104,0,0,12,0,0,92,4,0,1
610803,402,397,30,140,232,30,262,0,262,0,0,0,0,0,2,1,0,0,0,23,0,2,0,18,0,0,0,0,22,0,0,0,30,0,4,0,0,1,0,114,1,0,4,0,1,35,2,0,2
610804,1146,1128,13,496,637,13,650,0,650,8,1,1,2,0,4,1,0,0,0,115,0,0,0,66,0,0,0,0,39,0,0,1,23,0,3,0,1,0,0,181,0,2,29,0,1,157,7,3,5
610805,1044,1013,20,403,621,20,641,0,641,14,0,0,1,0,4,0,0,0,0,114,0,1,0,58,0,2,0,1,48,0,0,0,35,0,4,0,0,0,0,166,0,0,34,0,0,152,4,0,3
610806,393,398,10,105,278,10,288,0,288,4,0,0,0,0,1,0,0,0,0,27,0,0,0,25,0,0,0,0,14,0,0,0,33,0,2,0,0,0,1,108,0,0,5,0,0,63,5,0,0
610807,873,854,39,289,545,39,584,0,584,1,0,0,2,0,0,0,0,0,0,91,0,0,0,66,0,4,0,0,33,0,1,0,53,1,0,0,0,0,1,179,0,0,38,0,1,99,8,0,6
610808,1260,1243,52,408,802,50,852,0,852,12,0,0,3,0,1,0,0,0,0,159,0,2,1,120,1,0,0,1,45,1,2,0,45,0,6,0,0,0,0,262,2,0,32,0,0,140,7,0,10
610809,567,562,26,255,286,26,312,0,312,6,0,0,1,0,0,0,0,0,0,45,1,0,0,41,0,0,0,0,17,0,1,0,29,0,2,0,0,0,0,64,0,0,2,0,0,97,5,0,1
610810,297,297,11,78,208,11,219,0,219,5,0,0,0,0,0,0,0,0,0,20,0,0,0,41,0,0,0,0,9,2,0,0,17,0,2,0,0,0,0,33,0,0,2,0,0,81,2,0,5
610811,636,628,56,240,340,56,396,0,396,7,1,2,2,0,2,0,0,0,0,49,0,0,0,35,0,0,0,0,31,0,1,0,43,0,1,0,1,1,0,114,0,1,7,0,0,87,6,0,5
610812,216,214,9,82,125,9,134,0,134,3,0,0,2,0,0,0,1,0,0,13,0,0,0,6,0,0,0,0,4,0,0,1,27,0,1,0,0,1,0,24,0,0,0,0,0,44,3,0,4
610813,126,46,17,86,25,15,40,0,40,0,0,0,0,0,0,0,0,0,0,5,0,0,0,3,0,0,0,0,1,0,0,0,5,0,0,0,0,0,0,13,1,0,3,0,0,9,0,0,0
610893,483,479,28,135,323,25,348,0,348,6,0,1,1,0,0,0,0,0,0,95,0,0,0,36,0,1,0,0,18,0,0,0,19,0,9,0,0,0,1,94,0,0,10,0,0,50,4,0,3
610894,309,308,13,83,213,13,226,0,226,4,0,1,1,0,1,0,0,0,0,42,0,0,0,40,0,0,0,0,10,0,0,0,6,0,5,0,0,0,1,60,0,0,3,0,0,48,3,0,1
610895,2103,2102,49,754,1303,46,1349,0,1349,9,4,1,1,0,7,0,1,1,0,315,0,1,0,248,0,0,0,0,58,1,0,1,32,0,6,0,0,0,1,369,0,0,107,1,0,172,9,0,4
610896,1659,1641,40,539,1087,33,1120,0,1120,11,4,1,2,0,7,0,0,6,0,252,0,0,0,171,1,0,0,0,44,0,0,0,41,1,3,0,1,0,0,300,1,0,89,1,1,173,0,0,10
610897,906,913,11,281,617,8,625,0,625,4,4,1,1,0,6,0,1,8,0,144,0,0,0,89,0,0,0,1,18,0,0,0,21,0,5,0,0,0,0,151,0,1,62,0,0,102,3,0,3
610898,945,936,52,309,593,43,636,0,636,8,0,1,1,0,1,0,0,1,0,158,0,0,1,96,0,0,0,0,36,0,0,1,25,0,1,0,1,0,1,155,0,1,17,0,1,126,3,0,1
610899,165,165,6,38,121,6,127,0,127,0,0,0,0,1,0,0,0,1,0,20,0,0,0,15,0,0,0,0,10,0,0,0,10,0,0,0,0,0,0,49,0,1,0,0,0,18,2,0,0
610900,2028,2114,45,584,1406,38,1444,0,1444,16,0,2,4,0,13,0,0,1,0,364,0,1,0,209,0,1,0,0,66,0,0,0,27,0,12,0,0,0,1,424,1,2,124,0,2,159,5,2,8
610901,2145,2129,24,743,1383,19,1402,0,1402,18,5,2,3,1,4,0,0,1,0,350,0,0,0,224,2,0,0,1,76,1,0,1,35,0,6,0,0,0,0,330,0,1,123,0,2,195,7,1,13
610902,2226,2219,20,793,1417,16,1433,0,1433,16,2,0,2,1,7,0,0,5,2,373,2,1,0,276,0,1,0,0,65,0,0,3,35,0,4,0,0,1,0,335,0,0,100,1,1,187,4,2,7
610903,213,209,8,56,149,8,157,0,157,0,0,1,0,0,0,0,0,1,0,49,1,0,0,21,0,0,0,0,3,0,0,0,2,0,1,0,0,0,0,27,0,0,11,0,0,35,0,0,5
610904,1494,1477,33,522,939,33,972,0,972,6,0,1,1,1,5,0,0,4,0,198,0,1,0,198,0,0,0,0,26,2,0,2,26,1,4,0,1,0,0,252,0,0,60,1,1,166,4,2,9
610905,1113,1107,20,401,693,19,712,0,712,14,2,1,6,1,6,0,1,4,1,127,0,1,0,116,0,0,1,0,41,1,0,1,26,0,4,0,0,0,1,165,1,0,52,1,0,122,7,2,7
610906,1542,1533,42,482,1022,38,1060,0,1060,14,1,2,3,0,16,0,0,2,1,269,0,1,0,160,0,0,0,0,67,2,1,0,16,0,14,0,1,0,0,251,0,0,114,2,0,108,5,0,10
610907,1968,1971,40,587,1343,38,1381,0,1381,12,1,0,1,1,2,0,1,4,0,412,0,3,0,217,0,0,0,0,83,0,0,0,15,1,16,0,2,0,1,343,0,0,106,1,1,147,7,0,4
610908,1770,1750,85,606,1083,81,1164,0,1164,10,2,0,1,0,4,0,0,0,0,310,0,5,0,175,0,0,0,0,37,0,0,0,55,1,3,0,0,0,0,264,0,0,77,0,0,203,7,0,10
610909,981,973,50,287,646,48,694,0,694,7,0,0,0,0,3,0,0,0,0,133,0,1,0,94,0,0,0,1,44,1,0,1,43,0,5,0,0,0,0,174,0,1,24,0,1,149,11,0,1
610910,1374,1368,19,376,983,15,998,0,998,12,0,1,1,0,6,1,0,1,0,211,0,1,0,184,0,0,0,0,53,1,0,1,10,1,8,0,0,0,0,246,0,1,93,1,1,156,2,2,4
610911,618,612,27,204,389,25,414,0,414,6,0,0,2,0,0,0,0,2,0,107,0,0,1,61,0,0,0,0,24,0,1,1,32,0,2,0,0,0,2,68,0,0,4,0,0,91,6,0,4
610912,264,261,11,57,196,11,207,0,207,1,0,0,1,0,0,0,0,0,1,40,0,0,0,26,0,0,0,0,13,0,0,0,15,0,0,0,0,0,0,37,0,0,5,0,0,67,0,1,0
610913,555,551,25,169,361,25,386,0,386,4,0,1,1,0,1,1,0,1,0,91,0,0,0,70,0,0,0,1,21,0,0,0,24,0,3,0,0,0,1,84,0,0,14,0,1,63,2,1,1
610914,321,317,14,100,208,13,221,0,221,2,1,0,0,0,1,0,0,0,0,38,0,0,0,21,0,0,0,0,11,0,0,0,20,0,0,0,0,0,1,57,0,0,8,0,1,57,2,0,1
610915,741,750,51,146,544,51,595,0,595,5,1,1,1,0,11,0,0,0,0,126,0,0,0,108,0,0,0,0,18,2,1,0,24,0,2,0,0,0,1,111,0,1,40,0,0,132,7,0,3
610916,483,475,42,122,322,39,361,0,361,2,0,0,2,0,1,0,0,0,0,108,1,0,0,42,0,0,0,0,5,0,0,0,21,0,7,0,0,1,1,48,0,0,24,0,0,93,4,1,0
610917,684,679,64,194,428,62,490,0,490,2,0,1,0,1,2,0,0,0,0,75,0,1,0,57,0,0,0,0,11,1,0,0,24,0,2,0,0,0,2,215,0,1,22,0,0,60,7,1,5
610918,534,532,54,170,313,51,364,0,364,2,0,0,1,0,0,0,0,0,0,54,0,0,0,31,1,0,0,0,24,0,0,0,13,0,0,0,0,0,1,123,1,0,15,0,1,89,4,1,3
610919,393,388,26,91,276,26,302,0,302,3,1,0,0,0,0,0,1,0,1,74,0,0,0,31,0,0,0,0,10,0,0,0,20,0,0,0,0,0,0,71,0,0,20,0,0,65,3,0,2
610920,195,194,12,34,149,12,161,0,161,3,0,0,2,0,0,0,0,0,0,34,0,0,0,11,0,0,0,0,2,0,0,0,12,0,3,0,0,0,0,30,0,1,19,0,0,41,3,0,0
610921,783,772,65,260,460,63,523,0,523,1,0,0,1,0,7,0,0,2,0,109,0,0,0,52,0,0,0,1,29,0,0,1,38,0,5,0,0,0,1,148,0,0,32,0,1,93,2,0,0
610922,345,340,31,104,210,31,241,0,241,6,0,0,1,0,1,0,0,0,0,47,0,0,0,30,0,0,0,0,7,0,0,0,12,0,3,0,0,0,1,53,0,0,5,1,0,70,4,0,0
610923,552,547,56,192,307,53,360,0,360,7,0,0,1,1,3,0,0,1,0,47,0,0,0,41,0,2,0,1,22,0,0,1,24,0,1,0,0,0,0,78,0,0,11,0,0,111,4,0,4
610924,516,512,13,125,378,13,391,0,391,6,3,0,1,0,1,0,0,0,0,95,0,1,0,55,0,1,0,0,29,0,0,0,13,0,2,0,0,1,1,98,0,1,15,0,0,62,5,0,1
610925,297,294,10,74,213,10,223,0,223,1,0,0,0,1,1,0,0,0,1,27,0,1,0,15,0,0,0,0,4,0,0,1,12,0,0,0,0,0,1,97,0,0,13,0,0,43,5,0,0
610926,1023,1017,66,294,663,66,729,0,729,9,0,1,2,1,3,0,1,1,0,203,0,0,1,113,0,0,0,0,26,0,0,0,40,1,2,0,0,0,1,127,0,0,43,0,1,145,6,1,1
610927,105,108,10,33,64,8,72,0,72,1,0,0,0,0,0,0,0,0,0,23,0,0,0,10,0,0,0,0,6,0,0,0,10,0,0,0,0,0,0,4,0,0,0,0,0,17,1,0,0
610928,348,349,29,123,196,29,225,0,225,4,1,0,0,0,3,0,0,2,1,37,0,1,0,42,0,0,0,0,8,0,0,0,25,0,0,0,1,0,0,63,0,0,2,0,0,30,4,0,1
610929,423,418,21,141,263,19,282,0,282,3,1,0,0,0,0,0,0,0,0,76,0,1,0,51,0,0,0,0,13,0,0,1,7,0,3,0,0,0,0,55,0,1,8,0,0,52,4,1,5
610930,609,605,37,147,428,34,462,0,462,6,0,2,1,0,0,0,0,0,0,79,0,0,0,76,0,0,0,0,20,0,0,1,35,1,0,0,1,0,0,120,1,0,23,0,0,93,1,0,2
610931,1635,1622,41,472,1124,39,1163,0,1163,21,4,0,8,2,5,0,0,0,0,332,2,0,0,202,0,0,0,0,78,0,0,0,32,0,10,0,0,0,0,249,0,0,47,0,0,149,10,2,10
610932,1344,1332,86,470,794,80,874,0,874,6,0,2,3,0,2,0,0,1,0,195,1,0,0,157,0,0,0,0,34,0,0,2,54,0,4,0,0,0,1,217,1,1,30,0,0,155,6,0,2
610933,1440,1436,22,471,947,22,969,0,969,9,2,3,2,0,3,0,0,0,0,248,0,0,0,158,0,0,0,0,36,0,1,0,30,0,7,0,0,0,1,263,1,1,61,0,2,127,3,2,9
610934,2397,2397,93,770,1538,89,1627,0,1627,16,3,2,5,3,12,1,0,5,0,366,1,3,0,252,0,1,0,1,55,0,0,0,22,0,6,0,2,0,3,420,0,2,177,0,0,253,8,1,7
610935,750,756,17,228,505,17,522,0,522,3,3,0,0,1,2,0,0,1,0,83,0,0,0,87,0,0,0,0,29,0,0,0,17,0,2,0,1,0,0,152,0,0,27,0,0,103,2,0,9
610936,183,179,83,23,91,69,160,0,160,4,1,0,0,0,8,1,0,0,0,24,0,0,0,5,0,0,0,0,3,0,0,0,7,0,3,0,0,1,0,72,0,0,3,0,0,23,3,0,2
610937,1569,1570,46,430,1101,38,1139,0,1139,7,4,3,3,0,5,0,0,2,0,285,0,1,0,136,0,2,0,0,37,0,1,1,22,0,8,0,0,1,0,355,0,0,82,0,0,176,3,1,4
610938,1074,1053,65,318,699,57,756,0,756,11,0,2,0,0,4,1,0,2,0,189,1,2,0,91,0,0,0,0,48,0,0,0,57,1,2,0,0,0,0,176,0,0,62,0,0,95,7,0,5
610939,480,446,31,117,333,30,363,0,363,7,1,1,0,0,2,0,0,1,0,65,0,0,1,36,0,0,0,0,34,0,0,0,15,0,0,0,0,0,0,88,1,0,24,0,0,85,2,0,0
610940,777,777,56,181,542,54,596,0,596,5,0,0,0,0,1,0,0,0,0,161,0,0,0,59,0,0,0,0,21,0,0,0,32,0,1,0,0,0,1,188,1,0,15,0,0,100,7,1,3
610941,483,473,36,166,282,35,317,0,317,6,0,0,0,1,1,0,0,0,0,77,0,0,0,81,0,0,0,0,14,0,0,0,13,0,0,0,0,0,0,78,0,0,11,0,0,31,2,2,0
610942,489,482,16,158,315,16,331,0,331,4,0,0,1,0,0,0,0,0,0,58,0,0,0,71,0,0,0,0,16,0,0,0,29,0,0,0,0,0,0,69,0,0,19,0,0,57,3,1,3
610943,432,430,25,135,273,24,297,0,297,2,0,0,0,0,3,0,0,0,0,37,0,1,0,41,0,0,0,0,15,0,0,1,36,0,0,0,0,0,0,46,0,0,3,0,2,104,5,0,1
610944,222,220,13,58,152,12,164,0,164,1,0,0,1,0,0,0,0,0,0,17,0,0,0,15,0,0,0,0,7,0,0,0,20,0,3,0,0,0,0,45,0,0,3,0,0,48,4,0,0
610945,564,560,28,189,348,27,375,0,375,7,2,0,1,0,0,0,0,0,0,53,0,0,0,45,0,0,0,2,27,0,0,0,30,0,2,0,0,0,0,64,0,0,4,0,0,128,8,0,2
610946,1053,1050,16,320,717,16,733,0,733,7,0,0,1,0,3,0,0,1,0,183,0,0,0,127,0,1,1,0,30,0,0,1,17,0,2,0,1,0,0,131,0,0,72,0,1,149,4,0,1
610947,492,496,37,117,340,35,375,0,375,2,0,0,1,0,3,0,2,1,0,44,0,0,0,31,0,0,0,1,22,0,1,1,23,0,0,0,0,0,0,152,2,0,28,0,1,52,6,0,2
610948,468,478,19,114,337,17,354,0,354,1,0,0,0,1,1,0,0,0,0,62,1,0,0,41,0,0,0,0,32,0,0,0,12,0,4,0,0,0,0,103,1,0,13,0,0,77,2,1,2
610949,588,586,16,167,405,16,421,0,421,0,0,1,0,0,1,0,0,0,0,98,0,0,1,60,0,0,0,0,20,0,0,0,13,0,1,0,0,0,0,80,0,0,23,0,0,120,1,0,2
610950,273,276,20,73,183,17,200,0,200,1,0,0,0,0,0,0,0,0,0,63,1,0,0,26,0,0,0,0,11,1,0,0,3,0,0,0,2,0,0,42,0,0,2,0,0,46,2,0,0
610951,579,579,36,138,406,35,441,0,441,5,0,1,2,0,6,0,0,0,0,94,0,0,0,82,0,0,0,0,20,0,0,1,29,0,5,0,0,0,1,93,0,0,22,0,0,68,4,1,7
610952,486,482,54,97,335,54,389,0,389,4,2,0,0,0,1,0,0,0,0,85,0,0,0,63,0,0,0,0,26,1,0,0,18,0,2,0,0,0,0,84,0,0,14,0,1,86,1,0,1
610953,840,830,32,252,560,28,588,0,587,4,2,1,0,0,6,0,0,0,0,170,0,0,1,77,0,0,0,0,24,0,0,1,21,0,2,0,0,1,2,142,0,0,42,0,0,89,1,0,1
610954,1164,1160,40,351,778,35,813,0,813,8,1,1,3,0,1,0,0,0,1,194,0,0,0,122,0,0,0,0,43,0,0,0,20,0,4,0,0,0,0,200,0,1,82,0,1,122,4,0,5
610955,126,15,2,111,13,2,15,0,15,0,0,0,0,0,0,0,0,0,0,4,0,0,0,2,0,0,0,0,0,0,0,0,1,0,0,0,0,0,0,6,0,0,0,0,0,1,0,0,1
610956,240,25,6,220,15,5,20,0,20,1,0,0,0,0,0,0,0,0,0,3,0,0,0,3,0,0,0,0,1,0,0,0,1,0,1,0,0,0,0,4,0,0,2,0,0,4,0,0,0
610957,60,15,0,45,15,0,15,0,15,0,0,0,0,0,1,0,0,0,0,0,0,0,0,1,0,0,0,0,2,0,0,0,2,0,0,0,0,0,0,5,0,0,0,0,0,4,0,0,0
610958,69,39,20,41,8,20,28,0,28,0,0,0,0,0,1,0,0,0,0,3,0,0,0,2,0,0,0,0,2,0,0,0,1,0,1,0,0,0,0,15,0,0,0,0,0,2,1,0,0
611092,912,909,21,296,600,16,616,0,616,6,0,1,2,0,2,0,0,1,0,149,0,0,0,93,1,0,0,1,20,0,0,1,16,0,2,0,0,0,1,148,0,0,39,0,0,125,6,1,1
611093,2202,2209,11,783,1409,10,1419,0,1419,9,4,3,2,0,17,0,0,12,2,359,0,1,0,235,0,0,0,0,74,1,1,1,25,1,7,0,0,0,0,387,0,1,109,0,0,157,3,2,6
611094,1188,1170,1,442,745,1,746,0,746,11,0,4,0,2,9,0,0,2,1,168,0,1,0,149,0,1,0,0,42,0,0,1,9,0,6,0,0,0,0,149,0,0,69,0,1,114,6,0,1
611095,1950,1944,8,807,1139,4,1143,0,1143,11,3,2,9,1,15,0,0,3,0,228,0,0,0,292,0,1,1,0,45,1,0,0,13,0,4,0,2,3,1,272,0,0,115,0,0,109,5,0,7
611182,99,29,21,74,8,17,25,0,25,0,0,0,0,0,0,0,0,0,0,4,0,0,0,2,0,0,0,0,1,0,0,0,0,0,0,0,0,0,0,7,0,0,1,0,0,9,1,0,0,31,03,2019,21,40
