050072,2175,2153,15,885,1278,12,1290,0,1290,10,2,1,5,5,37,2,0,21,0,111,0,0,0,295,0,0,1,0,29,0,1,0,48,0,3,0,2,0,2,326,1,2,216,0,0,152,3,1,14
050073,2460,2432,10,1070,1380,10,1390,0,1390,19,1,1,3,0,48,0,0,28,0,108,0,0,0,324,0,0,0,0,19,1,0,2,50,1,2,0,0,1,2,345,1,3,270,0,3,142,8,0,8
050074,2208,2156,13,994,1208,6,1214,0,1214,20,4,2,2,1,50,0,1,17,0,114,0,2,0,274,0,1,0,0,25,0,2,1,46,0,2,0,0,0,2,272,1,3,216,1,1,130,12,1,11
050075,1296,1275,2,561,733,2,735,0,735,4,0,0,1,0,25,1,1,7,0,45,0,0,0,209,0,0,1,0,12,0,0,2,48,1,3,0,0,0,1,148,0,0,123,0,4,85,10,0,4
050076,4002,1983,4,2928,1072,2,1074,0,1074,17,1,0,2,1,92,0,0,22,1,65,0,0,0,316,0,1,0,0,12,0,0,1,50,0,6,0,1,0,0,168,0,3,204,0,2,90,9,0,10
050077,1590,1570,4,696,890,4,894,0,894,10,0,3,0,0,36,0,0,8,0,79,0,0,2,235,1,1,0,0,6,0,0,0,74,0,2,0,0,0,2,183,0,1,108,0,2,132,6,0,3
050078,906,895,3,422,481,3,484,0,484,5,0,0,1,0,9,0,1,3,0,53,0,0,0,109,0,0,0,0,3,0,0,0,50,0,2,0,0,0,0,96,0,0,42,0,0,95,7,1,7
050079,1677,1654,19,703,956,18,974,0,974,21,0,1,1,0,35,2,0,8,0,82,0,3,0,301,0,3,0,0,8,0,0,1,131,2,2,0,0,0,0,168,0,0,83,0,0,111,0,2,9
050080,1377,1350,51,525,803,49,852,0,852,13,1,0,1,0,30,4,0,15,1,42,1,1,0,205,0,0,0,0,4,0,0,2,103,3,0,0,0,0,2,202,0,0,70,0,1,139,5,0,7
050081,1581,1573,7,654,923,4,927,0,927,15,0,1,2,1,27,0,0,19,1,100,0,1,1,242,0,8,0,0,8,0,0,2,102,0,2,0,0,0,3,199,0,2,66,0,1,103,9,2,10
050082,1527,1515,8,530,989,8,997,0,997,16,1,0,2,2,32,1,0,43,1,85,0,0,0,229,1,4,1,0,12,0,1,2,109,0,3,1,0,0,1,197,0,3,108,0,0,121,12,3,6
050083,513,502,36,178,301,34,335,0,335,6,0,0,0,1,4,0,0,7,0,30,0,0,0,77,0,0,0,0,1,0,0,0,30,0,1,0,0,0,2,68,0,0,4,0,1,96,6,0,1
050084,1332,1303,21,576,737,19,756,0,756,9,1,4,2,0,30,1,1,14,0,47,0,1,0,223,0,2,1,0,10,1,0,0,55,1,2,0,0,0,0,106,0,1,62,0,1,171,6,1,3
050085,1440,1422,28,619,796,25,821,0,821,7,0,4,0,2,15,0,1,13,0,43,0,3,1,177,1,0,1,0,2,0,0,0,87,0,1,0,0,0,2,150,0,4,76,0,0,216,9,0,6
050086,579,574,40,221,318,40,358,0,358,3,0,0,0,0,12,1,0,8,0,20,0,1,0,69,0,1,0,0,3,0,0,1,38,0,1,0,1,0,1,70,1,0,12,0,1,102,8,3,1
050087,450,444,33,115,305,30,335,0,335,0,0,0,0,1,10,1,1,6,0,22,0,0,0,90,0,1,0,0,4,0,0,0,69,2,0,0,0,0,0,54,0,0,10,0,0,58,0,0,6
050088,327,325,32,120,177,30,207,0,207,0,0,0,0,0,10,0,0,3,0,14,0,0,1,36,0,0,0,0,3,0,0,0,39,0,0,0,0,0,1,29,0,0,18,1,0,48,2,0,2
050089,426,420,7,123,296,7,303,0,303,7,0,0,3,0,21,0,0,6,0,26,1,0,0,70,0,0,0,0,1,0,0,0,32,0,2,0,0,0,0,76,0,2,5,1,0,42,5,1,2
050090,1347,1333,16,543,788,16,804,0,804,9,0,0,5,1,27,0,1,14,0,62,0,0,0,188,0,0,0,0,5,0,0,4,46,0,4,0,0,0,0,195,0,0,66,0,0,163,8,1,5
050091,750,745,29,152,569,29,598,0,598,11,0,0,0,0,13,0,1,16,0,23,0,0,0,105,0,1,0,0,1,0,0,2,108,0,0,0,0,0,1,117,0,1,47,0,0,134,7,1,9
050092,231,229,1,86,145,0,145,0,145,1,0,0,0,1,4,0,0,3,0,8,0,0,0,25,0,0,0,0,1,0,0,3,24,0,0,0,0,0,2,31,0,0,4,0,0,31,6,0,1
050093,1101,1100,43,393,665,43,708,0,708,7,0,2,1,1,27,0,0,15,1,32,0,1,0,146,0,2,0,0,12,0,0,0,52,1,1,1,0,0,0,113,1,1,59,1,1,214,11,2,3
050094,765,762,12,260,497,8,505,0,505,3,0,2,0,0,23,0,0,10,0,22,0,0,0,86,0,0,0,0,3,0,0,1,42,0,6,0,0,0,0,81,0,0,39,0,2,179,5,0,1
050095,441,440,10,130,301,10,311,0,311,4,0,0,0,0,7,0,0,7,0,26,0,0,0,75,0,0,0,0,3,0,0,3,35,0,2,0,0,0,3,39,0,0,8,0,0,90,7,0,2
050096,501,500,59,153,289,59,348,0,348,4,0,0,0,0,12,0,0,1,0,24,0,0,0,62,0,0,0,0,0,0,0,1,52,0,1,0,0,0,0,61,0,2,18,0,0,96,9,2,3
050097,159,156,16,26,117,16,133,0,133,4,1,0,0,0,6,0,0,2,0,5,0,0,0,15,0,0,0,0,1,0,0,0,23,0,0,0,0,0,0,29,2,1,3,0,0,40,0,0,1
050098,576,571,19,226,331,19,350,0,350,1,0,0,0,0,23,0,0,1,1,20,0,1,0,94,0,1,0,0,3,0,0,0,44,0,1,0,0,0,1,51,0,1,15,0,0,84,7,0,1
050099,273,270,10,54,209,10,219,0,219,3,0,0,1,2,12,0,0,6,0,8,0,0,0,66,0,0,0,0,1,0,0,0,29,0,1,0,0,0,1,15,2,0,11,0,1,57,2,1,0
050100,852,841,49,326,477,49,526,0,526,5,0,0,2,0,11,0,0,8,0,36,0,0,1,147,0,1,0,0,4,0,0,0,87,0,1,0,0,1,1,96,0,0,32,0,0,87,4,0,2
050101,126,127,13,24,89,13,102,0,102,0,0,0,0,0,3,1,0,2,0,9,0,1,0,22,0,0,0,0,0,0,0,0,15,0,0,1,0,0,0,13,0,1,9,0,0,18,2,0,5
050102,459,449,41,191,228,40,268,0,268,5,0,0,1,0,5,0,0,3,0,5,0,0,0,78,0,2,0,0,0,0,0,1,67,0,1,0,0,0,2,47,0,0,5,0,0,42,2,0,2
050103,960,950,50,344,567,49,616,0,616,8,1,2,0,0,22,0,0,16,0,40,0,0,0,143,0,0,0,0,3,0,0,1,125,0,2,0,0,1,0,136,0,0,34,0,1,65,11,0,5
050104,1113,1111,42,444,627,42,669,0,669,2,2,0,1,0,56,0,0,20,0,28,1,2,0,164,1,0,0,0,3,0,1,2,103,0,3,0,0,1,0,135,0,0,51,0,0,85,7,1,0
050105,159,158,13,40,106,13,119,0,119,3,0,0,0,0,15,1,0,2,0,9,0,0,0,23,0,0,0,0,1,0,0,0,18,0,1,0,0,0,0,18,0,0,4,0,0,17,2,0,5
050106,300,296,13,100,187,13,200,0,200,3,0,0,0,1,8,0,0,2,0,6,0,0,0,35,0,0,0,0,3,0,0,0,27,0,1,0,0,0,0,52,3,1,14,0,0,42,1,1,0
050107,315,317,12,124,179,12,191,0,191,1,0,0,0,0,12,1,0,3,0,14,0,0,0,58,0,1,0,0,2,0,0,1,31,0,0,0,0,0,0,22,1,0,7,0,0,34,3,0,0
050108,525,521,32,174,319,32,351,0,351,3,0,1,0,0,37,0,0,7,0,7,0,0,0,59,0,2,0,0,0,0,2,45,1,0,0,0,0,1,0,80,0,0,16,0,0,79,5,2,4
050109,885,876,20,317,548,20,568,0,568,8,0,0,2,0,24,0,0,6,0,30,0,1,0,113,0,2,0,0,3,0,0,0,80,1,2,0,0,0,3,152,0,0,22,0,0,109,6,0,4
050110,726,719,14,256,457,13,470,0,470,5,0,0,0,1,41,0,0,4,0,28,0,0,1,84,0,1,0,0,4,0,0,4,55,0,0,0,1,0,0,103,0,2,30,1,0,92,6,1,6
050111,357,357,24,123,211,23,234,0,234,1,0,1,0,0,12,0,0,3,0,10,0,0,1,52,0,2,0,0,2,1,0,0,48,0,0,1,0,0,0,33,0,0,8,0,0,54,5,0,0
050112,723,719,70,236,423,64,487,0,487,8,0,0,1,0,29,0,0,10,0,15,0,0,0,115,1,0,0,0,4,0,0,0,83,0,0,0,0,0,0,126,1,0,15,1,2,69,5,1,1
050113,1017,1007,26,349,644,24,668,0,668,3,0,1,0,2,27,1,0,4,0,51,0,0,0,155,0,0,0,0,11,0,0,0,62,2,4,0,0,0,1,99,0,0,88,0,0,144,8,1,4
050114,741,724,42,308,395,38,433,0,433,5,0,1,4,0,15,0,0,9,0,33,0,0,0,106,0,1,0,2,4,0,1,1,50,0,1,0,0,0,0,89,0,0,23,1,0,82,1,1,3
050115,372,363,17,151,207,14,221,0,221,1,0,0,2,0,6,0,0,4,0,24,0,0,0,46,0,1,0,0,2,0,0,1,28,0,0,0,1,0,0,48,0,0,20,0,0,32,4,0,1
050116,990,976,18,435,537,18,555,0,555,8,1,1,0,1,11,0,0,10,1,36,0,0,0,131,0,0,0,0,7,0,0,0,51,1,0,0,0,0,1,139,0,1,54,0,0,85,10,1,5
050117,2406,2394,10,994,1404,8,1412,0,1412,18,0,1,7,0,44,2,1,24,0,116,0,3,2,356,2,0,1,0,20,0,0,0,116,1,5,1,0,0,2,285,1,4,171,0,0,200,13,1,15
050118,861,853,30,369,462,30,492,0,492,3,0,1,0,3,37,0,0,7,0,21,0,0,0,119,0,0,0,1,7,0,0,1,56,0,0,0,0,0,0,90,2,0,25,1,0,113,0,0,5
050119,366,361,31,147,188,31,219,0,219,4,1,0,0,0,10,0,0,0,0,15,0,0,0,53,0,0,0,0,1,0,0,1,32,0,0,0,0,0,0,32,0,0,7,0,0,56,4,0,3
050120,1443,1435,78,506,859,78,937,0,937,7,0,4,1,2,66,1,0,7,0,45,0,4,0,200,0,3,0,0,2,0,0,3,95,1,6,0,0,0,0,144,1,2,67,0,0,249,21,0,6
050121,126,126,12,32,82,12,94,0,64,1,0,0,0,0,4,0,0,0,0,9,0,0,0,20,0,2,0,0,2,0,0,0,11,0,0,0,0,0,0,7,0,0,3,0,0,4,0,0,1
050122,342,338,28,102,213,27,240,0,240,4,0,1,0,0,11,0,0,2,0,10,0,0,0,64,0,0,0,0,1,0,0,0,50,0,0,0,0,0,2,28,0,0,11,0,1,48,3,1,3
050123,1497,1482,34,540,925,32,957,0,957,12,3,0,1,0,33,0,0,16,2,41,0,2,0,179,0,1,1,0,4,0,1,3,96,1,3,0,0,1,2,219,0,3,232,0,1,83,8,0,9
050124,231,84,18,171,50,10,60,0,60,0,0,0,0,0,2,0,0,1,0,4,0,0,0,16,0,0,0,0,2,0,0,0,7,0,0,0,0,0,0,11,0,0,7,0,0,9,0,0,1
050193,1062,1058,0,341,721,0,721,0,721,9,4,1,2,1,16,0,0,12,1,63,0,0,1,270,0,1,0,0,6,3,0,2,21,0,0,0,0,0,1,154,0,0,78,0,0,69,2,1,3
050194,1974,1965,13,832,1132,10,1142,0,1142,21,1,1,2,1,50,5,0,19,1,106,0,0,3,289,0,2,0,0,19,0,1,0,71,1,2,0,1,0,1,175,1,0,128,0,1,215,12,0,13
050195,1356,1342,7,541,808,7,815,0,815,9,0,0,1,0,59,1,0,10,0,58,0,0,0,238,0,0,0,0,9,2,2,1,40,1,5,0,0,0,1,106,0,0,111,0,1,149,4,0,7
050196,1197,1174,12,463,724,10,734,0,734,14,0,1,1,0,32,1,0,14,0,53,0,0,1,189,0,0,0,0,9,4,0,0,32,1,1,0,0,0,0,101,1,0,85,0,0,176,14,2,2
050197,1365,1365,7,560,800,5,805,0,805,8,1,3,3,1,45,0,1,9,0,59,0,0,0,202,1,2,0,0,14,1,1,0,33,1,0,0,0,0,0,168,0,0,90,0,1,146,8,1,6
050198,1164,1162,3,425,736,3,739,0,739,8,0,0,0,1,45,4,0,13,1,57,0,0,0,194,0,1,0,1,10,2,0,1,42,1,0,0,0,1,0,97,0,0,90,0,0,161,3,1,5
050199,1707,1711,11,639,1060,8,1068,0,1068,9,1,0,3,0,75,1,0,13,0,87,0,2,0,321,0,0,0,0,13,4,0,1,28,1,4,0,0,0,1,165,0,1,149,0,0,176,8,1,4
050200,1584,1574,8,565,1012,7,1019,0,1019,16,1,3,2,0,78,2,0,15,0,98,0,0,1,253,1,0,0,0,13,4,0,1,46,0,3,0,1,1,1,175,1,0,146,0,0,143,8,2,4
050201,1827,1817,15,693,1123,11,1134,0,1134,15,1,1,3,0,61,2,1,16,0,88,0,0,1,322,0,2,0,0,13,10,1,0,70,0,4,0,3,1,2,167,1,1,144,0,0,195,6,0,3
050202,1560,1543,6,628,926,6,932,0,932,7,2,2,0,1,43,0,0,16,1,86,0,1,2,250,0,5,1,0,7,2,0,0,34,0,1,0,0,0,0,176,0,2,104,0,2,169,14,2,2
050203,1836,1833,17,641,1179,16,1195,0,1195,16,3,2,2,1,43,0,0,19,0,114,1,0,0,291,0,1,0,0,8,0,0,0,49,1,2,0,0,0,1,199,0,3,183,0,1,245,6,1,3
050204,1032,1023,4,433,597,2,599,0,599,13,3,0,2,0,22,1,0,9,0,41,0,0,0,147,0,0,0,0,6,1,1,0,40,0,2,0,1,1,0,94,0,1,54,0,1,142,9,0,8
050205,1422,1413,8,563,853,6,859,0,859,8,0,2,1,2,73,2,0,27,0,66,1,0,0,213,0,4,1,0,3,4,0,2,38,1,1,1,0,0,1,155,1,0,110,0,2,127,4,0,9
050206,459,453,37,151,273,35,308,0,308,5,0,0,0,0,7,1,0,9,1,5,0,1,0,73,0,3,0,0,1,0,0,1,53,0,2,0,0,0,2,46,0,0,3,1,0,81,3,3,7
050207,213,216,22,41,151,21,172,0,172,0,0,0,1,0,9,0,0,12,0,12,0,0,0,21,0,0,0,0,0,0,0,2,18,0,0,0,0,0,2,42,0,0,3,0,0,43,2,0,5
050208,690,683,5,201,484,5,489,0,489,5,2,0,2,0,17,0,0,6,0,35,0,1,0,84,0,1,0,0,3,0,0,0,41,0,0,0,1,2,1,145,1,0,58,0,0,74,3,2,5
050209,189,187,1,56,132,1,133,0,133,2,0,0,1,2,5,1,0,1,0,7,0,0,0,26,0,0,0,0,2,0,0,0,18,1,0,0,0,0,0,25,0,0,12,0,1,27,1,0,1
050210,54,54,2,10,42,2,44,0,44,0,0,0,0,0,2,0,0,0,0,2,0,0,1,7,0,1,0,0,0,0,0,0,2,0,0,0,0,0,0,13,0,0,6,0,0,8,2,0,0
050211,624,620,39,198,388,38,426,0,426,6,0,1,1,0,21,1,0,9,0,26,0,0,0,104,0,0,0,0,1,1,0,2,58,1,1,0,0,0,0,52,1,1,21,0,0,101,7,0,10
050212,594,591,24,246,324,24,348,0,348,1,0,0,0,0,13,1,1,5,0,24,0,0,0,75,1,1,0,0,1,0,0,2,49,0,0,0,0,0,1,54,0,0,9,0,1,108,1,0,0
050213,477,476,24,148,305,24,329,0,329,5,1,0,1,1,6,0,0,4,0,24,0,0,1,82,0,0,0,0,0,0,0,1,31,0,1,0,0,0,1,33,0,0,13,0,0,117,5,0,2
050214,408,402,19,145,245,18,263,0,263,3,0,0,2,0,27,0,0,4,0,15,0,0,0,65,0,0,0,0,0,0,0,0,42,3,0,0,0,0,0,31,0,0,17,0,0,51,2,0,1
050215,1344,1330,9,601,736,7,743,0,743,7,1,2,0,1,39,0,0,8,0,63,0,2,0,145,1,0,0,0,6,0,1,0,84,0,1,0,1,0,1,150,1,5,55,1,1,148,13,2,4
050216,369,363,7,155,209,5,214,0,214,1,0,1,0,0,2,0,0,5,0,10,0,0,0,36,0,0,0,0,1,0,0,0,24,0,0,0,0,0,0,45,0,0,8,0,0,75,4,1,1
050217,153,152,10,36,107,10,117,0,117,0,0,0,0,1,11,0,0,2,0,15,0,0,0,18,0,1,0,0,0,0,0,1,13,0,0,0,0,0,0,25,0,0,0,0,0,30,0,0,0
050218,477,475,4,201,272,4,276,0,276,5,0,0,2,0,14,0,0,8,0,15,0,0,0,60,0,0,0,0,4,0,0,0,34,0,1,0,0,0,0,47,0,0,6,0,1,69,7,0,3
050220,186,189,5,59,122,5,127,0,127,0,0,0,0,0,4,0,0,3,0,11,0,0,0,21,0,0,0,0,0,0,0,0,8,0,0,0,1,0,1,31,0,0,3,0,0,41,1,1,1
050221,783,772,46,318,419,46,465,0,465,7,4,0,0,0,16,2,0,7,0,14,0,0,0,95,0,0,0,0,4,0,0,0,36,0,2,0,0,1,0,103,0,0,43,0,1,121,4,2,3
050222,159,154,8,49,102,8,110,0,110,3,0,1,0,0,9,0,0,2,0,7,0,0,0,30,0,0,0,0,2,1,0,0,7,0,0,0,0,0,0,12,0,0,5,0,0,28,1,0,2
050223,51,48,4,20,27,4,31,0,31,0,0,0,0,0,1,0,0,2,0,1,0,0,0,2,0,0,0,0,0,0,0,0,2,0,0,0,0,0,0,12,0,0,1,0,0,9,0,0,1
050224,786,776,17,351,421,14,435,0,435,3,0,1,2,0,18,0,1,5,0,25,0,1,0,100,0,0,0,0,0,1,0,1,51,0,0,0,0,0,0,73,0,1,22,0,0,110,9,1,10
050225,708,706,23,250,436,22,458,0,458,6,1,0,0,0,12,0,0,11,0,24,0,0,0,98,0,1,0,0,3,0,1,0,36,0,1,0,0,0,2,61,0,0,44,0,0,144,11,0,2
050226,747,740,32,203,514,30,544,0,544,7,0,0,1,0,19,0,0,11,0,49,0,0,1,98,2,2,0,0,7,0,0,1,62,2,2,0,0,0,1,67,1,1,44,0,0,158,6,0,2
050227,444,442,14,149,282,13,295,0,295,1,0,1,0,0,12,0,0,7,0,28,0,0,0,71,0,0,0,0,0,0,0,0,48,0,0,0,0,0,0,31,0,0,16,0,0,77,2,0,1
050228,234,230,15,94,125,15,140,0,140,1,0,0,0,0,11,0,0,4,0,6,0,0,0,16,0,0,1,0,1,0,0,0,28,0,1,0,0,0,0,19,0,0,6,0,0,40,5,1,0
050229,1065,1054,86,186,798,81,879,0,879,16,1,0,2,0,21,1,0,13,0,89,0,0,0,227,1,3,1,1,8,0,0,2,72,2,1,0,0,0,0,139,0,2,72,1,1,189,7,1,6
050230,543,532,32,197,314,32,346,0,346,2,0,0,1,0,20,0,0,13,0,9,1,1,2,56,0,1,0,0,2,0,1,1,59,0,2,0,0,0,2,46,0,0,13,0,1,104,1,1,7
050231,78,80,5,21,52,5,57,0,57,0,0,2,0,0,0,0,0,1,0,3,0,0,0,9,0,0,0,0,0,0,0,0,8,0,0,0,0,0,0,18,0,0,11,0,0,5,0,0,0
050232,231,228,21,76,138,17,155,0,155,0,0,0,0,0,8,0,0,9,0,6,0,0,0,20,0,0,0,0,0,0,0,2,26,0,2,0,0,0,0,30,1,1,16,0,0,27,3,0,4
050233,660,658,59,194,413,53,466,0,466,2,1,1,0,1,17,0,1,15,0,15,0,0,2,115,0,1,1,0,1,1,0,1,71,0,2,0,0,0,0,106,0,0,27,0,2,67,12,1,3
050234,1368,1352,18,501,851,16,867,0,867,13,0,0,0,2,31,2,0,9,0,87,1,0,0,205,1,1,0,0,7,0,1,2,58,1,6,0,0,0,0,191,1,0,94,1,0,135,10,2,6
050235,150,154,11,35,105,10,115,0,115,1,0,0,0,0,6,0,0,4,0,6,0,1,0,25,0,0,0,0,2,1,0,1,13,0,0,0,0,0,1,25,0,0,4,0,0,24,1,0,0
050236,375,380,13,130,232,13,245,0,245,5,1,0,1,0,16,0,1,8,0,9,0,0,0,43,0,0,0,0,2,0,0,1,25,0,1,0,0,0,1,65,0,0,13,0,1,52,0,0,0
050237,696,695,9,269,420,7,427,0,427,15,0,0,1,2,9,0,0,8,0,19,0,0,0,105,1,2,0,0,0,0,0,0,35,0,1,0,0,2,0,76,0,1,56,0,2,78,12,0,2
050238,423,422,20,115,288,20,308,0,308,4,1,0,0,0,13,0,0,4,0,27,0,0,1,63,0,2,0,0,3,0,0,0,40,0,1,0,0,0,0,59,1,0,15,0,1,66,4,0,3
050239,210,206,13,49,148,13,161,0,161,5,0,2,0,0,18,0,0,9,2,6,0,0,0,40,0,1,0,0,0,0,0,0,13,0,0,0,0,0,0,20,0,0,5,0,0,34,1,0,5
050240,318,320,5,74,239,5,244,0,244,1,0,0,0,1,4,0,0,7,0,9,0,0,0,36,0,0,0,0,0,0,0,0,42,0,0,0,0,0,1,50,0,0,5,0,0,79,3,2,4
050241,420,418,9,173,239,8,247,0,247,1,0,0,0,0,3,1,1,6,0,9,0,0,0,65,0,0,0,0,0,0,0,1,24,5,1,0,0,0,1,54,0,0,15,0,0,58,1,1,0
050242,450,446,22,156,272,22,294,0,294,2,0,0,0,0,7,0,0,8,0,13,0,0,0,51,0,0,0,0,3,0,0,0,36,1,2,0,0,0,1,48,0,1,20,0,0,86,13,0,2
050243,129,123,10,56,64,9,73,0,73,0,0,0,1,0,7,0,0,7,0,5,0,0,0,7,0,0,0,0,0,0,0,1,3,0,0,0,0,0,0,12,0,0,1,0,0,26,3,0,0
050244,1017,1006,66,284,667,66,733,0,733,4,0,0,1,0,27,0,0,9,0,47,0,0,0,157,0,1,0,0,10,0,0,3,104,1,1,0,0,0,0,153,0,2,48,0,1,142,17,1,4
050245,543,535,24,145,376,22,398,0,398,8,0,0,1,1,26,0,0,7,1,19,0,0,0,104,0,3,0,0,2,0,0,1,64,1,0,0,0,0,0,57,0,1,15,0,0,80,5,1,1
050246,237,232,9,94,134,9,143,0,143,1,0,1,0,0,8,0,0,3,0,13,0,1,0,40,0,0,0,0,3,0,0,0,13,0,0,0,0,0,0,26,0,0,5,0,0,24,2,2,1
050247,75,75,0,14,61,0,61,0,61,0,0,0,0,0,0,0,0,3,0,3,0,0,0,7,0,0,0,0,2,0,0,0,8,0,0,0,0,0,0,14,0,0,0,0,0,23,1,0,0
050248,678,673,51,178,452,48,500,0,500,7,0,0,1,0,25,1,0,27,0,26,0,0,0,79,0,1,0,0,5,0,0,0,71,1,0,0,0,0,0,65,1,1,27,1,0,147,10,1,3
050249,588,588,52,125,412,51,463,0,463,10,0,0,2,0,14,0,0,4,0,28,0,0,0,84,0,1,0,0,5,0,0,2,57,0,1,0,0,0,0,102,0,0,11,0,0,133,7,0,2
050250,462,464,34,164,264,34,298,0,298,4,0,0,1,0,16,0,0,7,0,13,0,1,0,59,0,0,0,0,0,0,0,0,38,0,0,0,0,2,0,46,0,0,19,0,1,82,5,0,4
050251,222,213,16,75,131,16,147,0,147,0,0,0,0,0,6,0,0,0,0,7,0,0,0,40,0,0,0,0,3,0,0,0,15,2,0,0,0,0,0,32,0,0,3,0,0,36,1,1,1
050252,261,328,23,52,186,23,209,0,209,2,0,1,2,1,22,0,0,3,0,16,1,0,0,33,0,0,0,0,3,1,0,0,39,0,0,0,0,0,0,42,0,0,12,0,0,26,4,1,0
050253,495,502,38,136,321,38,359,0,359,4,0,0,1,0,15,0,0,5,0,17,0,0,0,94,0,0,0,0,2,0,0,1,29,1,0,0,0,0,2,63,0,0,31,0,0,88,4,1,1
050254,639,635,14,213,414,12,426,0,426,6,1,1,0,0,39,1,0,8,0,19,0,0,0,102,0,0,0,0,0,0,0,1,51,0,0,0,0,0,1,53,0,1,28,0,0,109,3,0,2
050255,765,758,12,246,508,11,519,0,519,3,1,0,0,0,18,0,1,5,1,36,1,0,0,127,1,2,0,0,2,1,0,0,47,0,1,0,0,0,0,75,0,0,61,0,1,120,8,1,6
050256,375,372,28,106,243,26,269,0,269,4,0,0,0,0,3,0,0,3,1,16,0,0,0,45,0,1,0,0,0,0,0,0,24,0,1,0,0,0,0,58,0,1,14,0,1,84,10,3,0
050257,279,277,13,70,196,13,209,0,209,2,0,1,0,1,13,0,0,5,0,16,0,0,1,48,0,0,0,0,2,1,0,0,11,0,0,0,0,0,0,39,1,0,16,0,0,50,1,1,0
050258,612,606,12,236,366,10,376,0,376,5,0,1,1,0,10,0,0,4,0,29,0,0,0,88,0,2,0,0,0,0,0,3,56,0,0,0,0,0,0,50,0,0,16,0,0,100,9,1,1
050259,234,232,8,93,136,5,141,0,141,1,0,0,0,0,11,0,0,3,0,9,0,0,0,32,0,0,0,0,0,0,0,0,11,0,0,0,0,0,0,31,0,0,8,0,0,34,1,0,0
050260,321,88,68,250,9,62,71,0,71,0,0,0,0,0,1,0,0,0,0,1,0,0,0,5,0,1,0,0,0,0,0,0,3,0,0,0,0,0,0,45,0,0,6,0,0,8,0,0,1
050985,1764,1736,22,676,1071,17,1088,0,1088,10,2,1,2,0,73,0,0,11,0,88,0,1,0,257,2,1,1,0,6,0,0,5,41,1,1,0,0,0,2,217,0,3,155,0,1,199,7,0,1
050986,1548,1520,16,585,954,9,963,0,962,8,2,1,1,1,51,3,1,23,0,58,1,0,0,248,1,1,1,0,6,0,0,1,59,0,1,0,0,1,0,168,0,0,118,0,0,188,14,1,4
050987,1851,1823,23,673,1158,20,1178,0,1178,17,0,0,2,1,56,0,0,12,0,69,0,0,0,260,3,3,0,0,9,0,1,0,85,0,2,0,0,0,0,209,1,1,132,0,0,301,12,0,2
050988,738,737,37,237,464,37,501,0,501,4,0,0,1,1,19,0,1,4,1,23,0,0,1,101,0,1,0,0,5,0,1,1,110,1,3,0,0,0,1,83,0,0,38,0,0,89,9,1,2
050989,120,117,8,27,86,7,93,0,93,1,1,0,2,0,2,0,0,4,0,0,0,0,0,19,0,0,0,0,0,0,0,1,11,0,0,0,0,0,0,21,0,0,1,0,0,28,2,0,0
050990,432,430,32,146,254,32,286,0,286,2,0,1,1,1,6,1,0,7,0,23,0,0,0,66,0,0,0,0,7,0,0,2,42,0,0,0,0,0,0,54,0,0,15,1,0,55,2,0,0
050991,561,554,23,212,330,19,349,0,349,4,0,1,0,0,13,0,0,11,0,15,0,0,0,44,0,1,0,0,2,0,0,0,49,0,1,0,0,0,0,97,1,0,18,0,0,83,6,1,2
050992,450,432,22,205,227,18,245,0,245,3,0,0,1,0,16,0,0,4,0,9,0,0,0,23,0,2,0,0,0,0,0,0,53,0,0,0,0,0,1,44,0,0,14,0,2,70,3,0,0
050993,552,546,51,178,323,51,374,0,374,5,0,0,0,0,21,0,0,6,0,24,0,0,0,78,0,0,0,0,0,0,0,1,79,0,0,0,0,0,0,32,0,0,12,0,1,104,9,1,1
050994,378,373,41,114,225,39,264,0,264,2,0,0,0,0,24,0,0,3,0,15,0,0,0,38,0,0,0,0,3,0,0,1,54,1,1,0,0,0,1,43,0,0,22,0,0,48,6,2,0
050995,648,640,22,216,410,22,432,0,432,0,1,0,0,1,11,1,0,11,0,23,0,0,2,128,1,0,0,0,3,0,0,1,39,0,0,0,0,0,1,56,0,0,14,0,0,124,10,2,3
050996,477,478,27,153,297,27,324,0,324,7,0,0,1,0,8,0,0,4,0,17,0,0,0,67,0,0,0,0,1,0,0,2,37,0,0,0,0,0,0,50,0,0,90,0,0,36,3,0,1
050997,123,124,14,33,77,13,90,0,90,1,0,0,0,0,4,0,0,2,0,6,0,0,0,11,0,0,0,0,0,0,0,0,8,0,0,0,0,0,0,10,0,0,8,1,0,38,0,0,1
050998,309,303,25,89,195,25,220,0,220,3,0,0,0,0,6,0,1,7,1,18,0,0,0,30,0,0,0,1,1,0,0,1,29,1,1,0,0,0,0,39,0,2,12,0,0,62,3,0,2
050999,171,168,9,68,98,5,103,0,103,2,0,0,0,0,13,0,0,10,0,8,0,0,0,12,0,2,0,0,0,0,0,0,11,0,0,0,0,0,2,14,0,1,6,0,0,21,1,0,0
051000,273,269,12,83,178,12,190,0,190,0,0,3,0,0,14,0,0,5,0,7,0,0,0,45,0,0,0,0,1,2,0,1,21,0,1,0,0,0,0,19,0,0,9,0,0,59,1,2,0
051001,792,787,48,287,460,45,505,0,505,3,0,1,1,1,20,0,0,9,0,14,0,1,1,120,0,0,0,1,0,0,0,1,81,0,1,1,0,0,0,108,0,1,38,2,2,92,4,0,2
051002,201,200,24,59,121,21,142,0,142,0,0,0,0,0,5,0,0,2,1,1,0,0,0,36,0,0,0,0,2,0,0,0,36,0,1,0,0,0,1,21,0,0,8,1,0,27,0,0,0
051003,615,610,37,116,464,35,499,0,499,4,0,0,0,3,35,0,0,11,0,19,0,0,0,104,0,2,0,0,1,0,0,2,51,0,2,1,0,0,0,54,0,0,40,0,1,162,4,3,0
051004,456,449,52,93,311,52,363,0,363,1,0,1,1,0,8,0,0,17,0,20,1,0,0,61,0,0,0,0,5,0,0,0,53,0,0,1,0,0,0,71,0,0,10,0,1,102,5,1,4
051005,477,470,8,170,299,8,307,0,307,1,0,1,0,0,11,0,0,2,0,13,0,2,0,62,1,1,0,1,0,0,1,0,46,0,1,0,0,0,0,70,0,0,10,0,0,75,8,1,0
051006,369,364,29,113,228,28,256,0,256,0,1,0,0,0,15,1,0,5,0,5,0,0,0,50,1,1,0,0,2,0,0,0,39,0,0,0,2,0,0,69,0,0,13,0,0,52,0,0,0
051007,534,526,59,149,328,57,385,0,385,1,0,0,1,0,32,0,0,7,0,14,0,0,0,80,0,0,0,0,3,0,0,2,76,0,0,0,0,0,0,37,0,0,19,0,0,105,4,0,4
051008,348,341,39,92,222,34,256,0,256,5,0,0,0,0,20,0,1,9,0,14,0,0,0,31,0,1,1,0,0,0,0,1,36,2,0,0,0,0,1,39,0,0,10,0,0,81,3,1,0
051009,90,90,3,23,65,2,67,0,67,2,0,0,0,0,1,0,0,3,1,5,0,0,0,16,0,1,0,0,0,0,0,1,16,0,0,0,0,0,1,8,0,0,1,0,0,10,0,0,1
051010,480,469,40,154,287,39,326,0,326,4,0,0,2,0,16,1,0,8,0,30,0,0,0,65,0,0,0,0,3,0,0,1,40,0,2,0,0,0,0,41,0,0,26,0,0,81,3,0,3
051011,165,160,25,28,112,25,137,0,137,4,0,0,0,0,2,0,0,6,0,4,1,0,0,14,0,1,1,0,0,0,0,0,28,0,0,0,0,0,1,16,0,0,1,0,0,56,1,0,1
051012,117,118,15,14,88,15,103,0,103,4,0,0,0,0,7,0,0,13,0,7,0,0,0,10,0,0,0,0,0,0,0,0,8,0,0,0,0,0,2,27,0,0,0,0,1,22,2,0,0
051013,276,273,11,94,171,11,182,0,182,0,0,0,0,1,10,0,0,7,0,8,0,0,0,29,0,0,0,0,0,0,1,1,35,0,0,0,0,0,0,39,0,0,3,0,1,42,3,0,2
051014,840,819,34,431,379,30,409,0,409,7,0,0,0,0,16,0,0,2,0,25,0,0,0,70,0,0,1,0,3,0,0,0,54,0,0,0,0,0,1,90,1,0,56,0,1,74,3,1,4
051015,702,685,11,291,400,11,411,0,411,1,0,0,0,0,29,0,0,7,1,21,0,1,0,106,1,0,0,0,0,0,0,0,47,1,1,0,0,0,1,93,0,0,23,0,0,68,8,1,1
051016,732,732,28,280,424,28,452,0,452,2,0,0,0,0,28,2,0,3,1,21,0,1,0,107,1,3,0,0,9,0,0,0,53,0,0,0,1,0,0,101,0,1,41,0,0,66,7,0,4
051017,168,168,5,27,136,5,141,0,141,1,1,0,0,0,8,0,0,5,0,3,0,0,0,28,2,0,0,0,0,0,0,0,31,0,0,0,0,0,1,15,0,1,27,0,0,17,1,0,0
051018,252,252,10,37,208,7,215,0,215,0,0,0,1,0,9,0,0,8,0,6,0,0,0,36,0,0,0,0,0,0,0,0,48,0,1,0,0,0,0,42,0,0,7,0,0,49,8,0,0
051019,678,671,11,252,416,10,426,0,426,6,0,0,1,0,12,0,0,7,0,17,0,1,0,87,0,1,0,0,3,0,0,2,60,0,1,0,0,0,0,47,0,0,22,0,1,151,5,1,1
051020,249,244,11,80,160,9,169,0,169,0,0,0,0,0,10,0,0,4,0,15,0,0,0,33,0,0,0,0,1,0,0,2,24,0,0,0,0,0,0,35,0,0,9,0,0,33,3,0,0
051021,405,395,16,119,270,16,286,0,286,0,0,0,2,0,19,1,0,6,1,14,0,0,0,49,1,1,0,0,0,0,0,2,58,0,0,0,0,0,0,29,0,0,16,0,0,80,3,0,4
051022,267,261,12,89,166,12,178,0,178,0,1,0,0,0,7,0,0,11,0,4,0,0,0,34,0,0,0,0,0,0,0,1,25,0,1,0,0,0,1,34,0,0,15,0,1,38,5,0,0
051023,159,161,0,29,130,0,130,0,130,2,0,0,0,0,6,0,0,7,0,4,0,0,0,28,0,0,0,0,0,0,0,0,4,0,0,0,0,0,0,24,0,0,6,0,0,48,0,0,1
051024,543,538,12,177,354,12,366,0,366,1,1,0,0,0,5,0,0,9,1,12,0,0,0,41,0,0,0,0,1,0,0,2,57,0,1,0,0,2,1,76,0,0,39,0,0,101,15,0,1
051025,411,405,22,131,261,19,280,0,280,8,0,1,0,0,15,0,0,15,0,6,0,0,0,29,0,1,0,0,2,0,0,1,50,1,0,0,0,0,1,58,0,0,27,0,0,61,4,0,0
051026,360,347,23,131,207,22,229,0,229,3,0,1,2,1,8,0,0,6,0,11,0,0,0,55,0,0,0,0,0,0,0,1,31,0,0,0,0,0,1,34,0,0,6,0,0,65,4,0,0
051027,615,605,40,249,329,37,366,0,366,7,1,0,0,0,34,0,0,23,0,16,0,0,0,72,0,0,0,0,2,0,0,2,57,3,1,0,0,0,0,47,0,0,19,0,0,69,10,0,3
051028,282,276,21,100,165,17,182,0,182,5,1,0,0,0,6,0,0,3,0,16,0,0,0,51,0,1,0,0,0,0,0,0,32,0,0,0,0,1,0,28,0,0,8,0,0,24,4,0,2
051029,150,43,5,108,37,5,42,0,42,1,0,0,0,0,3,0,0,1,0,3,0,0,0,8,0,0,0,0,0,0,0,0,4,0,0,0,0,0,0,7,0,0,5,0,0,10,0,0,0
051030,63,11,9,52,2,9,11,0,11,0,0,0,0,0,0,0,0,0,0,0,0,0,0,1,0,0,0,0,0,0,0,0,0,0,0,0,0,0,1,4,0,0,1,0,0,3,1,0,0
051129,1776,1754,25,700,1052,24,1076,0,1076,7,0,3,6,0,40,0,0,14,0,85,0,0,1,292,0,3,0,0,12,0,1,0,62,0,3,0,0,0,3,193,0,2,127,1,1,203,8,4,5
051130,2115,2078,17,826,1274,15,1289,0,1289,15,0,0,3,0,50,0,2,12,1,68,0,0,1,362,0,0,0,0,9,0,0,3,102,1,1,0,0,0,3,254,0,0,119,0,0,263,14,2,4
051131,2199,2157,2,876,1321,2,1323,0,1323,9,4,1,2,1,43,0,0,17,0,97,0,1,2,392,1,3,0,0,13,0,0,0,86,2,3,1,0,1,1,296,0,0,115,0,7,210,9,1,5
051132,528,533,30,179,319,30,349,0,349,2,0,0,0,0,7,0,0,5,2,11,0,0,0,69,0,1,0,0,4,0,0,0,52,0,0,0,0,0,0,106,0,0,21,0,1,62,5,0,1
051133,126,130,9,42,76,8,84,0,84,0,0,0,0,0,4,0,0,3,0,6,0,0,0,12,0,0,1,0,0,0,0,0,11,0,0,0,0,0,0,23,0,0,1,1,0,19,3,0,0
051134,900,893,52,238,612,50,662,0,662,11,1,2,2,0,33,0,0,10,0,35,0,0,0,123,0,2,1,0,4,0,1,1,76,0,1,0,1,0,0,114,0,0,24,0,0,211,9,0,0
051135,510,506,6,168,337,5,342,0,342,4,0,0,0,0,17,0,0,10,0,18,0,0,0,88,0,0,0,0,0,0,0,1,47,1,0,0,0,0,0,53,0,1,11,0,0,82,7,0,2
051137,1107,1100,35,362,713,32,745,0,745,9,0,0,0,0,28,0,0,13,0,44,0,0,1,230,0,1,0,0,4,0,0,2,103,0,2,0,0,1,0,135,0,2,47,0,0,114,7,0,2
051138,1122,1102,34,450,640,32,672,0,672,4,0,1,1,0,32,0,0,9,0,48,0,0,0,201,0,0,0,0,7,0,0,1,52,0,3,0,0,0,0,107,1,1,56,0,0,136,10,0,2
051139,894,901,55,249,590,55,645,0,645,4,0,2,0,0,30,1,0,28,0,76,0,1,1,166,0,0,2,0,6,0,0,1,93,0,1,0,0,0,0,88,2,0,27,0,0,104,11,0,1
051140,1071,1065,40,353,680,38,718,0,718,7,1,1,0,1,26,0,0,17,0,35,0,1,0,155,0,2,0,0,4,0,0,3,62,1,1,0,0,0,0,99,0,2,40,0,1,245,8,4,2
051141,1008,1015,16,329,667,12,679,0,679,15,1,0,1,1,15,0,1,16,0,43,0,0,0,141,0,0,0,0,5,1,1,0,97,1,1,0,0,0,2,125,0,1,46,0,0,153,10,0,2
051142,492,491,40,144,311,37,348,0,348,2,0,0,0,0,17,0,0,8,0,7,0,0,2,71,0,1,1,0,2,0,0,1,52,0,0,0,0,0,0,52,0,0,24,0,0,95,10,2,1
051143,1419,1402,10,596,813,10,823,0,823,9,1,0,0,2,39,2,0,15,0,56,0,0,1,231,0,1,0,1,2,0,0,3,93,0,2,0,0,0,2,136,1,0,72,0,1,139,10,0,4
051144,702,699,15,275,412,15,427,0,427,2,0,1,2,0,17,0,0,9,0,23,1,0,0,107,0,0,0,0,3,0,0,1,66,1,0,0,0,0,0,56,0,0,36,0,3,90,8,0,1
051145,657,651,25,249,384,24,408,0,408,5,0,0,3,0,6,0,0,8,1,28,0,1,1,74,0,0,0,0,1,0,1,2,80,0,1,0,1,0,1,61,1,2,14,0,0,110,4,0,2
051146,201,203,4,66,131,4,135,0,135,1,0,0,0,1,1,1,0,5,0,2,0,0,0,16,0,0,0,0,2,0,0,0,28,0,0,0,0,0,0,33,0,0,5,0,0,38,2,0,0
051147,138,134,4,58,76,4,80,0,80,1,0,0,0,0,6,0,0,5,1,11,0,0,0,8,0,0,0,0,2,0,0,0,4,0,0,0,0,0,1,10,0,0,0,0,0,30,1,0,0
051148,564,563,31,220,315,29,344,0,344,2,0,0,0,0,12,0,1,4,0,17,0,0,0,51,0,0,0,0,2,0,0,1,53,1,1,0,0,0,1,96,1,0,10,0,2,85,3,0,1
051149,1065,1054,12,447,608,10,618,0,618,3,0,1,1,0,50,1,0,10,0,37,1,0,0,147,0,1,0,0,3,0,0,3,59,0,0,0,0,1,2,120,0,0,45,0,1,127,4,0,1
051150,1194,1182,3,490,701,3,704,0,704,4,2,0,2,0,27,0,0,13,0,47,1,0,0,183,1,1,1,0,7,1,1,1,76,0,1,0,0,0,1,146,0,0,44,0,1,127,7,3,6
051151,768,763,6,334,429,5,434,0,434,6,0,0,1,0,21,0,0,7,0,21,0,0,0,134,0,1,0,0,1,0,0,0,57,1,0,0,0,0,0,62,0,0,24,0,0,93,4,0,1
051152,480,477,15,158,307,15,322,0,322,5,0,0,0,0,14,0,0,7,0,10,0,0,0,49,0,3,0,0,3,0,0,1,56,0,0,0,0,0,0,55,1,0,29,0,0,82,3,1,3
051153,333,333,18,104,211,18,229,0,229,2,0,0,0,0,7,0,0,5,0,13,0,0,0,49,0,0,0,0,1,0,0,0,47,1,0,0,0,0,0,43,0,0,7,0,0,50,4,0,0
051154,885,878,7,305,574,6,580,0,580,6,1,2,1,0,23,0,0,7,0,23,0,0,0,166,1,4,0,0,5,0,0,1,63,3,1,0,0,0,1,113,0,1,36,0,0,114,3,1,4
051155,723,717,8,271,444,8,452,0,452,5,0,1,0,0,23,1,0,8,0,21,0,0,0,135,1,0,0,0,0,0,0,0,67,0,2,0,0,0,2,83,0,0,18,1,0,73,5,2,4
051156,75,71,6,17,52,6,58,0,58,0,0,0,0,0,3,0,0,1,0,1,0,0,0,23,2,0,0,0,0,0,0,0,5,0,0,0,0,0,0,10,0,0,4,0,0,9,0,0,0
051157,1236,1238,76,474,694,68,762,0,762,4,0,3,1,4,20,0,1,23,0,40,0,0,0,221,0,2,0,0,5,0,0,0,118,0,4,0,0,0,0,76,0,1,61,0,0,160,13,2,3
051158,966,952,35,337,594,35,629,0,629,5,0,0,0,1,22,0,0,6,0,36,0,0,1,148,0,0,0,0,3,0,0,0,93,0,4,0,0,0,1,92,0,0,45,0,1,163,7,1,0
051159,120,116,0,45,75,0,75,0,75,0,0,0,0,0,3,0,0,1,0,0,0,0,0,12,0,0,0,0,0,0,0,2,25,0,0,0,0,0,0,8,0,0,2,0,1,18,2,0,1
051160,567,567,25,184,358,25,383,0,383,6,0,0,4,0,11,0,0,11,0,23,0,0,0,50,0,0,0,0,0,0,0,1,78,0,0,0,0,0,0,73,0,0,14,0,0,103,6,0,3
051161,462,460,22,156,286,20,306,0,306,5,0,0,0,0,15,0,0,13,0,15,0,0,0,25,0,0,1,0,1,0,0,1,55,0,1,0,0,0,1,54,0,0,11,0,0,105,2,0,1
051162,627,623,9,264,354,9,363,0,363,6,0,0,0,1,8,0,0,9,0,16,0,1,0,90,0,0,0,1,0,0,0,0,55,0,0,0,0,0,2,47,0,1,25,0,1,89,10,0,1
051163,237,233,10,68,159,10,169,0,169,2,0,0,0,0,7,1,0,11,0,4,0,0,0,24,0,0,0,0,0,0,0,0,18,1,0,0,0,0,0,40,0,0,6,0,0,52,2,1,0
051164,165,34,18,140,14,11,25,0,25,0,0,0,0,0,0,0,0,0,0,1,0,0,0,7,0,0,0,0,0,0,0,0,2,0,0,0,0,0,0,3,0,0,3,0,0,9,0,0,0
051624,2202,2192,39,697,1475,30,1505,0,1505,12,2,0,2,2,140,4,0,44,0,64,0,2,0,469,1,1,0,1,13,1,1,2,73,0,5,0,0,0,2,252,1,2,209,0,2,184,7,1,6
051625,2412,2391,35,777,1611,24,1635,0,1635,22,1,3,3,3,88,0,2,50,0,95,1,1,0,470,1,1,1,0,19,0,0,3,82,0,2,1,1,2,1,251,2,0,274,1,2,240,7,3,2
051626,879,869,20,308,554,17,571,0,571,4,0,0,0,1,35,0,0,9,0,32,0,0,1,170,0,2,0,0,9,0,0,0,14,0,2,0,0,0,1,93,0,2,90,0,0,99,5,0,2
051627,1749,1749,50,647,1053,49,1102,0,1102,14,1,2,0,3,33,0,0,29,1,71,0,1,2,381,0,0,1,0,15,0,0,2,72,0,0,3,0,0,3,124,0,1,108,0,1,210,14,3,7
051629,585,582,23,216,349,20,369,0,369,3,0,0,0,1,11,0,0,11,0,21,0,0,0,114,0,2,2,0,2,0,0,2,44,1,3,0,0,0,1,42,0,1,27,0,0,68,10,1,2
051630,282,283,3,97,182,3,185,0,185,2,0,0,1,0,12,0,0,3,0,3,0,0,0,65,0,0,0,0,4,0,0,1,13,0,0,0,0,0,0,32,0,1,12,0,1,31,3,0,1
051631,1524,1529,14,496,1019,9,1028,0,1028,14,2,3,0,2,59,0,0,31,1,50,0,1,0,349,2,2,0,0,16,0,0,0,49,0,0,1,0,0,0,165,0,1,122,0,0,149,9,0,0
051632,2025,2011,26,682,1332,11,1343,0,1343,13,1,1,1,2,103,1,0,42,0,67,0,1,0,400,0,0,0,0,13,0,1,0,67,0,4,0,0,0,0,220,1,1,196,1,2,196,5,0,4
051633,2130,2090,15,710,1410,10,1420,0,1420,13,0,2,3,1,80,2,1,36,0,75,0,0,0,428,0,1,0,0,18,0,0,4,59,0,3,0,0,0,2,243,1,0,218,0,2,217,9,0,2
051634,2163,2135,17,799,1354,10,1364,0,1364,15,0,0,3,3,88,0,0,40,0,60,0,1,0,444,2,0,1,1,13,0,0,1,73,2,3,0,0,0,1,220,0,0,171,1,1,206,9,2,3
051635,1098,1089,8,331,761,6,767,0,767,3,2,0,4,0,40,2,0,11,0,43,0,0,0,236,0,0,0,1,3,0,0,1,33,1,3,0,0,0,0,132,0,1,132,0,0,112,2,2,3
051636,126,18,11,110,5,11,16,0,16,0,0,0,0,0,3,0,0,0,0,1,0,0,0,5,0,0,0,0,0,0,0,0,1,0,0,0,0,0,0,3,0,0,2,0,0,1,0,0,0
051637,351,272,0,79,272,0,272,0,272,11,1,0,2,1,12,0,0,0,0,0,0,0,0,31,0,1,0,0,1,0,0,0,6,0,0,0,0,0,1,59,0,0,1,0,1,124,17,1,2,01,04,2019,01,20
