000001,2049,1910,16,148,1888,13,1901,0,1901,132,8,3,3,7,104,4,1,30,2,9,0,1,4,727,1,3,3,0,4,0,3,4,24,0,0,1,0,0,0,31,0,1,1,1,9,706,68,0,6
631177,1125,1133,6,462,659,4,663,0,663,3,0,1,5,4,130,0,1,55,0,30,0,0,0,241,1,0,0,0,3,0,0,1,16,1,0,1,0,0,1,71,1,0,34,1,2,58,1,1,0
631178,1710,1713,15,622,1079,9,1088,0,1088,7,7,4,2,1,234,2,0,76,0,47,2,0,0,425,0,0,1,0,5,0,0,0,17,1,3,1,0,0,1,103,0,0,49,0,0,95,3,0,2
631179,1353,1345,6,655,696,2,698,0,698,12,6,0,1,1,131,0,0,44,0,18,0,0,0,360,0,0,0,0,5,0,0,4,8,1,1,0,0,0,1,51,0,0,15,0,1,34,0,1,3
631180,2355,2405,9,874,1477,4,1481,0,1481,19,3,5,3,0,269,2,2,102,0,35,0,1,1,666,0,0,0,0,8,0,0,1,31,3,5,1,0,0,0,161,1,1,61,0,1,88,8,0,3
631181,1869,1862,15,742,1120,7,1127,0,1125,10,3,2,1,3,284,1,1,68,0,37,0,1,1,424,2,0,1,0,8,0,0,1,18,0,0,0,0,0,0,128,0,0,41,0,3,81,3,3,0
631182,1998,1980,11,813,1176,9,1185,0,1185,13,3,1,4,3,300,2,0,79,0,45,0,1,2,428,0,0,0,0,2,1,0,1,20,0,0,0,0,0,1,131,0,0,51,0,1,93,2,1,0
631183,1923,1898,14,615,1297,11,1308,0,1308,10,4,1,1,2,364,1,1,116,0,56,0,2,0,423,0,0,0,0,6,1,0,1,17,2,0,0,0,0,2,156,0,0,71,0,3,66,1,0,1
631184,1860,1848,16,525,1322,13,1335,0,1335,12,5,3,5,1,346,0,0,117,0,60,1,1,1,440,0,1,0,0,9,0,0,0,20,0,0,1,0,0,0,108,1,0,83,0,2,114,3,0,1
631185,2139,2130,20,599,1530,10,1540,0,1540,17,7,6,7,4,419,1,0,127,0,62,0,1,0,505,0,1,0,0,7,0,0,1,19,1,1,0,2,1,2,154,0,1,79,2,0,105,7,0,1
631186,1905,1888,19,619,1271,15,1286,0,1286,28,2,0,4,3,305,6,0,98,0,40,0,0,0,499,0,0,0,0,2,0,0,0,17,1,1,1,0,0,0,120,0,0,42,1,0,108,4,0,4
631187,1638,1618,11,557,1073,8,1081,0,1081,7,3,1,2,1,328,0,1,73,0,35,0,0,1,364,3,1,0,0,8,0,0,0,24,0,1,0,0,2,1,75,0,0,45,0,0,103,0,2,0
631188,1353,1343,13,418,929,6,935,0,935,10,3,2,1,1,282,0,1,66,0,36,0,0,1,335,3,3,0,0,8,0,1,0,17,0,2,0,0,0,0,75,1,0,33,1,1,50,2,0,0
631189,1197,1177,7,433,759,5,764,0,764,5,0,0,1,0,247,1,0,48,1,24,1,0,2,294,1,0,0,0,1,0,0,0,19,1,1,0,0,0,0,50,0,0,20,0,0,46,0,0,1
631190,2376,2351,12,793,1573,10,1583,0,1583,17,5,2,3,5,354,1,0,154,0,71,0,0,0,614,3,1,0,0,18,0,0,1,27,1,3,0,2,0,0,164,0,0,42,0,3,85,4,0,3
631191,1218,1214,8,433,778,7,785,0,785,10,1,0,1,0,231,0,0,71,0,35,0,0,0,272,2,1,0,0,4,0,0,0,7,0,0,0,0,0,1,64,0,0,27,1,0,53,2,0,2
631192,2199,2198,10,888,1303,8,1311,0,1311,15,1,1,3,2,306,2,0,86,0,48,0,1,0,534,1,0,0,0,3,0,0,1,18,0,1,0,0,0,0,147,0,0,48,0,0,89,3,1,0
631193,2109,2149,8,712,1390,7,1397,0,1397,8,2,1,1,0,314,1,0,82,0,43,0,2,2,621,2,2,1,0,3,0,2,1,23,4,1,2,0,1,3,143,0,0,58,0,1,71,0,0,2
631194,1884,1875,17,756,1114,14,1128,0,1128,24,3,4,4,2,289,5,0,91,0,52,0,0,0,413,1,0,0,0,3,0,0,3,17,0,0,0,0,0,0,92,0,0,36,0,2,84,3,0,0
631195,1314,1296,4,422,888,4,892,0,892,12,1,0,0,0,211,0,0,62,0,30,0,0,1,355,0,0,0,0,1,0,0,1,11,0,2,0,0,0,0,85,0,0,32,0,0,80,6,1,1
631196,2202,2186,15,845,1346,11,1357,0,1357,13,1,1,3,5,361,1,0,118,0,47,0,0,0,510,1,0,1,0,10,0,0,0,18,1,1,0,0,0,0,121,0,0,56,0,1,78,5,1,3
631197,2202,2179,22,649,1536,17,1553,0,1553,10,3,2,1,1,403,2,0,134,0,59,0,1,1,543,1,0,0,0,4,2,1,3,17,1,1,0,1,0,0,164,0,2,73,1,1,110,5,4,2
631198,2307,2296,9,743,1557,7,1564,0,1564,23,3,2,4,1,360,0,1,99,0,55,0,1,0,584,0,2,0,0,8,0,0,0,25,0,3,0,0,0,1,192,0,0,71,1,2,118,6,1,1
631199,2454,2421,16,891,1548,15,1563,0,1563,11,2,2,1,2,374,0,1,101,1,60,0,0,0,627,2,1,0,0,6,0,1,0,9,0,1,1,0,0,0,177,0,2,66,0,2,103,4,2,4
631200,1323,1302,1,557,765,1,766,0,766,9,1,4,1,0,166,1,0,65,1,33,1,0,2,289,1,1,0,0,4,0,0,0,11,1,3,0,0,0,0,87,0,0,35,1,0,45,1,0,3
631201,1503,1507,7,473,1024,6,1030,0,1030,15,1,0,1,3,244,0,0,71,1,46,0,1,0,379,1,0,1,0,8,0,0,0,5,0,3,0,0,0,1,119,0,0,52,0,1,75,1,0,1
631202,1305,1311,7,396,904,5,909,0,909,4,3,1,4,1,233,0,0,74,0,42,0,0,0,323,0,1,0,0,3,0,0,0,12,4,0,0,0,0,0,86,0,3,47,0,0,62,4,0,2
631203,1695,1688,10,511,1176,8,1184,0,1184,13,2,1,0,4,327,0,0,67,0,41,0,0,0,408,1,0,1,0,11,0,0,2,29,0,0,0,1,0,0,110,0,1,44,0,1,114,5,0,1
631204,1653,1646,10,463,1181,9,1190,0,1190,4,3,0,2,5,327,2,1,91,1,45,1,0,0,371,0,0,0,0,3,0,1,1,17,0,0,1,0,0,1,157,0,0,52,0,1,99,1,1,2
631205,1689,1683,6,454,1230,5,1235,0,1233,15,2,0,2,1,338,2,0,104,0,45,1,0,0,392,1,1,2,0,7,0,1,1,16,0,1,0,0,0,2,140,0,0,54,0,1,102,0,1,1
631206,1530,1528,8,427,1096,7,1103,0,1103,11,3,3,2,3,280,2,0,85,0,49,0,1,0,373,0,2,0,0,4,0,0,0,14,0,2,0,0,0,1,124,0,0,44,0,1,91,3,1,4
631207,1539,1538,8,479,1055,5,1060,0,1060,18,5,5,2,3,312,1,1,80,0,28,0,0,0,357,0,0,0,0,2,0,0,1,14,0,2,0,0,0,0,109,0,0,42,0,1,77,0,0,0
631208,1353,1347,3,394,956,3,959,0,959,6,0,0,0,0,223,0,0,83,0,41,0,0,0,319,2,2,2,0,4,1,0,1,9,3,2,0,0,0,1,111,0,0,67,0,3,75,4,0,0
631209,1107,1107,5,367,736,4,740,0,740,5,1,0,2,3,173,1,2,57,0,30,0,0,0,312,0,0,1,0,3,0,1,0,15,0,0,0,1,0,0,60,0,1,27,0,0,41,3,0,1
631210,2313,2284,10,745,1561,7,1568,0,1568,15,4,2,2,1,408,2,0,140,0,71,0,1,2,557,0,2,0,0,14,0,0,3,22,0,1,0,1,0,0,158,0,1,69,0,1,83,5,2,1
631211,2262,2237,22,764,1486,12,1498,0,1498,12,8,0,1,2,417,1,0,128,0,45,0,1,1,541,0,0,1,0,5,0,0,1,30,1,0,0,0,0,0,127,0,0,56,0,0,112,7,0,1
631212,1539,1530,17,485,1043,11,1054,0,1054,8,3,1,0,1,304,1,0,71,0,35,0,0,1,399,1,1,0,0,4,0,0,1,16,0,0,0,0,1,0,95,0,0,49,0,1,55,4,0,2
631213,1233,1219,12,445,778,10,788,0,788,15,0,0,0,0,242,2,0,55,0,25,0,1,0,261,1,0,0,0,4,2,0,2,10,1,1,0,0,0,0,72,0,1,32,0,0,59,2,0,0
631214,1188,1185,2,389,797,2,799,0,799,12,2,0,1,2,207,1,0,66,0,29,0,0,1,295,0,0,0,0,2,0,0,1,19,0,1,0,0,0,0,81,0,0,30,0,0,46,2,0,1
631215,2097,2086,18,690,1394,13,1407,0,1407,24,4,3,0,4,380,0,1,117,1,54,0,1,1,523,1,0,0,0,12,0,0,1,26,3,0,0,1,0,1,105,0,0,39,0,2,101,0,0,2
631216,1995,1987,20,683,1296,16,1312,0,1312,14,5,1,2,2,332,1,1,123,0,49,0,2,0,508,1,0,0,0,1,0,0,2,25,0,1,0,0,0,0,90,1,0,28,0,1,115,5,0,2
631217,1695,1688,9,560,1130,5,1135,0,1135,12,3,1,1,4,304,1,0,88,0,41,0,0,1,417,5,0,1,0,2,0,0,0,10,1,2,0,0,0,0,104,0,1,40,0,2,88,4,1,1
631218,1986,1975,11,668,1308,10,1318,0,1318,19,0,1,3,1,350,0,0,92,0,44,0,1,0,551,0,1,0,0,8,0,0,0,31,1,0,0,1,1,1,80,0,0,42,0,0,83,3,1,3
631219,2049,2037,13,664,1374,11,1385,0,1385,29,3,2,1,3,348,1,1,169,0,56,0,1,1,488,1,0,0,0,3,1,0,0,36,1,1,1,0,0,0,86,1,0,55,0,2,85,7,0,2
631220,2016,1995,22,736,1261,19,1280,0,1280,15,2,0,0,2,319,0,0,112,0,41,0,0,0,502,1,2,0,0,5,0,0,1,25,1,0,0,0,0,0,104,0,1,55,0,0,84,7,0,1
631221,2223,2196,14,827,1387,9,1396,0,1396,10,3,0,4,3,309,0,1,126,0,62,0,0,0,563,1,0,0,1,10,0,0,3,27,0,1,0,0,0,0,98,1,0,54,0,1,115,0,0,3
631222,927,932,8,294,625,8,633,0,633,6,4,2,0,0,150,2,1,33,0,32,0,0,0,244,0,0,1,0,4,0,0,0,16,0,1,0,0,0,1,66,0,1,21,1,1,42,1,1,2
631223,285,90,24,195,70,20,90,0,90,0,0,0,0,0,17,1,0,5,0,2,0,1,0,32,0,0,1,0,0,0,0,1,7,0,1,0,0,0,0,8,0,0,5,0,0,9,0,0,0
631224,252,96,25,159,70,23,93,0,93,2,0,0,1,0,34,0,0,3,0,4,0,0,0,22,0,0,0,0,0,0,0,1,1,0,0,0,0,0,0,5,0,0,6,0,0,14,0,0,0
631225,201,45,10,160,36,5,41,0,41,1,0,0,0,0,14,0,0,1,0,3,0,0,0,14,0,0,0,0,1,0,0,0,2,0,0,0,0,0,0,1,0,0,0,0,0,4,0,0,0
631226,291,211,3,82,206,3,209,0,209,2,0,0,1,1,83,0,1,8,0,11,0,1,0,49,0,0,0,0,1,0,0,0,8,0,0,1,1,0,1,12,0,0,11,0,0,17,0,0,0
631227,240,64,7,177,56,7,63,0,63,4,0,0,0,1,18,0,0,3,0,2,0,0,0,18,1,0,0,0,0,0,1,0,5,0,0,0,0,0,0,2,0,0,1,0,1,5,0,0,1
631228,201,65,7,136,58,7,65,0,65,1,0,0,0,0,20,0,0,5,0,3,0,0,0,19,0,0,0,0,0,0,0,1,0,0,0,1,0,0,0,4,0,0,1,0,0,10,0,0,0
631229,111,44,0,71,40,0,40,0,40,0,0,0,0,0,6,0,0,3,0,3,0,0,0,23,0,0,0,0,0,0,0,0,0,0,0,0,0,0,0,1,0,0,0,1,0,2,0,0,1
631230,567,472,0,95,472,0,472,0,472,19,1,3,1,3,24,1,0,3,1,1,0,2,0,156,1,0,0,0,1,0,0,3,12,0,0,0,0,0,0,7,0,0,0,1,1,207,22,0,2
631376,2031,2041,9,585,1439,7,1446,0,1446,10,7,5,4,0,390,3,0,129,0,70,0,0,0,416,3,0,0,0,4,0,0,2,13,0,3,0,3,2,0,149,0,1,82,0,1,143,2,0,4
631377,2055,2110,11,730,1317,8,1325,0,1325,13,6,4,2,0,280,1,0,109,1,62,0,1,0,523,2,2,0,0,7,0,1,1,11,1,3,0,0,0,0,118,0,0,64,0,0,104,5,0,4
631378,1503,1506,11,530,964,9,973,0,973,18,2,0,2,3,217,0,0,65,0,31,0,0,1,442,1,0,0,0,1,0,0,0,22,0,1,0,0,0,0,89,0,0,24,0,2,45,6,0,1
631379,2358,2355,19,1086,1257,15,1272,0,1272,18,5,0,2,1,304,0,0,89,0,49,0,0,0,509,3,0,0,0,7,1,0,1,22,0,0,0,0,1,0,117,0,0,40,0,0,91,10,0,2
631380,2322,2309,30,810,1489,23,1512,0,1512,26,4,0,1,1,387,1,1,103,0,52,0,3,1,570,1,1,0,1,6,0,0,0,26,1,1,0,0,0,0,153,0,0,66,0,1,101,4,0,0
631381,1434,1431,14,575,847,12,859,0,859,10,1,1,2,2,204,1,0,69,0,33,0,0,1,328,2,1,0,0,0,0,0,1,22,0,1,0,0,0,0,81,0,0,41,0,1,54,2,1,0
631382,1647,1646,10,617,1021,9,1030,0,1030,16,3,2,1,2,208,0,0,71,0,46,0,0,1,401,0,0,0,0,5,0,0,0,18,0,1,0,0,1,0,115,0,1,39,0,1,89,4,1,4
631383,1227,1237,5,412,810,5,815,0,815,3,5,1,0,0,196,1,0,46,0,24,0,0,0,346,1,0,0,0,1,0,0,0,9,4,2,0,0,0,0,74,0,0,36,0,0,63,0,1,2
631384,2076,2071,12,646,1422,8,1430,0,1428,14,4,2,4,1,333,0,1,128,0,61,0,0,0,481,1,0,0,0,6,0,1,2,11,1,1,0,1,0,0,185,0,0,69,0,0,112,5,0,4
631385,2400,2382,13,805,1582,13,1595,0,1595,12,6,1,4,0,384,5,0,120,0,75,0,1,0,531,2,1,0,1,4,0,0,0,19,0,0,0,0,0,2,200,0,0,86,0,3,131,7,0,0
631386,2127,2131,29,683,1420,24,1444,0,1444,11,3,1,2,0,411,1,0,123,1,49,0,1,0,454,1,1,0,0,3,1,0,0,19,0,0,0,0,0,1,166,0,0,81,1,0,106,3,1,3
631387,2109,2096,21,622,1468,19,1487,0,1487,16,8,2,2,1,417,3,0,124,0,66,0,1,0,400,1,0,1,0,7,0,0,0,16,0,1,0,0,1,1,206,0,0,98,0,1,107,4,2,1
631388,2094,2085,23,604,1474,16,1490,0,1490,11,1,6,2,2,419,3,0,130,0,74,1,1,0,421,0,0,0,0,8,0,1,2,17,4,1,0,0,0,1,156,0,0,93,1,5,126,3,1,0
631389,2178,2169,14,698,1473,7,1480,0,1480,19,4,3,2,2,384,3,0,123,1,54,1,0,0,506,0,1,0,0,6,0,0,1,21,2,1,1,0,0,0,153,1,0,86,0,5,95,4,1,0
631390,2367,2350,18,796,1560,11,1571,0,1568,20,3,4,3,2,409,0,2,98,0,61,0,0,1,520,1,1,0,0,9,0,0,0,16,0,1,1,0,0,0,188,1,0,79,0,3,136,5,1,3
631391,1911,1916,23,554,1342,15,1357,0,1357,23,3,0,2,1,331,3,0,115,0,49,0,1,1,444,1,3,1,0,9,0,0,0,19,3,2,0,0,0,2,163,1,0,71,0,0,105,2,2,0
631392,2187,2176,13,639,1537,11,1548,0,1548,17,4,3,5,5,393,1,1,106,0,65,0,1,1,537,0,0,0,0,3,0,0,1,20,1,2,0,0,0,2,145,0,1,83,0,0,138,5,1,7
631393,1710,1701,17,571,1126,13,1139,0,1139,14,3,1,3,3,253,1,1,69,0,46,0,4,0,464,0,0,1,0,4,0,0,0,18,0,2,0,0,0,0,95,0,1,39,0,4,105,5,0,3
631394,2421,2402,17,825,1582,14,1596,0,1596,10,5,7,3,2,361,0,0,105,0,49,0,2,1,610,4,0,0,0,3,0,1,2,18,1,3,0,0,0,1,186,0,2,73,1,2,142,2,0,0
631395,1881,1879,17,625,1244,12,1256,0,1256,5,3,4,0,2,295,0,1,88,1,35,0,0,3,498,2,0,1,0,7,0,0,0,26,1,4,0,0,1,0,125,0,0,68,0,1,83,2,0,0
631396,1977,1954,13,819,1148,10,1158,0,1158,18,0,0,2,2,311,1,0,102,0,41,0,2,1,446,0,0,2,0,2,0,0,1,24,1,1,0,0,1,0,93,0,0,32,0,1,70,3,0,1
631397,1314,1307,18,407,894,13,907,0,907,12,0,2,0,2,223,1,0,75,1,41,0,0,1,362,0,0,0,0,7,0,0,1,18,0,3,0,1,0,0,73,0,1,31,0,1,48,2,0,1
631398,1584,1571,11,616,958,10,968,0,968,11,0,0,4,3,295,0,0,93,0,21,0,1,1,358,0,0,0,0,2,1,0,1,21,1,2,0,0,1,0,72,0,0,32,1,3,37,2,1,4
631399,2040,2029,25,706,1311,23,1334,0,1334,25,4,1,2,0,345,0,1,116,0,63,0,0,0,496,2,0,0,0,4,0,0,1,34,1,1,0,0,0,0,78,0,2,50,0,0,105,2,1,0
631400,1428,1411,12,526,891,11,902,0,902,9,3,0,1,2,221,3,0,91,0,28,0,0,1,368,0,1,0,0,3,0,0,0,17,2,0,0,0,0,0,88,0,1,27,0,0,30,2,1,3
631401,1446,1489,7,506,933,7,940,0,940,9,3,2,0,1,149,1,0,53,0,35,0,1,0,440,0,0,0,1,8,1,0,3,12,1,0,1,0,0,1,148,0,0,22,0,0,43,1,2,2
631402,1938,1947,25,583,1336,19,1355,0,1355,14,3,0,3,2,376,4,0,102,0,40,0,1,0,485,0,0,0,1,12,0,2,2,20,2,1,0,0,0,0,136,1,1,55,0,1,90,1,0,0
631403,2184,2172,15,755,1416,13,1429,0,1429,28,1,4,3,1,382,1,0,120,0,53,1,0,1,513,4,1,0,0,10,0,0,1,18,1,2,0,1,0,1,117,0,2,49,0,0,103,7,1,3
631404,2085,2058,9,679,1399,7,1406,0,1406,14,3,1,2,4,408,1,0,128,0,48,0,0,0,487,4,1,1,0,7,0,0,0,30,2,2,2,1,0,0,93,0,0,59,0,0,100,7,1,0
631405,1986,1976,17,672,1299,15,1314,0,1314,13,3,2,1,1,313,2,0,119,0,52,0,0,0,535,1,0,0,0,3,1,0,0,19,1,1,0,0,0,2,101,1,0,56,2,1,81,1,0,2
631406,2103,2104,22,715,1373,15,1388,0,1388,11,0,0,1,2,373,3,0,136,2,35,0,1,0,539,1,1,2,0,4,1,0,0,16,1,1,0,0,0,0,92,1,0,71,0,1,88,4,0,1
631407,2172,2159,15,709,1450,13,1463,0,1463,21,2,1,0,3,381,1,0,127,0,54,0,3,0,531,1,0,0,0,2,0,0,2,22,0,2,0,0,0,1,136,0,1,52,0,1,111,8,0,0
631408,2100,2070,16,706,1380,14,1394,0,1394,12,2,7,4,5,354,1,1,134,0,47,0,0,3,491,1,1,0,0,3,0,0,2,21,1,3,0,0,0,0,123,1,2,66,1,0,106,2,0,0
631409,1965,1951,12,619,1337,9,1346,0,1346,23,2,0,1,1,387,3,2,90,0,39,0,0,0,490,1,1,1,1,5,1,0,0,14,0,0,0,0,0,0,122,0,1,56,0,1,97,4,2,1
631410,297,293,119,16,169,112,281,0,281,9,3,0,2,1,88,6,2,23,1,7,0,1,1,33,3,1,3,0,1,0,1,4,18,4,1,0,0,0,2,35,0,0,2,0,1,21,6,1,0
631411,375,148,25,228,123,24,147,0,147,0,0,0,0,0,53,1,0,5,0,4,0,0,0,50,0,1,0,0,2,0,0,1,5,1,0,0,0,0,0,8,0,1,5,1,0,9,0,0,0
631412,261,44,0,217,44,0,44,0,44,0,0,0,0,0,6,0,0,3,0,1,0,0,0,26,0,0,0,0,0,0,0,0,1,0,0,0,0,0,0,3,0,0,1,0,0,3,0,0,0
631413,114,84,0,30,84,0,84,0,84,0,0,1,0,0,23,0,0,3,0,4,0,0,0,31,0,0,0,0,0,0,0,0,2,0,0,0,0,0,1,4,0,0,7,0,1,7,0,0,0
631414,99,18,0,81,18,0,18,0,18,1,0,0,0,0,0,0,0,2,0,2,0,0,0,9,0,0,0,0,1,0,0,0,0,0,0,0,0,0,0,1,0,0,0,0,0,2,0,0,0
631700,1458,1464,10,558,894,6,900,0,900,7,2,1,1,1,189,2,0,70,1,21,0,1,0,391,0,0,0,0,4,0,0,3,16,0,0,0,0,0,0,97,0,1,36,1,2,49,1,0,3,01,04,2019,00,44
