000001,60,12,0,48,12,0,12,0,12,0,0,0,0,0,0,0,0,0,0,0,0,0,1,8,0,0,0,0,0,0,0,0,0,0,0,0,0,0,0,0,0,0,0,0,0,3,0,0,0
680772,315,313,21,112,188,15,203,0,203,1,0,0,0,0,7,0,0,1,0,16,0,0,0,43,0,0,0,0,3,0,0,0,59,1,0,0,0,0,0,26,0,2,9,0,1,33,1,0,0
680773,363,363,21,120,227,16,243,0,243,2,0,1,1,0,10,0,0,0,0,36,0,0,0,38,0,0,0,0,2,0,0,1,50,0,0,0,0,0,0,50,0,0,8,0,0,38,2,0,4
680774,183,179,22,60,106,17,123,0,123,1,0,0,0,0,8,0,0,0,0,8,0,0,0,24,0,0,0,0,0,0,0,0,18,0,0,0,0,0,0,41,0,0,2,0,0,19,1,1,0
680775,69,69,3,21,45,3,48,0,48,1,0,0,0,0,2,0,0,0,0,9,0,0,0,3,0,0,0,0,0,0,0,1,11,0,0,0,0,0,0,14,0,0,0,0,0,6,1,0,0
680776,618,616,23,258,343,17,360,0,360,2,5,0,1,0,22,2,0,4,1,27,0,1,1,90,2,0,0,0,3,0,0,2,70,0,2,0,1,0,0,59,1,0,16,0,0,36,9,1,2
680777,75,75,3,19,53,3,56,0,56,0,0,0,1,0,0,0,0,0,0,4,0,0,1,12,0,0,0,0,0,0,0,0,8,1,0,0,0,0,0,21,0,0,0,0,0,5,2,0,1
680779,813,807,60,271,488,54,542,0,542,1,1,2,2,0,37,0,0,1,0,54,0,0,0,107,1,1,0,0,6,0,0,0,89,0,1,0,0,1,2,117,1,0,27,0,2,79,4,1,5
680780,276,272,19,108,149,19,168,0,168,2,1,1,0,0,7,0,0,0,1,9,0,0,0,26,0,0,0,0,6,0,0,1,57,0,1,0,0,0,0,28,0,0,4,0,1,23,0,0,0
680781,234,236,7,71,158,5,163,0,163,1,0,0,0,0,5,1,0,1,2,17,0,0,0,30,0,2,0,0,3,0,0,1,32,1,1,0,0,0,0,23,0,0,2,0,0,29,7,0,5
680782,141,143,11,64,66,11,77,0,77,1,0,0,0,0,5,0,0,0,0,4,0,0,0,21,0,0,0,0,0,0,0,1,15,1,1,0,0,0,0,12,0,0,1,0,0,11,3,0,1
680783,288,284,28,85,179,24,203,0,203,0,0,0,0,0,5,0,0,0,0,8,0,0,0,45,0,1,0,0,2,0,0,0,78,0,2,0,0,0,0,27,0,0,7,0,0,28,0,0,0
680784,291,289,15,95,184,12,196,0,196,2,0,0,1,0,9,0,0,3,0,8,0,0,0,48,0,0,0,0,2,0,0,0,56,0,0,0,0,0,0,17,0,0,13,0,0,33,2,0,2
680785,444,437,30,148,269,27,296,0,296,2,1,0,1,0,13,0,0,0,1,14,1,0,0,40,0,0,0,0,6,1,0,0,47,0,0,0,0,0,0,68,0,0,26,0,1,73,1,0,0
680786,534,532,56,182,306,46,352,0,352,4,1,0,0,1,27,0,0,7,0,28,0,1,0,67,1,0,0,0,22,0,0,1,54,0,0,0,0,0,0,51,0,4,7,0,0,71,4,1,0
680787,180,176,25,52,104,24,128,0,128,1,0,0,0,0,16,0,0,2,0,5,0,0,0,26,0,0,0,0,2,0,0,1,23,1,0,0,0,0,2,16,0,1,10,0,0,21,0,0,1
680788,105,109,13,39,54,12,66,0,66,0,0,0,0,0,5,0,0,2,0,5,0,0,0,11,0,0,0,0,3,0,0,0,17,0,0,0,0,0,0,12,0,0,0,0,0,10,1,0,0
680789,633,630,35,225,376,32,408,0,408,6,0,0,0,0,17,0,0,1,1,28,0,0,0,97,0,1,0,0,15,0,0,0,68,0,2,0,0,0,0,67,0,0,14,0,1,81,6,1,2
680790,117,116,4,50,63,4,67,0,67,1,0,0,0,0,4,0,0,0,0,3,0,0,0,14,0,0,0,0,0,0,0,0,20,1,0,0,0,0,0,6,0,0,1,0,0,16,1,0,0
680791,120,118,10,35,76,9,85,0,85,2,0,0,0,0,10,0,0,2,0,7,1,0,0,9,0,0,0,0,0,0,0,0,24,0,0,0,0,0,0,12,0,0,3,0,0,13,2,0,0
680792,375,370,47,132,200,43,243,0,243,4,0,0,1,0,33,0,0,1,0,16,0,0,0,31,0,1,0,0,1,1,0,2,62,1,0,0,0,0,1,44,0,0,4,0,0,37,2,1,0
680793,558,550,12,233,314,11,325,0,325,4,0,0,0,1,7,0,0,2,0,29,0,0,0,58,0,1,0,1,2,0,0,2,80,0,0,0,0,0,0,66,0,0,8,0,1,50,6,1,6
680794,396,392,20,134,243,19,262,0,262,1,0,0,0,0,26,0,0,3,0,22,0,0,0,49,0,0,0,0,3,0,0,0,57,2,0,0,0,0,0,41,0,0,8,0,0,44,3,2,1
680795,297,298,17,95,187,15,202,0,202,1,0,0,0,0,18,1,0,1,0,11,0,0,0,40,0,0,0,0,5,0,0,0,60,0,3,0,0,0,0,17,0,1,9,0,0,29,3,1,2
680796,492,491,35,165,295,32,327,0,327,4,1,1,0,1,21,2,0,2,0,17,0,0,0,64,1,0,0,0,11,0,0,0,43,2,0,0,0,1,0,71,0,0,10,1,0,65,5,2,2
680797,1194,1183,32,429,733,32,765,0,765,11,0,1,3,0,37,4,0,2,0,51,0,0,1,159,1,1,0,1,26,0,0,0,115,1,1,0,0,1,0,130,0,3,78,1,0,130,0,1,6
680798,1203,1196,40,433,731,39,770,0,770,5,0,3,1,2,44,1,1,2,0,66,0,0,1,206,2,1,0,0,7,1,0,1,98,0,2,0,0,0,2,100,1,0,84,0,1,119,9,2,8
680799,138,131,15,50,74,14,88,0,88,1,0,1,0,1,12,0,0,2,0,4,0,0,1,12,0,1,0,0,2,0,0,0,23,0,0,0,0,0,0,13,0,0,2,0,0,12,1,0,0
680800,426,423,34,148,250,28,278,0,278,4,0,0,0,1,21,1,0,0,1,14,0,0,0,30,0,0,0,0,11,0,0,0,63,0,0,0,0,0,2,46,0,1,28,1,0,49,4,0,1
680801,2352,2331,28,935,1391,26,1417,0,1417,21,1,1,3,1,110,10,3,28,0,151,0,2,0,380,0,1,1,0,39,0,0,2,71,0,5,0,0,0,1,193,1,1,162,0,1,211,7,0,10
680802,2400,2387,21,1036,1345,19,1364,0,1364,17,0,2,4,0,115,4,1,23,1,149,1,2,0,374,1,0,2,1,33,0,1,1,106,0,6,1,0,0,1,185,1,1,112,0,0,186,13,0,20
680803,2412,2406,79,969,1392,51,1443,0,1443,14,1,1,2,1,86,2,1,28,0,115,1,2,1,438,0,2,0,0,38,1,0,2,126,2,10,0,0,0,2,231,0,0,110,0,2,177,11,3,33
680804,2412,2377,9,1112,1294,6,1300,0,1300,32,2,0,0,1,83,2,1,20,1,150,0,2,4,347,3,2,0,0,42,0,2,2,122,0,2,0,0,0,0,205,0,0,91,1,2,157,10,4,10
680805,1977,1969,10,831,1139,7,1146,0,1146,18,3,0,3,1,93,3,0,14,0,97,1,2,1,264,0,1,2,0,48,0,1,1,102,2,2,0,1,0,2,159,0,1,116,0,1,184,10,0,13
680806,1983,1969,27,767,1190,26,1216,0,1216,27,2,1,4,1,56,7,0,18,0,93,0,0,0,322,1,3,1,0,30,1,0,0,145,2,5,1,0,1,1,173,1,1,123,0,2,173,5,3,13
680807,2082,2064,12,828,1242,12,1254,0,1254,16,3,1,3,0,85,4,0,20,0,110,0,3,1,312,1,3,0,0,40,0,1,0,92,0,5,0,0,0,1,176,2,1,147,1,0,197,15,1,13
680808,1233,1230,10,547,677,9,686,0,686,14,0,1,4,0,22,3,0,8,0,63,0,1,0,168,0,2,1,0,28,0,0,1,82,1,4,0,0,0,0,96,0,0,58,0,0,112,4,1,12
680809,258,253,1,103,154,1,155,0,155,1,0,0,0,0,9,0,1,1,1,6,0,0,0,37,0,0,0,0,1,0,0,3,41,0,0,0,1,0,0,21,0,0,0,0,0,26,5,0,1
680810,1275,1254,18,560,699,16,715,0,715,13,0,0,3,0,41,0,0,9,0,46,0,3,0,215,0,1,0,0,10,0,0,1,56,0,2,0,0,0,0,111,0,1,64,0,1,121,11,1,5
680811,1158,1151,15,523,623,12,635,0,635,6,3,1,1,0,46,0,0,4,0,64,0,2,0,156,1,0,0,0,15,0,0,0,56,1,3,0,0,0,1,96,0,0,67,0,0,93,6,3,10
680812,1299,1281,16,579,706,14,720,0,720,18,1,0,2,0,31,0,0,8,0,49,0,0,2,213,0,3,0,0,13,0,0,0,62,2,2,0,0,1,1,107,0,0,67,0,1,122,5,3,7
680813,939,928,23,376,540,23,563,0,563,7,3,1,1,1,45,0,1,7,0,41,0,0,0,127,0,0,1,0,11,0,0,0,51,0,2,0,0,0,2,93,1,1,46,0,0,111,2,0,8
680814,423,418,7,183,233,7,240,0,240,2,0,0,0,0,21,0,0,2,0,15,0,0,0,79,0,0,0,0,2,0,0,0,22,0,0,0,0,0,0,17,0,0,12,0,0,64,3,1,0
680815,558,551,29,252,278,28,306,0,306,1,0,1,1,0,14,0,0,2,0,25,1,0,0,82,0,0,0,0,4,0,0,2,26,0,1,0,0,0,0,52,0,0,29,0,0,57,4,1,3
680816,129,121,0,49,80,0,80,0,80,0,0,0,1,0,1,0,0,0,0,2,0,0,0,18,0,0,0,0,0,0,0,0,22,0,0,0,0,0,0,11,0,0,1,0,0,24,0,0,0
680817,540,538,39,213,292,35,327,0,327,3,1,1,0,0,27,1,0,5,0,28,0,0,0,73,0,0,1,0,2,0,0,2,53,0,1,0,0,0,0,64,0,0,11,1,0,52,1,0,0
680819,249,249,27,56,169,24,193,0,193,0,1,0,1,0,5,0,0,3,0,19,0,0,0,43,0,1,0,0,2,0,0,0,39,1,0,0,0,0,0,24,0,0,4,0,0,47,2,1,0
680820,141,142,3,53,85,3,88,0,88,2,0,0,0,1,5,2,0,1,0,9,0,0,0,13,0,0,0,0,0,0,0,0,11,0,0,0,0,0,0,16,0,0,1,0,0,22,3,1,1
680821,177,178,7,46,126,5,131,0,131,1,0,0,1,0,10,1,0,0,0,8,0,0,0,27,0,0,0,0,0,0,0,0,15,0,0,0,0,0,0,31,0,0,6,0,0,28,2,1,0
680822,180,179,8,49,124,7,131,0,131,5,0,0,0,0,2,0,0,0,0,10,1,0,1,29,0,1,0,0,3,0,0,1,26,0,0,0,0,0,0,19,0,3,0,0,0,29,1,0,0
680823,354,351,41,124,195,35,230,0,230,2,0,1,0,0,13,0,0,1,0,20,0,0,0,41,0,1,0,1,3,0,0,1,54,0,0,0,0,0,0,48,0,0,7,0,0,35,2,0,0
680824,240,235,24,91,127,22,149,0,149,1,0,0,0,1,3,0,0,1,0,14,0,0,0,26,0,0,0,0,2,1,0,0,22,0,0,0,0,0,1,30,0,1,4,0,0,39,2,0,1
680825,969,960,57,373,547,49,596,0,596,11,0,2,1,0,12,0,0,8,0,54,1,2,0,150,1,1,0,1,8,0,0,2,115,0,5,0,0,0,1,97,0,2,27,0,1,73,13,3,5
680826,411,402,24,166,221,24,245,0,245,3,0,0,0,0,8,1,0,11,0,18,1,0,0,36,1,1,0,0,3,0,0,1,72,0,1,0,0,0,0,38,0,0,9,0,2,34,2,1,2
680827,333,329,19,98,218,17,235,0,235,3,0,2,0,0,12,0,0,2,0,11,0,0,0,72,1,0,0,0,1,0,2,1,23,0,0,1,0,0,0,47,0,0,20,0,1,25,7,3,1
680828,291,289,16,90,186,15,201,0,201,2,0,1,1,0,11,0,0,2,0,13,0,0,0,49,0,1,0,0,1,0,0,0,16,0,2,1,0,0,1,36,0,0,22,0,0,39,0,0,3
680829,306,304,21,114,176,16,192,0,192,2,0,0,0,1,9,1,0,1,0,9,0,0,0,18,0,0,0,1,2,0,0,0,35,0,0,0,0,0,0,36,0,0,8,0,0,65,4,0,0
680830,330,329,28,105,201,24,225,0,225,0,0,1,1,1,12,0,0,3,0,16,0,0,0,28,0,1,1,0,0,0,1,0,34,0,1,1,0,0,0,53,1,0,10,0,0,53,4,0,3
680831,210,211,26,46,140,24,164,0,164,2,0,0,0,0,6,0,0,0,0,8,0,0,0,20,0,0,0,0,2,0,0,0,47,0,2,0,1,0,0,42,0,0,4,0,0,29,1,0,0
680832,360,358,27,115,222,23,245,0,245,6,0,0,0,0,3,0,0,0,0,21,1,0,0,39,0,0,0,0,2,0,0,0,57,0,0,0,0,0,1,45,0,0,18,0,0,49,2,0,1
680833,246,242,20,79,147,20,167,0,167,0,0,0,0,0,5,0,0,0,0,10,0,0,0,14,0,1,0,0,6,0,0,0,48,0,0,0,0,0,1,38,0,0,11,0,0,29,3,1,0
680834,354,350,20,113,224,17,241,0,241,2,1,0,1,1,8,1,1,4,0,10,0,0,0,38,0,0,0,0,8,0,1,0,49,1,2,0,1,0,0,74,0,0,6,0,0,26,2,0,4
680835,888,881,62,341,500,47,547,0,547,7,0,0,0,0,31,0,1,1,0,28,0,0,0,97,0,0,0,0,18,0,0,0,64,1,0,0,0,0,0,171,0,0,33,1,1,85,1,1,6
680836,138,143,12,36,93,9,102,0,102,1,0,0,0,0,0,0,0,1,0,5,0,0,0,22,0,0,0,0,3,0,0,0,12,0,0,0,0,0,1,34,0,0,4,0,0,13,1,2,3
680837,129,129,10,37,83,9,92,0,92,0,0,0,0,0,1,1,0,0,0,11,0,0,0,18,1,0,0,0,1,0,1,0,17,0,0,0,0,0,0,23,0,0,5,0,0,11,1,0,1
680838,288,284,25,113,153,22,175,0,175,2,0,0,0,0,9,0,0,5,0,11,0,0,0,25,0,0,0,0,0,0,0,0,26,0,1,0,0,0,0,60,0,0,4,0,0,28,2,1,1
680839,417,411,45,155,222,40,262,0,262,5,0,1,0,0,5,0,0,1,0,15,0,0,0,43,0,0,0,0,3,0,0,0,36,0,1,0,0,0,1,67,0,3,18,0,0,53,4,1,5
680840,357,352,33,124,205,28,233,0,233,2,0,1,0,0,14,0,0,1,1,7,0,0,0,54,0,1,0,0,2,0,0,1,58,0,0,0,0,0,0,34,0,0,5,0,0,48,3,0,1
680841,276,279,19,103,156,17,173,0,173,1,0,0,0,1,2,0,0,0,0,13,0,0,0,23,0,0,1,0,1,0,1,2,39,1,0,0,0,0,1,43,0,0,6,0,1,34,1,0,2
680842,597,589,19,217,363,17,380,0,380,6,0,0,2,0,7,0,0,1,0,9,0,0,0,73,0,2,0,0,0,0,0,2,99,0,0,0,0,0,1,120,0,0,7,0,0,41,4,1,5
680843,282,277,28,80,176,26,202,0,202,4,0,0,0,0,13,0,0,0,0,15,0,0,0,31,0,0,0,0,2,0,0,0,47,0,0,1,0,0,0,47,0,2,3,0,0,32,2,0,3
680844,162,163,16,35,115,12,127,0,127,6,0,1,0,0,10,0,0,1,0,13,1,0,0,16,0,0,0,0,1,0,0,0,31,0,0,0,0,0,0,19,0,0,9,0,1,12,3,0,3
680845,420,416,45,136,239,45,284,0,284,2,0,0,0,0,17,0,0,0,2,7,2,0,0,44,1,0,0,0,13,0,0,0,33,4,0,0,0,0,0,84,1,2,24,1,0,42,4,0,1
680846,381,379,20,107,254,20,274,0,274,3,0,0,1,0,12,0,0,1,0,28,0,0,0,42,0,1,0,0,4,0,0,0,30,0,1,0,0,0,0,59,0,0,26,0,1,59,3,2,1
680847,114,111,8,46,62,6,68,0,68,1,0,0,0,0,1,0,0,0,0,1,0,0,0,8,0,0,0,0,1,0,0,3,14,1,0,0,1,0,0,17,0,0,2,0,1,15,0,1,1
680848,531,524,20,169,342,20,362,0,362,3,0,2,1,0,6,0,0,4,0,18,0,0,1,92,0,0,0,0,5,0,0,3,76,0,2,0,0,0,0,93,0,0,7,0,0,43,2,1,3
680849,468,465,24,139,309,20,329,0,329,10,0,0,0,2,4,1,0,2,0,11,0,1,0,62,0,0,0,0,3,0,0,2,62,3,0,0,0,1,2,70,1,1,12,0,2,65,9,0,3
680850,993,982,56,334,610,49,659,0,659,7,2,1,6,1,17,0,2,4,1,58,0,0,0,179,1,2,0,0,12,0,2,1,82,1,0,0,1,0,2,121,1,1,40,0,0,100,9,0,5
680851,330,327,30,118,188,24,212,0,212,2,0,0,1,0,16,0,0,0,0,12,0,0,0,42,0,1,0,0,2,0,0,0,43,0,0,0,0,0,0,39,0,0,8,0,0,42,2,0,2
680852,102,98,11,37,55,10,65,0,65,1,0,0,0,0,4,0,0,0,0,3,0,0,0,10,0,0,0,0,0,0,0,0,8,0,0,0,0,0,0,29,0,0,2,0,0,7,1,0,0
680853,309,307,30,98,187,24,211,0,211,1,1,0,0,1,9,0,0,0,0,11,1,0,0,35,1,0,0,0,2,0,0,1,36,0,2,0,0,1,0,62,0,0,12,0,2,30,2,1,0
680854,384,376,18,117,249,18,267,0,267,3,0,0,0,0,11,0,0,2,0,23,0,0,0,51,0,0,0,0,1,0,0,2,71,2,2,0,0,0,0,43,0,0,5,0,0,46,3,2,0
680855,603,597,23,193,389,21,410,0,410,1,0,0,1,0,24,1,0,3,0,29,0,1,0,80,0,0,0,0,1,0,0,0,72,0,0,0,0,0,1,88,0,0,24,0,0,74,3,1,6
680856,312,310,14,84,218,10,228,0,228,3,0,0,0,0,7,0,0,2,4,8,0,1,1,36,0,1,0,0,3,0,0,1,74,0,3,0,0,0,0,48,0,0,3,0,0,29,3,0,1
680857,237,234,45,59,133,45,178,0,178,1,0,0,0,0,3,0,0,0,0,13,0,0,0,24,0,0,0,0,1,0,0,3,38,0,0,0,0,0,0,45,0,0,5,0,0,37,4,0,4
680858,222,219,16,87,120,15,135,0,135,1,1,0,0,1,1,0,0,0,0,7,0,0,0,29,0,0,0,0,1,0,0,0,14,0,0,0,0,0,0,34,0,0,5,0,0,33,7,0,1
680859,657,648,71,278,322,57,379,0,379,8,0,0,0,0,15,0,0,12,0,30,0,0,0,54,1,1,0,0,5,0,1,0,51,2,1,0,0,0,1,93,0,0,23,0,0,73,6,0,2
680860,147,146,7,52,88,7,95,0,95,1,0,0,0,0,0,0,0,0,0,7,0,0,0,18,0,0,0,0,1,0,0,0,8,0,1,0,0,0,0,18,0,0,7,0,0,34,0,0,0
680861,99,99,7,29,63,7,70,0,70,1,0,0,0,0,5,0,0,0,1,5,0,0,0,12,0,0,0,0,1,0,0,0,13,0,0,0,0,0,0,14,0,0,5,0,0,13,0,0,0
680862,354,347,19,108,227,19,246,0,246,6,0,0,0,0,17,0,0,0,0,13,0,0,0,54,0,1,0,0,3,0,0,2,34,0,0,0,0,0,2,64,0,0,8,1,0,37,1,1,2
680863,243,238,16,36,191,16,207,0,207,0,0,0,0,0,8,0,0,0,0,13,0,0,0,31,0,0,0,0,5,0,1,6,47,0,0,0,0,0,0,46,0,0,4,0,0,42,2,0,2
680864,402,399,30,131,242,29,271,0,271,5,0,0,0,0,12,0,0,0,2,16,0,0,0,51,1,1,0,0,2,0,0,2,43,0,0,0,0,0,0,46,0,0,20,0,0,69,0,0,1
680865,111,109,7,37,71,3,74,0,74,0,0,0,0,0,2,0,0,0,0,5,0,0,0,15,0,0,0,0,2,0,0,1,9,1,1,0,0,0,0,15,0,0,3,0,0,16,4,0,0
680866,156,156,13,42,101,13,114,0,114,1,1,1,0,0,2,0,0,0,0,11,0,0,0,12,0,2,0,0,2,0,0,0,20,1,0,0,0,0,0,27,0,0,5,0,1,22,5,0,1
680867,372,365,37,47,291,34,325,0,325,8,0,1,0,0,10,0,0,1,0,17,0,0,0,56,0,3,0,0,1,0,0,0,90,0,2,0,0,0,0,61,0,0,9,0,0,62,2,1,1
680868,306,303,24,118,166,22,188,0,188,1,0,0,0,0,6,0,0,1,0,13,0,0,0,31,0,0,0,0,2,0,0,3,45,1,0,0,0,0,0,46,0,0,3,0,0,32,3,0,1
680869,339,339,34,98,208,33,241,0,241,3,0,0,0,0,14,0,0,3,0,13,0,1,0,45,0,0,0,0,5,0,0,2,18,0,0,0,0,0,2,84,1,0,16,0,0,33,0,0,1
680870,258,255,11,99,151,8,159,0,159,2,0,0,0,0,5,0,0,3,0,10,0,0,0,34,0,0,0,0,5,0,0,0,14,0,2,1,0,0,0,36,0,2,12,0,1,29,2,0,1
680871,318,316,36,120,167,31,198,0,198,4,0,0,0,0,12,0,0,1,0,17,0,0,0,38,0,0,0,0,1,0,0,0,31,1,2,0,0,0,0,50,1,0,11,0,0,21,3,1,4
680872,243,248,25,68,152,23,175,0,175,0,0,1,0,0,8,0,0,0,0,11,0,0,0,29,0,0,0,0,2,0,0,0,35,0,0,0,0,0,2,42,0,0,12,7,1,17,1,2,5
680873,180,178,18,62,103,15,118,0,118,1,0,1,0,0,3,1,0,1,0,2,0,0,0,19,0,0,0,0,2,0,0,0,32,0,0,0,0,0,0,23,0,0,9,0,0,20,3,0,1
680874,219,216,13,36,172,11,183,0,183,0,0,0,1,1,3,0,0,3,0,10,0,0,0,25,0,0,0,0,1,0,0,1,22,0,0,0,0,0,2,44,0,0,8,0,0,56,4,2,0
680875,1110,1103,63,337,719,54,773,0,773,9,0,1,0,1,26,2,0,8,0,62,0,3,1,205,1,1,0,0,17,0,0,0,59,1,2,0,0,1,0,189,0,0,65,0,1,105,7,1,5
680876,177,176,19,58,101,18,119,0,119,2,0,0,0,0,4,0,0,0,0,8,0,0,0,33,0,0,0,0,1,0,0,1,15,0,0,0,0,0,0,21,0,0,2,0,0,31,1,0,0
680877,519,516,60,141,321,57,378,0,378,7,0,0,0,0,11,0,0,4,0,18,0,1,0,77,0,0,0,0,11,0,1,0,30,1,2,0,1,0,2,86,0,0,10,0,0,104,7,0,5
680878,1062,1047,57,412,601,49,650,0,650,6,6,1,0,0,46,0,1,5,1,62,1,0,0,177,1,0,0,1,9,0,0,0,73,0,0,1,0,0,1,103,0,3,43,1,0,92,8,1,7
680879,126,127,19,33,76,17,93,0,93,0,0,0,0,0,6,0,0,0,0,2,1,0,1,9,0,0,0,0,0,0,0,0,28,0,0,0,0,0,0,18,0,0,0,0,0,22,1,1,4
680880,243,238,43,89,118,36,154,0,154,3,0,0,1,0,6,0,0,1,1,4,0,0,0,21,0,1,0,0,1,0,0,0,41,0,1,0,0,0,0,39,0,0,7,0,1,23,3,0,0
680881,279,275,16,93,174,12,186,0,186,4,0,0,0,0,4,0,0,3,0,13,0,0,0,27,0,0,1,0,5,0,0,1,37,0,0,1,0,0,0,29,0,0,7,0,0,53,1,0,0
680882,120,118,7,45,70,5,75,0,75,1,0,0,0,0,2,0,0,0,1,1,0,0,0,8,0,1,0,0,1,0,0,1,16,0,0,0,1,0,0,25,0,0,4,0,0,11,1,1,0
680883,123,122,11,38,76,9,85,0,85,2,1,0,1,0,2,0,0,0,0,8,0,0,0,6,0,0,0,0,5,0,0,0,8,0,0,0,0,0,1,28,0,0,6,0,0,16,0,0,1
680884,123,124,15,3,107,13,120,0,120,0,0,0,0,0,1,0,0,0,0,0,0,0,0,13,0,0,0,0,1,0,0,0,24,1,0,0,0,0,1,51,1,1,0,0,0,23,3,0,0
680885,342,344,32,120,196,26,222,0,222,3,0,0,2,0,4,0,1,1,0,6,0,0,0,33,0,0,0,0,3,1,0,1,55,0,0,0,0,0,0,49,0,1,4,0,1,48,6,0,3
680886,366,370,48,106,219,41,260,0,260,0,0,0,0,0,5,0,1,0,0,15,0,1,1,52,0,0,0,0,3,1,1,2,56,2,1,0,0,0,0,81,0,0,8,0,0,26,2,0,2
680887,378,376,15,127,240,11,251,0,251,3,1,1,0,0,10,1,0,2,0,21,0,0,0,87,0,0,0,0,4,0,0,1,15,0,0,0,0,0,0,43,0,0,13,0,0,44,5,0,0
680888,195,191,5,70,121,4,125,0,125,1,0,0,0,0,5,1,0,2,0,10,0,0,0,25,0,1,0,0,5,0,0,0,9,0,0,0,0,0,0,32,0,0,16,0,0,15,1,0,2
680889,1359,1408,63,375,928,56,984,0,984,10,3,0,1,1,30,0,0,8,1,61,0,1,0,471,0,0,0,0,22,0,0,4,70,0,1,0,0,0,3,143,0,0,43,2,2,88,11,2,6
681204,447,436,22,178,247,22,269,0,269,6,0,1,0,0,8,1,0,1,0,12,0,0,0,61,0,0,0,1,0,0,0,0,59,0,0,0,0,0,0,50,1,0,7,1,0,59,0,0,1
681205,333,326,21,119,193,21,214,0,214,6,0,0,0,0,14,0,0,2,0,22,0,0,0,66,0,0,0,0,0,0,0,0,20,1,0,0,1,0,0,30,0,0,9,0,0,40,2,0,1
681206,309,307,18,122,169,18,187,0,187,1,0,1,0,0,11,0,0,1,1,15,1,0,0,28,0,0,1,0,1,0,0,2,34,0,1,0,0,0,1,58,5,0,6,0,0,17,1,1,0
681207,90,93,8,27,55,8,63,0,63,1,0,0,0,0,0,0,0,0,0,1,0,0,0,13,0,0,0,0,0,0,0,0,5,0,0,0,0,0,0,27,0,0,7,0,0,9,0,0,0
681208,93,89,7,32,54,7,61,0,61,0,0,0,0,0,4,0,0,0,0,2,0,0,0,3,0,0,0,0,1,0,0,1,14,0,0,0,0,0,0,19,0,0,2,0,0,13,2,0,0
681209,453,454,1,226,226,1,227,0,227,3,0,0,0,0,5,0,0,2,1,42,0,0,0,42,0,0,0,0,3,1,0,0,47,0,0,1,0,0,1,44,0,0,8,0,0,25,2,0,0
681210,396,390,26,188,183,25,208,0,208,1,0,0,0,0,8,1,0,0,0,14,0,0,0,37,0,0,0,0,3,0,0,1,60,0,0,0,0,0,0,51,1,0,5,0,0,24,0,1,1
681211,288,288,29,93,169,26,195,0,195,6,0,0,1,0,2,0,0,2,7,19,0,0,0,34,0,0,0,0,3,0,0,0,15,0,0,0,3,0,0,39,0,1,8,0,0,51,3,1,0
681212,342,336,14,143,185,14,199,0,199,1,0,0,0,0,5,0,0,2,0,16,0,0,0,33,0,1,0,0,2,0,0,0,37,0,1,0,0,0,0,43,1,0,10,0,2,39,4,0,2
681213,78,79,1,27,50,1,51,0,51,0,0,0,0,0,1,0,0,0,2,11,0,0,1,5,0,0,0,0,0,0,0,0,14,0,0,0,1,0,0,11,0,0,2,0,0,3,0,0,0
681214,174,173,13,53,108,13,121,0,121,1,1,0,0,0,7,0,0,1,0,3,0,0,0,25,0,0,0,0,4,0,0,0,13,1,0,0,0,0,0,29,0,0,2,0,0,29,2,1,2
681215,129,127,0,48,81,0,81,0,81,1,1,0,1,0,1,0,0,0,0,9,0,0,0,20,0,0,0,0,1,0,1,0,10,0,0,0,0,0,1,16,0,0,2,0,0,17,0,0,0
681216,357,354,6,150,201,6,207,0,207,2,2,0,0,0,4,0,1,0,1,11,0,1,1,60,0,0,0,1,0,0,0,0,25,0,1,0,1,0,0,49,0,0,7,0,0,37,2,0,1
681217,1353,1332,47,553,753,47,800,0,800,11,2,0,0,2,46,0,1,26,1,57,0,0,0,180,3,3,0,1,10,0,0,0,105,0,1,0,0,0,0,172,0,2,61,0,0,102,4,0,10
681218,258,254,1,107,150,1,151,0,151,1,0,0,0,0,10,1,0,3,0,6,0,0,0,30,0,0,0,0,2,0,0,0,21,0,1,0,0,0,0,37,0,0,15,0,0,22,1,1,0
681219,312,307,24,101,187,24,211,0,211,4,0,0,1,2,12,1,0,0,0,24,0,0,0,34,0,0,0,0,7,0,0,0,22,0,0,0,0,0,1,40,0,0,12,0,0,48,2,0,1
681220,1428,1405,65,550,817,61,878,0,878,36,0,0,0,0,43,0,0,6,0,61,0,0,0,258,0,0,0,0,10,0,0,0,68,0,0,0,0,0,0,139,0,0,67,0,0,179,11,0,0
681221,1122,1110,33,395,694,33,727,0,727,8,0,0,1,1,45,1,0,9,1,52,0,0,0,219,0,0,0,1,6,0,0,2,52,1,2,0,0,0,0,134,0,0,70,0,0,111,3,2,6
681222,186,184,4,55,127,4,131,0,131,0,0,0,1,0,8,0,0,2,0,6,0,0,0,26,0,0,0,0,0,1,0,0,11,0,0,0,0,0,1,24,0,0,13,0,0,37,1,0,0
681223,504,500,27,203,274,27,301,0,301,6,0,1,0,0,12,0,0,2,0,17,0,0,0,64,0,0,0,0,3,0,0,0,77,0,1,0,0,0,0,50,1,0,8,0,0,57,0,0,2
681224,435,433,33,165,237,33,270,0,270,5,0,0,0,0,29,0,0,8,0,12,1,0,0,40,0,0,1,0,6,0,0,0,51,0,0,0,0,0,1,73,0,0,6,0,1,30,3,1,2
681225,252,246,16,113,123,16,139,0,139,0,1,0,0,0,7,0,0,0,0,4,1,0,0,24,0,0,0,0,1,0,0,4,26,0,0,0,0,0,0,41,0,0,3,0,1,25,0,0,1
681226,717,711,56,282,383,52,435,0,435,9,0,1,0,0,11,0,0,2,0,29,0,0,0,79,0,0,0,0,14,0,1,0,82,1,1,0,0,0,0,100,0,3,21,0,0,71,4,3,3
681227,297,298,27,50,222,25,247,0,247,3,0,0,0,0,20,0,0,2,0,13,0,0,0,53,0,0,0,0,1,0,0,0,36,0,1,0,3,0,0,37,1,0,13,0,0,61,3,0,0
681228,708,700,34,244,430,34,464,0,464,3,0,1,1,0,14,0,0,1,0,40,0,1,0,81,1,2,0,0,6,0,0,0,56,0,0,0,0,0,0,113,0,1,22,0,1,115,2,0,3
681229,504,498,21,187,298,19,317,0,317,0,0,0,1,1,5,0,0,1,0,16,0,1,0,75,0,0,0,0,3,0,0,1,38,0,0,0,0,0,2,91,1,0,19,0,0,49,6,0,7
681230,252,250,10,65,177,10,187,0,187,0,0,0,0,0,14,1,0,0,0,8,0,0,0,39,0,0,0,1,1,0,0,2,30,0,2,0,0,0,0,44,1,0,2,0,0,33,9,0,0
681231,120,119,17,38,65,17,82,0,82,0,0,0,0,0,4,0,0,0,1,3,1,0,0,13,0,0,0,0,2,0,0,1,3,0,0,0,2,0,0,27,0,0,1,0,0,18,0,0,6
681232,1089,1069,24,495,570,24,594,0,594,6,0,0,4,0,35,0,0,7,0,18,0,0,0,166,0,0,0,0,8,0,0,1,58,2,0,0,0,0,1,87,0,0,56,0,0,134,7,1,3
681233,105,108,7,36,62,7,69,0,69,1,0,0,0,0,5,0,0,0,1,11,0,0,0,5,0,0,0,0,0,0,0,1,6,1,0,0,1,0,0,15,0,0,3,0,0,15,3,0,1
681234,228,225,12,88,131,9,140,0,140,1,0,0,0,0,19,0,0,0,0,8,0,0,0,41,0,0,0,0,0,0,0,0,30,0,0,0,1,0,0,16,0,0,3,0,0,18,3,0,0
681235,63,62,5,14,44,5,49,0,49,1,0,0,0,0,0,0,0,0,0,7,0,0,0,17,0,0,0,0,1,0,0,0,7,0,0,0,0,0,0,3,0,0,2,0,0,11,0,0,0
681236,18,18,2,4,12,2,14,0,14,0,0,0,0,0,0,0,0,0,0,0,0,0,0,0,0,0,0,0,0,0,0,0,2,0,0,0,0,0,0,7,0,0,0,0,0,4,1,0,0
681237,300,295,24,101,177,22,199,0,199,5,0,0,2,1,14,3,0,0,1,7,0,0,0,34,0,0,0,0,4,0,0,0,31,1,2,0,1,0,0,40,0,0,12,0,0,38,1,0,2
681238,48,47,2,23,23,2,25,0,25,0,0,0,0,0,2,0,0,0,0,4,0,0,0,4,0,0,0,0,0,0,0,0,2,0,0,0,0,0,0,9,0,0,0,0,0,4,0,0,0
681239,519,512,6,264,250,5,255,0,255,8,0,0,0,0,11,1,0,3,0,13,0,0,0,56,0,0,0,0,15,0,0,0,33,1,0,0,0,0,1,35,0,0,19,0,2,50,5,2,0
681240,687,677,36,241,413,33,446,0,446,0,1,1,0,0,24,0,0,8,2,23,0,0,1,123,0,2,0,0,4,0,0,1,75,1,0,0,0,0,0,96,0,1,17,0,0,59,4,0,3
681241,294,292,15,110,169,15,184,0,184,6,0,0,0,0,5,0,0,4,0,12,0,0,0,53,1,1,0,0,2,0,0,0,36,0,0,0,1,0,0,23,0,0,8,0,0,29,2,1,0
681242,771,761,23,296,454,21,475,0,475,11,2,1,1,1,23,0,0,8,0,23,0,0,0,154,0,0,1,0,6,0,0,1,60,0,0,1,0,0,1,100,0,0,18,0,1,50,3,2,7
681243,234,231,12,47,175,12,187,0,187,5,0,0,0,0,4,0,0,0,0,12,0,0,0,14,0,0,0,0,0,0,0,1,32,0,0,0,0,0,1,71,0,1,10,0,0,33,2,1,0
681244,156,151,3,52,101,3,104,0,104,0,1,0,0,0,3,0,0,1,0,12,0,0,0,20,0,0,0,0,0,0,0,0,26,0,1,0,0,0,0,23,0,0,3,0,0,11,2,0,1
681245,195,190,16,71,109,15,124,0,124,2,0,0,1,0,10,0,0,0,0,8,0,0,0,18,0,1,0,0,0,0,0,0,14,0,0,0,1,0,0,36,1,0,4,0,0,25,3,0,0
681246,75,74,6,23,46,6,52,0,52,2,0,0,0,0,0,0,0,0,0,4,0,0,1,14,0,0,0,0,1,0,0,0,6,0,0,0,0,0,0,14,0,0,3,0,0,7,0,0,0
681247,78,76,0,38,40,0,40,0,40,0,0,0,0,0,2,0,0,0,0,2,0,0,0,2,0,0,0,0,0,0,0,0,6,0,0,0,0,0,0,13,0,0,0,0,0,14,1,0,0
681248,114,116,8,30,76,8,84,0,84,1,0,0,0,0,2,0,0,2,0,3,0,0,0,16,0,0,0,0,1,0,0,0,11,0,0,0,0,0,0,24,0,1,1,0,0,19,3,0,0
681249,147,146,8,47,92,8,100,0,100,0,0,1,0,0,4,0,0,0,0,3,0,0,0,29,0,0,0,0,3,0,0,1,21,0,0,0,0,0,0,17,0,0,1,0,0,18,2,0,0
681250,84,86,7,25,52,7,59,0,59,0,0,0,0,0,0,0,0,0,0,1,0,0,0,16,0,0,0,0,0,0,0,0,9,0,0,0,0,0,1,10,0,0,1,0,0,19,2,0,0
681251,63,59,0,29,34,0,34,0,34,2,0,0,0,0,2,0,0,0,0,5,0,0,0,6,0,0,0,0,0,0,1,0,2,0,0,0,1,0,1,5,0,0,0,0,0,9,0,0,0
681252,513,509,42,173,298,42,340,0,340,7,3,0,0,0,14,0,0,1,0,24,0,1,0,62,0,0,0,1,7,0,0,3,59,0,0,0,0,0,0,79,0,0,11,0,0,64,3,0,1
681253,84,81,10,30,44,10,54,0,54,2,1,0,0,0,3,0,0,0,1,6,0,0,0,4,0,0,0,0,0,0,0,0,9,0,0,0,0,0,1,6,0,0,2,0,0,17,2,0,0
681254,1695,1671,9,718,969,8,977,0,977,15,0,3,1,1,50,1,1,19,0,68,0,0,1,234,1,3,1,2,16,0,0,2,90,1,2,0,0,0,1,177,0,0,59,1,1,207,11,4,4
681255,1215,1199,12,474,730,11,741,0,741,14,0,0,0,0,31,2,0,12,0,47,0,0,0,178,0,0,0,0,17,1,0,3,57,0,0,0,0,0,1,157,0,2,47,0,0,159,4,1,8
681256,732,726,0,356,376,0,376,0,376,5,0,0,2,0,20,0,0,5,0,28,0,0,0,109,0,0,0,1,11,3,0,2,33,0,0,0,0,0,1,88,0,0,14,0,0,44,7,0,3
681257,411,408,4,187,220,4,224,0,224,5,0,0,0,0,16,0,0,1,0,15,1,0,0,45,0,0,0,0,1,0,0,2,22,0,0,0,0,0,2,54,0,0,11,0,0,42,5,0,2
681258,183,182,10,73,100,10,110,0,110,0,0,0,0,0,2,0,0,1,0,4,0,0,0,28,0,1,0,0,0,0,0,0,16,0,0,0,0,0,0,28,0,1,1,0,0,23,4,1,0
681259,504,495,1,198,305,1,306,0,306,3,1,0,1,0,17,0,0,4,1,23,0,0,0,78,0,0,0,0,8,0,0,1,25,0,0,0,0,0,0,67,1,0,18,0,0,56,2,0,0
681260,138,136,10,52,77,9,86,0,86,0,0,0,0,0,2,0,0,0,0,7,0,0,2,28,0,0,0,0,0,0,0,0,8,0,0,0,0,0,0,16,0,0,0,0,1,19,0,0,3
681261,519,507,31,175,314,30,344,0,344,7,1,0,1,0,19,0,0,6,0,25,0,0,0,68,0,1,0,0,2,0,1,1,44,0,0,0,0,0,1,92,0,0,8,0,0,61,5,0,1
681262,375,363,13,131,231,13,244,0,244,5,0,0,0,1,16,0,0,1,0,16,0,0,0,37,0,2,0,0,2,0,0,1,48,0,0,0,0,0,0,56,0,0,10,0,0,45,3,0,1
681263,483,476,34,182,269,32,301,0,301,3,0,0,0,0,25,2,0,0,0,8,0,0,0,64,0,0,0,0,4,0,0,0,36,1,2,0,0,0,2,70,0,0,17,0,0,58,6,0,3
681264,96,101,14,37,45,14,59,0,59,2,0,0,0,0,3,0,0,0,1,3,0,0,1,12,0,0,0,0,0,0,0,0,11,0,0,0,0,0,0,13,0,0,4,0,0,8,1,0,0
681265,840,832,22,182,636,22,658,0,658,17,0,0,1,0,24,1,0,1,0,40,0,0,0,126,0,0,0,0,7,0,0,0,80,0,1,0,0,0,0,111,2,0,27,0,0,197,18,1,4
681266,522,465,4,57,461,4,465,0,465,21,4,0,3,2,7,0,0,4,1,5,0,0,0,96,2,0,3,1,1,0,1,3,8,1,0,0,0,0,1,12,0,0,1,0,0,260,27,0,1
681391,1017,1009,4,395,619,3,622,0,622,6,2,2,1,0,35,4,1,9,0,38,1,0,0,190,0,1,1,0,20,0,0,1,44,0,2,0,0,0,1,83,0,1,67,0,0,102,5,0,5
681392,1248,1235,13,553,683,12,695,0,695,9,0,1,2,2,33,0,0,9,0,58,0,0,0,204,1,1,1,0,6,1,0,0,56,0,1,0,0,0,0,122,0,2,67,0,0,106,6,0,7
681393,1119,1099,12,491,619,9,628,0,628,10,0,2,1,0,20,1,0,10,0,44,0,1,0,231,1,0,0,0,10,0,1,1,34,0,2,0,0,0,1,70,0,1,62,1,1,112,2,1,8
681394,1125,1117,9,454,663,8,671,0,671,8,0,1,1,0,32,0,0,6,0,42,0,0,0,196,1,1,0,0,20,1,0,0,56,0,1,0,0,0,1,105,0,1,78,0,0,105,7,3,5
681395,2202,2178,31,839,1335,28,1363,0,1363,24,2,1,4,2,62,3,0,15,0,69,2,1,1,425,2,5,0,0,36,0,0,1,111,1,3,0,1,0,0,189,1,0,139,0,1,230,16,0,16
681396,2040,2002,20,806,1219,15,1234,0,1234,21,3,2,2,0,80,2,0,21,0,93,1,4,1,391,0,1,1,1,24,1,2,0,66,0,2,0,0,0,1,188,0,0,135,0,2,164,13,2,10
681397,2031,2002,10,832,1189,10,1199,0,1199,16,1,3,4,1,60,0,0,16,0,97,0,0,0,356,1,2,1,0,41,1,0,1,74,0,4,0,0,0,0,188,0,1,130,0,0,187,2,0,12
681398,1401,1379,10,547,845,9,854,0,854,23,3,1,1,0,84,1,0,11,0,34,0,1,0,274,0,0,0,0,24,0,0,1,44,0,0,0,1,0,1,124,0,2,119,1,0,87,7,2,8
681399,2295,2270,13,875,1407,13,1420,0,1420,19,4,2,2,1,166,2,0,36,1,93,0,0,0,422,3,0,2,0,36,0,2,2,69,0,1,0,0,0,0,211,0,2,171,0,1,154,6,3,9
681400,1338,1318,6,519,814,5,819,0,819,17,3,0,2,2,87,2,0,11,0,66,0,0,0,257,0,0,0,0,18,0,0,1,43,2,2,0,0,0,0,106,0,1,103,0,0,88,2,0,6
681401,1278,1259,8,519,752,7,759,0,759,21,1,0,3,0,40,1,0,7,0,67,0,0,0,227,0,0,0,0,11,0,0,0,37,1,3,0,0,0,0,130,0,0,105,0,0,96,3,0,6
681402,1020,1012,4,374,642,4,646,0,646,17,1,2,2,1,42,0,0,6,0,50,0,0,0,206,1,0,0,0,15,0,0,0,32,0,1,0,0,0,1,114,0,0,61,0,0,79,2,2,11
681403,2277,2237,17,960,1304,13,1317,0,1317,23,4,2,6,1,86,1,0,13,1,112,2,3,0,433,1,1,0,0,22,0,0,0,79,1,5,0,2,1,1,171,0,2,159,0,0,167,5,3,10
681404,2025,2003,17,730,1279,16,1295,0,1295,21,3,3,1,1,78,1,0,10,0,106,0,0,0,408,0,0,1,0,35,1,0,1,79,0,1,1,2,0,1,169,0,1,155,0,1,188,6,3,18
681405,1122,1110,15,408,704,10,714,0,714,15,1,0,1,1,42,0,0,9,0,50,0,0,1,233,0,0,1,0,15,0,0,0,36,1,6,0,0,0,1,124,0,0,80,0,0,89,4,1,3
681406,1206,1194,10,461,735,10,745,0,745,12,2,1,4,1,35,1,0,8,0,50,0,0,0,273,0,2,0,0,16,0,0,0,85,1,0,1,0,0,0,78,1,0,58,0,0,101,2,1,12
681407,1185,1189,14,480,692,13,705,0,705,13,0,0,3,0,37,0,0,4,0,58,1,0,0,217,2,1,1,2,18,0,0,0,45,1,2,0,0,0,0,101,0,1,83,0,0,97,11,2,5
681408,306,56,36,260,18,28,46,0,46,0,0,0,1,0,1,0,0,0,0,3,0,0,0,13,0,0,0,0,1,0,0,0,7,0,0,0,0,1,0,4,0,1,3,0,0,11,0,0,0
681537,1305,1301,5,532,770,3,773,0,773,15,1,1,3,0,43,1,0,10,0,68,0,0,0,240,2,3,0,0,7,0,1,0,65,0,4,0,0,1,0,110,0,0,61,0,0,132,3,1,1
681538,1410,1392,9,753,651,6,657,0,657,3,0,0,3,1,35,2,1,4,0,50,0,0,0,220,0,1,2,0,14,0,0,1,41,1,4,0,0,0,0,126,0,0,49,0,0,87,5,1,6
681539,1827,1782,6,725,1097,5,1102,0,1102,11,4,1,2,0,85,3,0,20,0,87,0,2,0,345,0,0,0,0,26,1,1,0,48,0,6,0,0,0,0,172,0,3,128,0,0,148,4,0,5
681540,2160,2123,13,906,1244,10,1254,0,1254,22,3,0,6,2,85,3,1,21,0,117,0,0,0,353,1,2,1,0,20,0,0,1,58,1,4,0,1,0,1,207,0,2,149,0,1,171,5,3,13
681541,2301,2264,15,998,1288,15,1303,0,1303,16,1,1,5,1,85,3,0,22,0,116,0,1,0,384,1,0,2,0,17,1,0,1,62,0,7,0,0,0,1,247,0,1,150,0,2,159,11,1,5
681542,2175,2159,10,820,1348,7,1355,0,1355,15,1,1,3,0,113,3,0,31,0,122,0,1,0,349,0,1,0,0,13,1,0,1,66,1,1,0,0,1,1,235,1,2,209,0,0,172,2,1,8
681543,1647,1627,8,698,945,4,949,0,949,22,4,3,2,0,69,1,0,32,0,73,0,1,0,268,0,1,1,0,18,1,0,1,48,1,5,0,1,0,0,159,0,0,103,0,0,119,5,2,9
681544,1887,1863,12,806,1071,10,1081,0,1081,27,3,1,4,0,68,13,0,13,0,76,0,0,0,310,2,0,0,0,23,0,0,0,49,2,1,0,0,0,1,196,0,0,97,0,1,170,12,1,11
681545,1704,1681,9,692,1004,8,1012,0,1012,11,2,0,4,0,79,2,1,25,0,84,0,0,0,278,2,0,2,0,20,0,0,0,40,0,2,0,0,0,1,202,0,3,107,1,1,135,5,0,5
681546,1662,1650,1,683,978,1,979,0,979,17,3,0,4,0,78,4,0,29,0,81,0,0,0,253,2,0,0,0,19,0,0,0,51,1,2,0,1,0,1,192,1,0,94,1,0,136,6,0,3
681547,1845,1819,6,761,1078,6,1084,0,1084,14,1,3,2,0,101,1,0,29,0,89,1,1,0,344,0,4,1,0,29,1,0,1,46,0,3,0,0,0,1,152,0,2,115,0,0,121,11,2,9
681548,2037,2023,17,818,1206,13,1219,0,1219,16,5,2,6,1,126,2,1,28,0,99,0,0,1,314,2,1,0,0,19,0,0,1,42,1,4,1,1,0,1,207,0,0,151,0,2,168,7,2,8
681549,1596,1573,8,675,914,7,921,0,921,10,2,0,4,1,77,3,0,15,1,81,0,1,0,278,0,2,0,0,17,0,0,1,54,0,1,0,1,0,0,151,0,2,98,0,1,113,2,0,5
681550,2055,2028,13,843,1204,8,1212,0,1212,19,1,0,3,2,81,0,0,18,1,86,0,1,0,347,0,0,0,0,23,0,0,2,65,1,2,0,0,0,1,237,0,2,135,1,1,164,8,1,10
681551,1629,1633,6,659,964,6,970,0,970,17,3,4,3,1,43,0,0,12,1,94,2,1,0,292,0,1,0,0,29,0,0,1,44,0,2,0,0,0,1,149,0,3,117,0,1,136,4,1,8
681552,1941,1937,38,861,1050,30,1080,0,1080,13,0,1,5,1,66,3,0,14,0,111,0,0,1,298,0,2,0,0,19,0,0,2,74,0,4,1,1,0,0,165,0,0,114,0,0,158,12,1,14
681553,1743,1714,10,749,986,8,994,0,994,25,2,2,6,3,69,0,0,15,0,68,1,0,0,275,0,0,1,1,27,0,0,0,65,0,1,0,1,0,1,182,1,0,79,0,0,159,3,3,4
681554,1596,1569,7,698,891,7,898,0,898,9,2,1,5,2,41,5,3,13,0,71,0,0,1,268,0,0,0,1,21,0,0,2,70,0,4,0,0,0,0,143,0,2,82,0,1,136,8,1,6
681555,1749,1640,13,829,909,11,920,0,920,10,3,1,3,0,53,5,0,20,0,65,1,0,0,307,0,0,0,0,24,0,0,0,51,1,4,0,0,0,0,141,1,0,78,0,0,139,8,1,4
681556,864,832,3,377,484,3,487,0,487,3,1,0,2,0,29,1,0,4,0,48,0,0,0,182,2,1,1,0,14,0,0,2,18,0,1,0,0,0,0,89,0,0,39,0,1,42,2,1,4
681557,342,80,55,274,13,55,68,0,68,0,0,0,0,0,5,1,0,1,0,2,0,0,0,16,0,0,0,0,2,0,0,0,11,0,1,0,0,0,0,18,0,0,2,0,0,8,0,0,1
681558,114,25,4,89,21,4,25,0,25,0,0,0,0,0,1,0,0,0,0,4,0,0,0,4,0,0,0,0,1,1,0,0,3,0,0,0,0,0,0,4,0,0,1,0,0,6,0,0,0
681564,162,162,14,62,87,13,100,0,100,0,0,0,0,1,5,0,0,0,0,5,0,0,0,30,0,0,0,0,0,0,0,2,13,0,0,0,0,0,0,17,0,0,7,0,0,18,1,0,1,01,04,2019,02,40
