710467,1890,1878,7,789,1094,7,1101,0,1101,14,9,0,1,0,42,0,0,25,0,90,0,1,1,301,1,3,1,0,8,1,0,0,37,0,3,0,0,0,2,146,0,9,173,1,1,221,7,0,3
710468,1950,1918,2,822,1126,2,1128,0,1128,9,4,1,1,1,30,0,0,15,0,95,0,0,1,314,2,6,0,0,11,0,0,3,43,0,3,0,1,0,1,148,0,3,183,0,0,228,20,0,5
710469,2061,2032,7,882,1173,6,1179,0,1179,18,2,0,1,0,43,0,0,20,0,82,0,1,0,303,0,0,0,0,16,0,0,0,61,1,0,1,2,0,1,158,0,3,185,0,2,261,14,0,4
710470,1656,1641,5,626,1025,5,1030,0,1030,13,4,1,0,1,33,1,0,13,1,49,0,0,1,262,0,4,0,0,5,1,0,2,66,0,4,0,0,0,0,130,1,2,125,0,0,296,10,0,5
710471,1284,1278,0,552,732,0,732,0,732,6,0,0,4,0,23,1,0,5,0,56,0,0,1,208,0,1,0,0,4,0,0,0,29,0,5,0,0,0,0,83,0,3,105,0,0,178,10,1,9
710472,1443,1426,50,488,905,50,955,0,955,8,0,0,1,0,65,0,1,24,2,66,1,2,1,253,1,2,0,0,5,0,0,0,119,0,3,1,0,0,2,62,0,1,82,0,1,242,6,1,3
710473,1284,1274,46,532,710,42,752,0,752,11,0,1,0,1,40,1,1,15,0,76,0,1,0,175,0,0,1,0,6,0,0,1,49,0,0,0,0,0,0,74,0,0,79,0,2,203,10,1,4
710474,153,156,12,30,111,12,123,0,123,2,0,1,0,0,4,0,0,5,0,11,0,0,0,30,0,0,0,0,2,0,0,1,10,1,0,0,0,0,0,21,0,0,7,0,0,28,0,0,0
710475,1542,1525,2,618,922,2,924,0,924,12,0,1,1,0,26,0,0,11,0,51,1,2,0,272,0,2,0,0,6,1,0,2,74,0,0,0,1,0,1,96,0,2,118,0,2,219,13,2,8
710476,1203,1192,3,487,713,3,716,0,716,10,1,0,2,0,32,2,0,5,0,40,0,0,0,175,2,2,0,0,10,0,0,0,80,0,0,0,1,0,0,73,0,2,84,0,1,182,7,1,4
710477,699,695,30,212,457,30,487,0,487,4,0,0,0,0,13,1,0,15,0,24,0,1,1,133,0,0,2,0,0,0,0,1,75,0,0,0,0,0,0,65,0,2,35,0,3,103,5,1,3
710478,291,287,23,90,180,21,201,0,201,5,0,0,0,0,6,0,0,5,0,13,0,0,0,57,0,1,0,0,0,0,0,1,32,0,0,0,0,0,0,18,0,0,14,0,1,46,2,0,0
710479,174,173,5,66,103,5,108,0,108,0,0,0,0,0,8,0,0,1,0,8,0,0,0,27,0,0,0,0,0,0,0,0,12,0,0,0,0,0,1,14,0,0,7,0,1,28,1,0,0
710480,408,408,32,142,234,32,266,0,266,2,0,0,0,0,13,0,0,4,0,18,0,1,0,53,0,1,0,0,3,0,0,0,33,0,0,0,0,0,2,50,1,1,8,0,4,70,2,0,0
710481,258,261,8,83,167,8,175,0,175,6,0,0,0,0,0,0,0,6,1,23,0,0,0,49,0,0,0,0,0,0,0,0,25,0,0,1,0,0,0,24,0,0,8,0,1,25,4,1,1
710482,294,289,18,144,132,18,150,0,150,6,0,0,0,0,16,1,0,5,0,8,0,0,0,39,3,1,1,0,0,0,0,1,24,0,0,0,0,0,1,16,0,0,11,0,2,13,0,0,2
710483,249,243,11,83,155,11,166,0,166,2,0,0,0,0,3,0,0,2,0,10,0,0,0,37,0,0,0,0,0,0,0,0,41,0,0,0,0,0,0,14,0,0,4,0,1,48,1,0,3
710484,888,888,29,316,543,29,572,0,572,9,0,1,0,0,25,0,0,3,0,33,0,1,1,134,0,3,1,0,7,0,0,0,59,0,0,0,0,0,0,31,0,1,55,0,2,199,2,1,4
710485,684,680,29,209,446,29,475,0,475,2,0,0,3,0,7,0,0,11,0,35,0,1,0,90,0,0,0,0,2,0,0,0,41,1,2,0,0,0,0,50,0,2,75,0,2,141,9,1,0
710486,99,99,9,30,60,9,69,0,69,0,0,1,0,0,0,0,0,4,0,7,0,0,0,10,0,1,0,0,0,0,0,1,3,0,0,0,0,0,0,7,0,0,1,0,1,30,3,0,0
710487,435,434,23,146,268,21,289,0,289,0,0,0,1,0,17,0,0,6,0,36,0,0,0,73,0,0,0,0,1,0,0,0,27,0,0,0,0,0,0,29,0,1,32,0,0,62,0,0,4
710488,450,443,19,179,253,18,271,0,271,0,0,0,0,0,11,0,0,4,0,8,0,1,0,65,0,2,0,0,1,0,0,1,41,0,0,0,0,0,1,35,1,1,16,0,2,75,5,0,1
710489,699,694,44,284,376,39,415,0,415,5,1,0,0,0,19,0,0,5,0,18,0,0,0,102,1,1,0,0,0,0,1,0,52,0,0,0,0,1,0,48,0,0,38,0,1,112,9,0,1
710490,501,501,28,147,327,27,354,0,354,2,0,1,1,0,8,0,0,3,0,31,0,0,0,83,0,0,0,0,4,0,0,0,33,0,1,0,0,0,0,41,0,1,23,0,1,114,4,2,1
710491,324,329,11,69,244,11,255,0,255,1,0,0,0,0,6,0,0,2,0,20,0,0,1,84,0,0,0,0,1,0,0,2,31,0,0,0,0,0,0,30,0,0,11,0,1,57,4,0,4
710492,495,505,51,176,278,41,319,0,319,2,0,0,0,0,14,0,0,8,1,28,0,0,0,60,0,4,0,0,4,0,0,0,60,1,2,0,0,0,0,46,0,0,10,0,2,69,6,0,2
710493,63,61,0,19,44,0,44,0,44,2,0,0,0,0,1,0,0,3,0,0,0,0,0,8,0,0,0,0,0,0,0,0,5,0,0,0,0,0,0,16,0,0,1,0,0,8,0,0,0
710494,300,298,8,91,201,8,209,0,209,0,0,0,1,0,7,0,0,5,0,12,0,0,0,40,0,2,0,0,1,0,0,3,35,0,0,0,0,0,1,35,0,0,6,0,1,57,3,0,0
710495,420,416,19,194,207,19,226,0,226,1,0,0,0,0,13,0,0,9,2,18,0,0,0,60,1,0,0,0,1,0,0,0,19,0,1,1,0,0,1,20,0,0,25,0,0,49,4,1,0
710496,567,562,42,174,352,41,393,0,393,2,0,1,1,1,11,0,0,17,0,31,0,0,0,75,0,2,0,1,0,0,0,1,57,0,0,0,0,0,1,68,0,1,22,0,1,91,6,0,3
710497,42,41,1,16,25,1,26,0,26,0,0,0,0,0,4,0,0,1,0,1,0,0,0,8,0,0,0,0,0,0,0,0,0,0,0,0,0,0,0,4,0,0,1,0,0,7,0,0,0
710498,438,443,16,163,259,16,275,0,275,2,0,0,0,0,6,0,0,8,0,12,0,0,0,77,0,0,0,0,0,0,0,0,37,0,0,0,0,0,0,51,0,0,23,0,2,51,2,1,3
710499,879,879,31,335,514,30,544,0,544,8,0,0,1,1,12,1,0,17,0,55,0,0,0,147,1,2,0,0,6,0,0,2,56,0,0,0,0,0,0,57,0,2,50,0,0,121,4,0,1
710500,255,246,10,94,152,9,161,0,161,1,0,0,0,0,8,0,0,4,0,9,0,0,0,29,0,0,0,2,2,0,0,0,16,0,0,0,0,0,0,33,1,0,14,1,1,36,0,1,3
710501,261,262,13,84,164,13,177,0,177,0,0,0,0,0,3,0,0,4,0,12,0,2,0,56,1,1,0,0,0,0,0,1,18,1,0,0,0,0,0,21,1,1,9,0,0,44,2,0,0
710502,354,351,17,100,237,17,254,0,254,1,0,0,0,0,9,0,0,10,0,15,0,0,0,84,0,2,0,0,1,0,0,0,34,1,1,0,0,0,1,9,0,0,17,0,5,58,4,1,1
710503,336,330,17,133,186,17,203,0,203,0,0,1,1,0,3,0,0,5,0,13,0,0,0,47,0,0,0,0,3,0,0,2,26,0,0,0,0,1,0,35,0,2,16,0,4,40,3,0,1
710504,633,628,29,257,347,29,376,0,376,6,0,2,0,0,7,0,0,7,1,29,0,0,0,84,1,2,0,0,5,0,0,0,48,0,1,0,0,0,0,54,0,0,29,0,0,86,5,4,5
710505,222,223,11,97,114,11,125,0,125,0,0,0,0,0,6,0,1,8,0,8,0,0,0,18,1,0,0,0,0,0,0,1,19,1,0,0,0,0,0,22,0,0,9,0,1,28,2,0,0
710506,528,522,25,105,398,25,423,0,423,2,1,0,0,0,6,0,0,18,0,36,0,0,0,102,0,0,0,0,3,0,0,1,98,1,0,0,0,0,0,42,0,0,24,0,6,79,3,0,1
710507,96,99,3,24,69,3,72,0,72,0,0,0,0,0,5,0,0,1,0,10,0,0,0,17,0,0,0,0,0,0,0,0,14,0,0,0,0,0,0,7,0,0,0,0,0,15,3,0,0
710508,468,474,33,183,252,33,285,0,285,3,0,0,1,0,14,0,0,6,0,18,0,0,0,63,0,0,0,0,0,0,0,0,44,0,0,0,0,0,0,36,0,0,15,0,4,69,9,1,2
710509,231,85,40,156,35,40,75,0,75,0,0,0,0,0,4,0,0,1,0,3,0,0,0,14,0,1,0,0,0,0,0,1,10,0,0,0,0,0,0,13,0,0,11,0,0,14,2,1,0
710566,684,672,27,283,374,27,401,0,401,8,0,0,1,0,12,0,1,6,0,45,0,0,0,119,0,2,0,0,0,0,2,0,61,1,1,0,0,0,0,28,0,0,49,1,0,61,1,1,1
710581,747,729,2,287,458,2,460,0,460,7,0,0,3,1,14,0,0,10,0,43,1,0,0,124,0,4,0,2,4,0,0,0,74,1,0,0,0,0,0,60,0,0,37,0,2,66,5,0,2
710598,360,363,11,116,234,10,244,0,244,3,2,0,0,0,14,0,0,3,0,11,0,0,0,62,0,1,0,0,4,0,0,1,27,0,1,0,0,0,0,14,0,0,18,0,0,76,5,1,1
710599,381,381,37,130,219,32,251,0,251,2,0,0,1,0,16,0,0,1,0,18,1,1,0,78,2,0,0,0,2,0,3,0,46,0,1,0,1,0,2,35,0,0,9,1,0,30,0,0,1
710600,1647,1637,61,697,890,60,950,0,950,6,2,3,2,0,40,0,0,10,0,93,0,2,2,323,0,5,2,2,15,0,0,3,122,3,2,0,1,0,1,89,0,0,76,0,1,136,7,0,2
710601,573,572,39,192,343,38,381,0,381,3,0,1,1,2,5,0,0,3,0,31,0,1,0,83,0,1,0,0,6,0,0,1,46,0,1,0,0,0,1,71,0,0,53,0,0,66,4,0,1
710602,186,181,11,59,120,7,127,0,127,0,0,0,0,0,3,0,0,5,0,12,0,0,0,35,0,0,0,0,1,0,0,0,12,0,0,0,0,0,1,18,0,0,9,0,2,25,3,0,1
710603,120,119,6,32,84,4,88,0,88,0,0,0,0,0,7,0,0,1,0,1,0,0,0,10,0,0,1,7,7,0,0,0,8,0,1,0,1,0,0,27,0,0,6,0,0,10,1,0,0
710604,561,553,39,211,311,39,350,0,350,5,0,0,1,0,8,0,0,7,0,23,1,0,0,105,0,1,0,0,5,0,0,0,57,1,0,1,0,0,1,39,0,0,31,0,4,56,2,0,2
710605,1119,1114,73,335,716,68,784,0,784,8,3,0,2,3,32,0,0,19,0,46,0,0,0,241,1,0,1,1,18,0,0,1,71,0,4,0,0,0,2,106,1,1,120,0,3,89,4,1,6
710606,750,749,33,319,400,31,431,0,431,8,0,1,2,0,24,0,0,9,0,21,0,0,0,115,0,0,2,0,2,0,1,1,58,0,2,0,0,1,0,58,0,1,48,0,0,67,5,1,4
710607,546,544,34,208,305,33,338,0,338,9,0,0,1,0,22,2,0,3,0,27,0,0,0,93,1,0,0,0,8,0,0,0,55,1,2,0,0,0,0,27,0,1,44,1,0,39,2,0,0
710608,861,855,66,315,488,58,546,0,546,5,0,0,0,0,16,0,0,6,0,31,0,0,0,171,0,0,0,0,4,0,0,1,53,3,0,0,1,0,0,113,0,0,92,0,1,47,2,0,0
710609,1650,1642,100,572,989,89,1078,0,1078,10,0,0,1,0,62,1,0,12,1,65,0,1,1,299,0,3,0,0,11,0,1,0,86,1,1,0,1,0,1,111,3,1,169,1,1,218,7,3,6
710610,630,625,51,166,416,48,464,0,464,4,0,0,1,1,22,0,0,6,0,38,0,1,0,140,0,1,0,0,6,0,0,4,72,0,1,0,0,0,0,45,0,0,38,0,1,77,3,1,2
710611,360,363,11,96,253,11,264,0,264,4,1,0,2,0,4,0,0,0,0,25,0,0,0,75,0,0,0,0,10,1,0,0,19,0,1,0,0,0,0,51,0,0,24,0,3,43,1,0,0
710612,747,741,77,260,418,69,487,0,487,3,1,0,1,0,44,0,0,0,0,31,0,0,0,92,0,0,0,0,3,0,0,0,54,1,0,0,0,0,1,72,0,0,101,1,0,77,0,1,4
710613,174,176,25,45,105,24,129,0,129,3,0,0,0,0,17,0,0,0,0,6,0,0,0,21,0,0,0,0,1,0,0,0,34,0,0,0,0,0,0,8,0,0,12,0,1,24,1,0,1
710614,1116,1103,42,495,584,37,621,0,621,6,0,0,1,0,28,1,0,6,0,39,0,1,0,135,0,1,0,0,10,0,0,0,98,1,2,0,0,0,1,92,0,0,102,0,1,86,3,1,6
710615,366,359,27,137,206,23,229,0,229,3,0,1,0,0,16,0,0,0,0,10,0,0,0,65,1,1,0,1,7,0,0,1,45,0,2,0,0,0,0,36,0,0,16,0,1,20,3,0,0
710616,114,115,12,30,72,12,84,0,84,0,0,0,0,0,6,0,0,7,2,3,0,0,0,16,0,0,0,0,8,0,0,0,10,0,2,0,0,0,0,12,0,0,2,0,2,12,2,0,0
710617,147,146,7,56,84,7,91,0,91,2,0,0,0,0,4,0,0,0,0,6,0,0,0,35,0,0,0,0,0,0,0,0,13,0,0,0,0,0,0,14,0,0,5,0,0,11,1,0,0
710618,651,645,22,217,415,19,434,0,434,3,0,0,1,2,14,0,0,6,0,40,0,0,0,87,1,0,0,7,3,0,0,0,72,0,1,0,0,0,0,77,0,1,44,0,0,71,2,1,1
710619,1110,1094,32,428,654,28,682,0,682,5,0,0,1,1,33,1,0,9,0,30,0,0,0,191,0,0,0,0,19,0,0,1,60,1,2,0,0,0,1,93,0,0,116,1,1,110,4,0,2
710620,609,604,40,159,411,39,450,0,450,2,0,0,0,1,16,2,0,2,0,23,0,0,0,136,1,0,0,0,9,0,1,1,71,0,2,0,0,1,0,47,0,1,71,0,2,54,6,0,1
710621,621,618,47,184,395,42,437,0,437,5,0,1,0,0,22,1,0,5,0,21,0,0,0,123,2,0,0,0,3,0,1,0,71,0,1,0,0,0,0,62,1,3,49,0,2,60,4,0,0
710622,1695,1681,79,681,946,68,1014,0,1014,5,1,0,1,0,28,1,0,19,0,86,0,0,0,267,0,4,0,1,13,0,3,2,143,3,9,0,0,0,1,178,0,0,100,0,2,133,5,0,9
710623,318,317,37,104,182,32,214,0,214,3,2,0,0,0,6,0,1,0,0,8,0,0,0,90,0,1,0,1,2,0,1,4,46,2,1,0,0,0,0,18,0,0,11,0,1,14,1,0,1
710624,747,745,42,257,451,39,490,0,490,5,1,1,0,0,26,1,0,6,0,31,0,0,0,109,0,1,0,0,3,0,0,2,99,0,2,0,0,0,0,43,0,1,61,0,1,88,7,0,2
710625,255,252,17,63,177,15,192,0,192,2,0,0,0,0,5,0,0,6,0,8,0,0,0,38,0,0,0,1,3,0,0,1,25,0,0,0,0,0,0,37,0,1,25,0,0,40,0,0,0
710626,1218,1216,82,370,784,64,848,0,848,13,0,1,2,1,37,1,0,14,0,65,0,1,1,207,1,2,0,0,15,0,0,1,86,0,3,0,0,0,2,161,0,1,118,0,1,99,11,0,4
710627,585,578,26,206,358,21,379,0,379,5,0,0,0,0,38,0,0,7,1,23,0,0,0,116,0,1,0,0,19,0,0,0,14,0,2,0,0,0,0,59,1,0,43,1,1,44,0,0,4
710628,1059,1050,29,374,656,29,685,0,685,5,2,1,0,1,19,0,0,12,0,51,0,0,0,247,0,2,1,0,8,0,0,0,61,0,0,0,0,1,1,104,1,0,79,0,1,79,6,0,3
710629,246,244,19,108,125,13,138,0,138,1,0,0,0,0,6,0,0,1,0,9,0,0,0,36,0,0,0,1,0,0,0,0,31,0,0,0,0,0,0,9,0,0,5,0,0,37,2,0,0
710630,465,455,34,156,280,29,309,0,309,1,0,0,0,0,15,0,0,3,1,22,0,0,1,87,0,0,1,0,2,1,1,0,26,0,0,0,0,0,1,50,1,1,42,0,1,49,2,0,1
710631,246,237,5,105,137,4,141,0,141,0,0,1,0,0,3,0,0,1,0,8,0,0,0,40,0,0,0,1,1,0,0,0,30,0,0,0,0,0,0,16,0,0,21,0,0,16,1,1,1
710632,108,108,4,40,64,4,68,0,68,0,0,0,0,0,3,0,0,1,0,1,0,0,0,22,0,0,0,0,1,0,0,0,14,0,0,0,0,0,1,9,0,0,4,1,0,10,0,1,0
710633,597,593,48,193,360,44,404,0,404,6,1,1,2,0,25,1,0,8,2,23,0,2,0,131,0,0,0,0,9,0,0,1,60,0,0,0,0,0,0,40,0,2,25,0,2,55,7,0,1
710634,303,303,23,99,183,21,204,0,204,1,0,0,0,0,12,0,1,3,1,16,0,0,0,51,0,1,0,0,5,0,0,0,27,0,2,0,0,0,0,45,0,0,7,0,2,26,1,0,3
710635,1350,1328,9,493,851,6,857,0,857,11,1,1,3,1,33,0,0,14,0,53,0,0,0,244,4,1,0,0,56,0,0,1,46,1,2,0,0,0,2,106,0,2,145,0,1,118,7,0,4
710636,1482,1463,7,536,939,7,946,0,946,9,0,2,1,0,50,0,1,4,1,64,0,0,0,272,1,2,0,1,51,1,0,0,55,1,4,0,0,0,1,125,0,2,173,0,0,119,1,0,5
710637,456,452,32,139,288,29,317,0,317,6,2,0,0,1,20,0,0,5,0,18,0,0,0,72,0,0,0,0,5,0,0,0,47,0,2,0,0,0,0,37,1,0,36,1,0,57,6,0,1
710638,201,196,15,61,125,15,140,0,140,0,0,0,0,0,11,0,0,0,0,15,0,0,0,38,0,0,1,0,0,0,0,0,35,0,0,0,0,0,0,4,0,0,8,0,0,27,0,0,1
710639,600,597,27,218,363,19,382,0,382,5,1,0,0,0,19,0,0,2,0,14,0,0,0,121,1,0,1,2,6,0,0,0,54,2,0,0,0,0,0,55,0,0,40,0,0,57,2,0,0
710640,1236,1225,65,436,742,58,800,0,799,15,1,1,0,3,32,0,0,7,0,58,0,1,0,257,1,3,0,0,5,1,0,2,67,0,3,0,0,0,1,97,0,1,73,0,1,161,6,0,2
710641,252,255,25,94,136,22,158,0,158,1,0,0,0,0,8,1,0,1,0,4,1,0,0,52,0,0,0,0,2,0,0,0,33,0,7,0,0,0,0,20,0,0,13,0,1,14,0,0,0
710642,861,854,30,316,523,22,545,0,545,5,0,1,0,1,27,1,0,4,0,36,0,0,0,194,1,0,0,2,7,0,0,1,74,0,0,0,0,0,0,45,0,0,64,1,3,68,10,0,0
710643,144,141,19,59,69,16,85,0,85,0,0,0,0,0,0,0,0,2,0,3,0,0,0,21,0,0,0,0,2,0,0,2,25,0,0,0,0,0,0,15,0,0,10,0,0,5,0,0,0
710644,609,596,45,156,411,42,453,0,453,3,0,0,1,0,16,0,0,4,0,26,0,0,0,121,0,2,1,0,3,0,0,1,76,0,1,0,0,0,0,63,0,0,38,0,0,88,3,0,6
710645,687,677,54,277,358,52,410,0,410,5,1,0,0,0,11,0,0,3,0,38,0,0,0,71,0,1,0,0,4,0,1,0,102,0,1,0,0,0,1,79,0,0,36,0,0,53,2,1,0
710646,423,420,40,128,257,38,295,0,295,2,4,0,0,0,16,0,0,2,0,10,0,0,0,94,0,0,0,0,3,0,0,0,40,0,0,0,0,0,0,50,0,0,19,0,2,48,2,1,2
710647,363,354,32,131,205,27,232,0,232,6,1,0,0,0,15,0,0,2,0,17,0,0,0,54,0,2,0,0,0,0,0,0,32,0,1,0,0,0,0,37,0,0,17,0,0,44,3,0,1
710648,522,520,27,207,290,25,315,0,315,4,1,0,0,1,18,0,1,2,0,25,0,1,0,95,1,0,0,2,2,0,0,1,68,0,1,1,0,0,1,29,0,0,27,0,0,30,2,1,1
710649,381,376,12,126,247,8,255,0,255,2,0,0,1,1,15,0,0,8,1,25,0,0,0,73,0,0,0,0,5,0,0,3,40,1,1,0,0,0,0,24,0,0,30,0,0,24,0,0,1
710650,648,656,52,197,400,51,451,0,451,7,0,0,2,0,11,1,0,4,0,31,0,0,0,149,0,2,0,0,9,0,1,0,49,0,1,1,0,0,0,73,0,0,51,0,1,47,9,2,0
710651,594,588,15,247,334,13,347,0,347,3,0,0,2,0,5,0,0,4,0,33,0,0,1,113,0,1,0,3,16,0,0,0,72,0,0,0,0,0,0,46,0,0,7,0,2,32,2,3,2
710652,909,868,3,52,854,3,857,0,857,38,2,0,0,2,9,0,0,5,1,5,1,1,1,220,1,0,0,0,1,0,0,1,23,0,0,1,0,0,1,175,1,0,3,0,1,317,45,0,2
710653,2391,2369,16,860,1515,16,1531,0,1531,8,3,2,1,2,107,0,0,28,0,71,0,1,0,340,0,2,0,0,7,0,1,0,65,0,1,0,0,0,1,191,0,2,530,0,0,164,4,0,0
710654,2289,2259,32,1048,1215,26,1241,0,1241,18,4,1,2,0,96,0,1,17,0,57,0,0,0,322,1,2,1,1,12,1,0,0,58,1,2,0,0,0,1,134,0,2,344,0,0,148,6,2,7
710655,2046,2012,15,872,1164,10,1174,0,1174,20,3,2,0,2,71,0,0,22,0,58,0,1,0,255,1,3,0,0,2,0,1,0,52,0,0,1,0,0,3,134,0,0,400,0,3,134,2,1,3
710656,2154,2132,22,874,1265,15,1280,0,1280,16,2,0,0,0,82,2,0,26,0,59,0,0,1,285,0,2,0,0,5,0,0,4,53,1,4,0,0,0,0,136,0,1,424,0,0,162,9,1,5
710657,1203,1189,34,503,673,27,700,0,700,8,0,1,2,1,51,2,0,3,0,41,0,0,0,155,0,0,0,0,9,0,0,0,76,1,1,1,0,0,0,95,0,3,134,0,0,111,3,0,2
710658,804,809,5,392,409,3,412,0,412,3,0,0,1,0,26,1,0,5,0,17,0,0,0,103,0,1,1,0,1,0,0,0,55,0,0,0,1,0,0,59,0,0,67,1,0,61,9,0,0
710659,996,990,11,409,579,8,587,0,587,8,1,1,1,2,26,0,0,2,0,38,1,0,1,132,0,0,0,0,7,0,0,4,83,1,2,0,0,0,0,63,0,0,100,1,0,106,6,0,1
710660,204,205,18,63,126,15,141,0,141,1,0,0,0,1,26,0,0,1,1,13,0,0,0,27,0,2,0,0,0,0,0,0,9,0,0,0,0,0,0,22,1,0,14,0,0,20,2,0,1
710661,99,97,10,33,56,10,66,0,66,1,0,0,0,0,5,0,0,2,0,6,0,0,0,12,0,0,0,0,0,0,0,0,17,0,0,0,0,0,0,5,0,0,9,0,0,7,2,0,0
710662,969,961,15,440,515,14,529,0,529,2,1,0,2,0,22,1,0,9,0,53,0,0,0,138,0,0,0,1,7,0,0,0,78,0,0,0,0,0,0,78,0,0,78,0,0,53,6,0,0
710663,861,845,11,373,477,11,488,0,488,8,0,0,0,0,34,5,0,14,0,54,0,0,0,96,0,1,0,0,4,0,1,0,69,0,2,0,0,0,0,83,0,5,52,0,1,50,5,0,4
710664,258,258,28,82,151,25,176,0,176,1,0,0,0,1,4,0,0,3,0,3,0,0,0,36,0,1,0,0,2,0,0,0,22,0,1,0,0,0,0,34,0,0,32,0,0,33,2,1,0
710665,78,81,1,25,52,1,53,0,53,0,0,0,0,0,3,0,0,0,0,0,0,0,0,11,0,0,0,0,0,0,0,0,12,0,0,0,0,0,0,11,0,0,3,0,1,12,0,0,0
710666,393,389,35,123,238,32,270,0,270,2,0,0,0,0,18,0,0,4,0,10,0,0,0,69,0,0,0,0,0,0,0,0,50,0,0,0,0,0,2,22,0,1,38,1,1,48,3,0,1
710667,150,147,8,38,105,7,112,0,112,0,0,0,0,0,0,0,0,2,0,17,1,0,0,16,0,0,0,0,0,0,0,0,23,0,0,0,0,0,0,23,0,0,5,0,5,20,0,0,0
710668,735,728,60,272,417,46,463,0,463,5,0,1,2,0,14,1,0,2,0,47,1,1,0,95,0,0,0,0,3,0,0,3,78,0,0,0,0,0,2,38,0,0,81,0,0,83,1,1,4
710669,864,854,35,327,506,31,537,0,537,6,0,0,0,0,29,0,0,3,0,24,0,0,0,189,1,1,0,0,1,0,0,3,74,1,2,0,0,0,0,47,0,1,63,0,0,85,7,0,0
710670,471,490,69,138,264,69,333,0,333,2,0,0,0,0,10,0,0,5,0,59,0,0,1,98,1,1,0,0,1,0,0,0,49,0,0,0,0,0,0,26,0,0,41,0,1,36,1,0,1
710671,417,413,38,121,260,36,296,0,296,2,0,0,0,0,5,1,1,1,0,0,16,0,0,76,0,0,0,0,1,0,0,0,27,0,0,0,0,0,0,24,0,0,63,0,0,76,1,1,1
710672,183,183,5,54,124,5,129,0,129,0,2,0,0,0,5,0,2,3,0,3,0,0,0,29,0,0,0,0,0,0,0,0,25,0,0,0,0,0,0,10,0,0,22,0,1,26,0,0,1
710673,240,237,0,82,158,0,158,0,158,3,0,0,0,0,1,1,0,0,0,9,0,0,0,40,0,0,0,0,0,0,0,0,16,0,0,0,0,0,1,19,0,2,28,0,0,35,1,0,2
710674,456,464,36,116,304,36,340,0,340,2,0,0,0,0,7,0,0,11,0,17,0,0,1,103,0,2,0,0,1,0,1,2,38,0,0,1,0,0,1,36,0,0,25,0,0,85,4,0,3
710675,672,673,30,198,448,26,474,0,474,9,0,0,0,0,30,4,1,8,0,33,0,0,0,135,0,1,0,0,2,2,1,1,36,0,0,0,0,0,1,37,0,0,87,0,0,76,6,1,3
710676,345,356,18,126,201,18,219,0,219,0,1,0,0,0,14,0,0,4,0,9,0,0,0,36,0,0,1,0,3,0,0,2,64,1,2,0,0,0,1,24,0,0,16,0,2,36,2,0,1
710677,1014,1004,45,402,576,36,612,0,612,6,3,0,4,1,41,1,0,7,0,22,0,0,0,198,0,1,0,0,0,0,0,1,75,5,0,0,0,0,0,73,0,1,72,0,1,90,4,0,6
710678,279,276,18,103,162,14,176,0,176,2,0,0,1,0,3,0,0,4,0,11,1,0,0,30,0,0,1,0,0,0,0,1,44,0,0,0,0,0,1,25,0,0,17,0,2,27,4,1,1
710679,570,563,33,159,380,31,411,0,411,2,1,0,0,0,15,1,0,5,0,26,0,0,0,122,0,0,0,0,5,1,0,4,67,0,0,0,0,0,0,49,0,0,60,0,0,48,4,1,0
710680,570,569,53,210,311,49,360,0,360,3,0,1,1,0,20,0,0,4,0,23,0,1,0,71,0,0,0,0,7,0,0,2,56,2,0,0,0,0,1,62,1,0,46,0,4,54,0,0,1
710681,339,344,29,103,208,28,236,0,236,0,1,0,1,0,9,1,0,3,0,13,0,0,0,69,0,0,0,0,0,0,0,0,56,0,0,0,0,0,0,13,0,0,19,1,0,43,6,0,1
710682,477,469,32,151,297,29,326,0,326,1,0,0,0,0,6,0,0,13,0,11,0,0,0,86,0,4,0,0,2,0,0,1,54,1,0,0,0,0,0,40,0,0,42,0,1,60,2,0,2
710683,69,69,4,21,44,4,48,0,48,1,0,0,0,0,3,0,0,1,0,3,0,0,0,11,0,0,0,0,0,0,0,0,16,0,0,0,0,0,0,8,0,0,0,0,0,5,0,0,0
710684,1332,1309,25,634,685,13,698,0,698,9,2,1,0,0,38,1,0,8,1,27,0,0,1,176,1,1,0,0,2,0,0,1,86,0,1,0,0,0,0,70,1,1,162,0,0,104,4,0,0
710685,675,669,16,302,357,16,373,0,373,7,1,0,0,0,8,0,0,0,0,17,0,0,0,113,0,1,0,0,5,0,0,0,51,1,2,0,0,0,0,25,0,1,68,0,0,65,6,0,2
710686,633,630,28,248,361,24,385,0,385,5,0,1,0,0,16,0,0,2,0,32,0,0,1,101,0,0,0,0,2,0,0,0,52,1,0,0,0,0,0,45,0,0,57,0,0,63,4,0,3
710687,186,187,5,68,114,4,118,0,118,30,4,2,1,1,7,1,0,3,2,3,0,1,2,9,2,0,0,0,0,0,0,0,7,0,0,0,2,1,0,16,0,0,7,0,1,7,1,1,7
710688,528,527,46,178,308,42,350,0,350,0,0,0,3,0,11,0,0,4,0,11,0,0,0,116,0,1,0,0,2,0,0,0,60,0,0,0,0,0,0,34,0,0,43,0,0,57,5,1,2
710689,600,589,27,250,325,25,350,0,350,2,1,0,0,1,10,0,1,5,0,20,0,0,0,95,0,2,0,0,3,0,0,0,38,0,2,0,0,0,0,32,0,0,28,0,1,101,8,0,0
710940,1512,1493,15,567,937,8,945,0,945,12,2,2,3,1,46,1,0,15,0,87,0,0,0,261,1,2,1,0,10,1,0,0,22,0,4,0,0,0,1,153,0,2,208,0,0,105,2,1,2
710941,1538,1550,56,583,914,41,955,0,955,10,0,2,0,2,56,1,0,12,0,64,0,0,0,311,1,3,0,0,18,0,1,1,26,0,0,0,0,0,1,122,0,1,219,1,3,90,4,0,6
710942,1458,1447,13,544,905,9,914,0,914,5,3,1,2,1,40,0,0,10,0,69,0,1,0,283,0,0,0,0,19,0,0,0,21,0,0,0,0,0,1,172,0,1,203,2,1,67,1,3,8
710943,2238,2207,23,814,1408,16,1424,0,1424,17,2,3,5,1,169,2,0,32,0,74,0,1,2,408,4,0,2,0,16,0,1,0,21,0,2,0,0,0,1,190,0,1,334,0,0,130,2,0,4
710944,2139,2106,57,766,1329,44,1373,0,1373,18,2,3,2,1,152,0,1,24,0,92,0,1,0,385,1,1,0,0,19,0,1,1,44,0,8,0,0,1,2,177,0,1,284,0,1,140,3,2,6
710945,2238,2212,15,750,1477,11,1488,0,1488,11,7,1,4,1,103,1,0,12,0,108,0,0,0,460,2,1,0,1,21,0,1,1,39,1,1,0,0,0,0,211,0,3,334,0,3,138,9,4,10
710946,2118,2082,32,784,1302,32,1334,0,1334,20,4,3,1,0,179,3,0,28,0,77,0,0,1,346,0,0,3,1,17,0,0,0,38,1,5,0,0,0,0,215,0,0,267,3,2,107,7,0,6
710947,1872,1853,37,707,1138,27,1165,0,1165,13,5,2,2,2,65,1,0,10,0,80,1,0,1,372,2,0,1,0,19,0,0,1,64,2,4,0,0,0,1,130,0,1,238,0,1,135,7,1,4
710948,1533,1526,29,574,939,20,959,0,959,15,3,2,3,2,51,0,0,12,0,54,0,1,0,313,1,0,1,0,5,1,0,0,44,0,4,0,0,0,1,131,0,0,201,3,3,103,3,1,1
710949,1575,1544,23,636,922,17,939,0,939,8,7,2,2,0,87,2,1,12,0,64,0,1,1,261,1,1,0,1,13,0,1,1,30,2,2,1,0,0,1,136,0,0,222,0,2,64,6,1,6
710950,1884,1861,32,650,1207,27,1234,0,1234,19,3,1,2,0,103,0,0,20,1,68,0,0,2,371,1,0,0,0,19,1,1,2,38,2,4,0,0,0,0,180,0,1,253,1,2,120,8,0,11
710951,1587,1561,13,669,906,12,918,0,918,17,2,0,2,1,55,1,0,6,0,47,1,0,1,334,0,0,0,3,8,1,0,0,27,0,1,0,0,0,0,129,0,4,137,0,0,131,5,0,5
710952,1473,1461,23,567,890,16,906,0,906,8,4,2,3,1,54,1,1,9,0,37,0,0,1,278,0,0,0,1,14,0,0,1,34,1,2,0,0,0,0,140,0,1,202,1,0,103,5,0,2
710953,1443,1431,46,523,882,38,920,0,920,3,0,0,2,0,75,1,0,15,0,55,1,0,1,293,2,0,2,4,13,0,0,1,32,0,3,0,0,0,0,121,0,0,203,0,1,82,5,0,5
710954,1692,1682,31,546,1123,23,1146,0,1146,11,3,1,7,0,109,0,0,21,0,78,1,0,1,296,1,1,0,0,11,0,0,0,34,0,3,0,2,0,0,189,0,1,256,0,2,112,2,0,4
710955,1755,1741,28,572,1156,27,1183,0,1183,12,4,1,1,1,88,0,0,21,0,75,0,0,0,318,0,2,0,1,16,1,0,0,35,0,4,1,1,0,1,198,0,2,275,0,0,115,3,0,7
710956,1785,1775,43,651,1100,34,1134,0,1134,11,1,1,1,1,95,2,0,19,0,68,1,0,0,327,0,1,0,0,25,0,0,1,32,0,2,1,0,0,0,150,0,1,266,0,3,118,5,0,2
710957,2019,1992,32,693,1299,27,1326,0,1326,15,6,2,4,0,110,3,0,23,0,86,0,0,1,392,0,0,0,0,32,0,0,0,44,0,2,0,0,0,1,204,0,0,270,1,2,120,3,1,4
710958,1536,1547,20,537,989,10,999,0,999,11,7,2,3,2,68,0,0,11,2,59,0,0,0,282,2,0,3,1,23,0,0,0,31,1,2,0,0,0,0,148,0,1,248,0,1,84,2,0,5
710959,2184,2155,38,819,1338,27,1365,0,1365,33,2,0,1,0,91,0,0,22,0,91,0,0,0,422,0,2,0,0,15,0,0,0,69,2,0,0,0,1,0,172,0,2,281,1,1,138,9,3,7
710960,1503,1487,20,534,953,16,969,0,969,8,2,1,4,0,56,1,0,12,0,84,1,0,0,288,0,0,0,0,17,1,2,1,61,1,0,0,0,0,0,142,1,1,181,0,0,99,2,1,2
710961,1860,1837,28,670,1168,22,1190,0,1190,21,2,2,2,0,70,0,0,7,0,73,0,1,1,400,2,1,0,0,29,4,2,0,44,0,6,0,0,0,0,172,0,1,210,1,0,130,5,0,4
710962,2238,2203,41,873,1328,37,1365,0,1365,20,2,1,3,2,94,4,0,16,0,80,0,2,0,460,3,1,0,0,20,0,1,2,71,1,4,0,0,0,0,160,1,1,219,2,1,180,8,0,6
710963,1998,1981,27,784,1195,19,1214,0,1214,24,8,2,2,1,65,1,0,19,0,65,1,1,1,367,1,2,0,0,19,0,0,0,70,0,1,0,1,0,0,184,0,3,227,0,1,134,6,2,6
710964,1728,1706,29,645,1059,24,1083,0,1082,19,2,2,1,0,72,1,0,19,0,68,0,1,0,333,1,0,0,0,14,0,0,0,49,0,3,0,0,0,1,169,0,0,212,1,1,104,3,1,5
710965,1944,1927,36,822,1095,27,1122,0,1121,17,0,0,3,1,66,0,0,18,0,69,0,1,0,352,1,0,0,1,12,0,3,0,56,0,4,1,0,0,2,133,0,1,253,0,2,121,0,1,3
710966,1974,1951,25,710,1254,10,1264,0,1264,18,4,2,8,1,76,0,0,19,0,77,0,1,0,372,0,1,3,0,11,0,1,0,59,0,3,0,0,0,0,189,1,1,278,0,3,126,3,0,7
710967,1977,1955,12,796,1173,8,1181,0,1181,14,3,2,3,1,86,1,0,15,0,77,2,1,0,350,0,0,0,0,14,1,0,0,48,1,2,0,0,0,0,182,0,0,261,0,1,111,4,0,1
710968,2205,2174,26,804,1385,16,1401,0,1401,22,3,3,0,4,101,1,0,22,2,121,0,0,1,405,1,0,0,1,17,1,0,0,53,1,3,0,0,0,0,226,0,0,276,0,3,119,8,2,5
710969,1455,1434,20,607,837,11,848,0,848,13,0,1,0,0,49,0,0,8,0,58,0,0,0,256,0,0,0,1,13,1,0,0,43,0,1,0,0,0,1,123,0,0,158,0,0,120,0,1,1
710970,1662,1640,14,726,929,7,936,0,936,3,4,0,2,0,62,0,0,4,0,55,0,0,1,325,0,0,1,0,9,0,0,0,44,2,2,0,0,0,2,135,0,2,189,1,1,82,7,0,3
710971,1971,1945,9,776,1190,5,1195,0,1195,13,0,1,0,3,54,0,0,10,0,99,0,2,1,404,1,0,0,2,16,0,0,2,38,0,6,0,1,0,2,147,0,1,264,0,1,115,5,1,6
710972,1650,1629,17,608,1028,14,1042,0,1042,12,1,0,4,0,38,0,0,20,0,77,0,0,0,349,3,0,0,0,12,0,1,1,62,0,6,0,0,0,1,156,1,1,185,2,1,99,3,1,6
710973,441,84,36,368,39,34,73,0,73,0,0,1,0,0,3,0,0,1,0,5,0,0,0,12,0,0,0,0,0,0,0,2,5,0,0,0,0,0,1,7,0,0,17,0,1,16,0,0,2
710974,171,120,0,51,120,0,120,0,120,3,0,1,0,0,2,0,1,0,0,0,0,0,0,63,0,0,0,0,0,0,0,0,8,0,0,0,0,0,0,5,0,0,1,0,0,30,6,0,0
711101,285,55,20,249,17,19,36,0,36,1,0,0,0,0,2,0,0,1,0,2,0,0,0,8,0,0,0,0,1,0,0,0,5,0,0,0,0,0,0,9,0,0,2,0,0,3,0,1,1,01,04,2019,00,20
