070343,738,722,32,263,447,28,475,0,475,5,2,3,2,1,11,0,0,3,0,44,0,1,0,101,1,1,0,1,9,0,0,0,65,0,1,0,0,0,1,95,1,0,20,2,0,96,6,0,3
070344,750,742,21,238,493,19,512,0,512,0,0,0,3,2,17,0,0,3,0,61,0,0,0,140,0,0,0,0,11,0,0,1,70,0,3,0,0,0,0,69,0,0,32,1,0,90,5,0,4
070345,891,873,42,328,523,40,563,0,563,6,1,0,1,1,15,0,0,4,0,53,2,0,0,140,0,0,0,0,7,0,1,0,96,0,2,0,0,0,0,97,0,1,32,0,2,92,3,3,4
070346,693,684,27,244,425,24,449,0,449,3,0,0,0,1,36,1,0,3,0,25,0,1,0,115,0,0,0,0,5,0,0,0,74,0,2,0,1,0,0,49,0,1,29,0,0,92,5,1,5
070347,270,264,12,47,212,11,223,0,223,0,0,0,0,1,8,0,0,3,0,7,0,0,0,31,0,1,0,0,1,0,1,0,62,0,0,0,0,0,0,32,1,0,14,2,0,51,5,1,2
070348,201,200,12,41,149,11,160,0,160,0,0,0,0,0,8,0,0,6,1,25,0,0,0,32,0,0,0,0,2,0,0,1,32,1,0,0,0,0,0,16,0,0,1,0,0,34,0,0,1
070349,45,43,0,19,26,0,26,0,26,0,0,0,0,0,0,0,0,1,0,1,0,0,0,6,0,0,0,0,2,0,0,0,2,0,0,0,0,0,0,4,0,0,0,0,0,10,0,0,0
070350,102,101,9,38,57,7,64,0,64,0,0,0,0,0,0,0,0,0,0,2,0,0,0,16,0,0,0,0,1,0,0,0,13,1,0,0,0,0,0,8,0,0,3,0,0,19,1,0,0
070351,156,155,16,44,96,16,112,0,112,0,0,0,1,0,4,0,0,2,0,2,0,0,1,31,0,0,0,0,0,0,0,0,21,0,0,0,0,0,0,11,0,0,5,0,0,34,0,0,0
070352,1140,1126,7,404,729,7,736,0,736,12,4,0,1,0,12,1,0,3,0,79,0,0,0,226,0,0,1,0,24,1,0,1,54,0,3,0,0,0,2,111,0,1,88,0,0,98,5,0,9
070353,1098,1084,6,330,762,6,768,0,768,5,2,2,1,0,12,0,0,5,0,88,0,1,0,224,1,2,1,0,28,0,0,0,32,0,2,0,0,0,0,116,0,0,89,0,0,142,4,1,10
070354,960,952,1,344,615,1,616,0,616,2,0,0,2,1,23,1,0,5,0,54,0,0,0,183,1,0,0,0,21,0,0,1,43,0,4,0,0,0,0,83,1,0,83,2,1,93,9,0,3
070355,231,228,1,74,156,1,157,0,157,0,0,0,0,0,4,0,0,0,0,18,0,0,0,44,0,0,0,0,14,1,0,0,12,0,0,0,0,0,1,21,0,0,11,0,0,28,1,1,1
070356,309,309,25,89,199,21,220,0,220,1,0,0,0,0,6,0,0,2,0,12,0,1,0,44,0,0,0,0,3,0,0,3,48,0,0,0,0,1,0,45,0,0,11,0,1,40,1,0,1
070357,135,132,12,38,86,11,97,0,97,0,0,0,1,0,4,0,0,0,0,9,0,0,0,26,0,0,0,0,2,0,0,0,4,0,0,0,0,0,0,13,0,0,10,0,1,25,0,0,2
070358,81,84,12,16,55,10,65,0,65,0,0,0,0,0,8,0,0,0,0,5,0,0,0,11,0,1,0,0,1,0,0,0,10,0,1,0,0,0,0,11,0,0,0,0,0,14,0,0,3
070359,987,977,45,288,654,45,699,0,699,3,3,2,0,0,10,0,0,2,0,55,0,0,0,158,0,2,0,0,8,0,0,1,31,0,0,0,0,0,1,126,0,2,88,0,1,187,8,0,11
070360,216,216,12,79,126,11,137,0,137,1,0,0,0,0,3,0,0,3,0,6,0,0,0,30,0,0,0,0,2,0,0,0,16,0,1,0,0,0,0,28,0,0,12,1,0,31,2,1,0
070361,438,432,21,85,336,17,353,0,353,1,0,0,0,0,19,1,0,2,0,42,1,0,0,95,0,0,0,0,6,0,0,0,49,0,0,0,0,0,0,85,0,0,6,0,0,41,2,1,2
070362,240,240,8,79,156,5,161,0,161,0,0,0,1,0,13,0,0,5,0,6,0,0,0,21,0,0,0,0,6,0,0,1,28,0,0,0,0,0,0,28,0,0,15,0,0,33,3,0,1
070363,174,174,11,54,112,8,120,0,120,0,0,0,0,1,9,1,0,0,0,14,0,0,0,16,0,0,0,0,2,0,0,0,6,0,0,0,0,0,0,39,0,2,9,0,0,21,0,0,0
070364,90,92,8,15,67,8,75,0,75,0,0,0,0,0,5,0,0,0,1,5,0,0,0,5,0,0,0,0,4,1,0,0,3,0,0,0,0,1,0,24,0,0,5,0,0,21,0,0,0
070365,63,64,5,13,45,5,50,0,50,0,0,0,0,0,2,0,0,0,0,0,0,0,0,12,0,0,1,0,0,0,0,0,2,0,0,0,0,0,0,15,0,0,3,0,0,13,1,0,1
070366,384,379,35,117,235,32,267,0,267,0,1,0,0,0,6,0,0,1,0,21,0,0,0,52,0,0,0,0,3,0,0,1,27,0,0,0,0,1,0,65,0,1,19,0,0,59,2,0,8
070367,303,302,18,101,185,17,202,0,202,3,0,0,0,1,5,1,0,5,0,13,0,0,0,63,0,0,1,0,3,0,0,1,24,1,1,0,0,0,1,25,0,0,9,1,1,34,4,0,5
070368,492,489,15,193,284,15,299,0,299,4,0,0,0,0,13,2,0,2,0,20,1,0,0,64,0,0,0,0,6,0,0,0,62,0,1,0,1,0,0,59,1,0,7,0,0,51,3,0,2
070369,69,72,6,14,49,6,55,0,55,0,0,0,0,1,2,0,0,0,0,2,0,0,0,3,0,0,0,1,4,0,0,0,6,1,0,0,0,0,0,14,0,0,0,0,0,18,3,0,0
070370,1314,1306,26,400,889,25,914,0,914,5,0,0,4,0,48,0,0,13,0,82,2,0,0,230,1,0,0,0,40,0,0,2,68,0,0,0,0,0,1,156,1,6,53,0,1,178,5,2,16
070371,447,443,9,115,323,9,332,0,332,1,1,0,0,0,11,0,0,2,0,26,0,0,0,100,1,0,2,0,7,0,0,0,35,0,1,0,0,0,0,43,0,0,21,0,0,76,2,0,3
070372,951,936,22,297,632,22,654,0,654,5,0,2,1,0,30,0,1,6,0,86,0,0,0,175,2,0,1,0,13,0,0,0,32,0,0,1,1,1,1,95,0,0,47,0,0,134,8,0,12
070373,783,778,15,263,507,13,520,0,520,9,1,0,1,0,26,0,0,7,0,50,1,0,0,123,0,0,0,0,16,0,0,1,34,0,0,0,0,1,1,86,0,0,43,0,1,110,5,1,3
070374,771,763,11,236,526,9,535,0,535,3,1,3,2,1,12,0,0,9,1,59,0,1,1,151,0,2,0,0,14,0,0,0,14,0,0,0,0,0,0,101,0,1,59,1,0,95,3,0,1
070375,573,571,26,156,395,22,417,0,417,2,1,2,1,2,26,0,1,8,0,51,0,0,0,83,0,0,0,0,16,0,0,0,32,0,0,0,0,0,0,48,0,0,19,0,0,116,2,1,6
070376,423,419,23,134,267,22,289,0,289,1,0,0,0,0,6,0,0,0,1,22,0,0,0,57,0,0,0,0,0,0,0,0,34,0,0,0,0,0,0,41,1,0,9,0,0,108,4,2,3
070377,84,88,6,34,47,3,50,0,50,0,0,0,0,0,0,0,0,0,0,6,0,0,0,13,0,0,0,0,1,0,0,0,2,0,0,0,0,0,0,9,0,0,1,0,0,17,1,0,0
070378,369,375,35,109,229,31,260,0,260,2,0,1,1,0,4,0,0,1,0,13,0,0,0,33,1,2,1,0,5,0,0,2,53,0,1,0,0,0,0,46,1,0,6,0,1,81,1,0,4
070379,174,175,2,53,119,2,121,0,121,0,0,0,0,1,12,0,0,0,0,14,0,0,0,20,0,1,0,0,3,0,0,1,26,0,0,0,0,0,0,22,0,0,4,0,0,14,1,1,1
070380,171,172,8,68,96,7,103,0,103,0,0,0,0,0,3,0,0,0,0,3,0,0,0,16,0,0,0,0,3,0,0,0,16,0,1,0,0,0,1,24,0,0,4,0,0,30,2,0,0
070381,36,37,1,8,27,1,28,0,28,0,0,0,0,0,2,0,0,0,0,2,0,0,0,4,0,0,0,0,1,0,0,0,3,0,0,0,0,0,0,2,0,0,0,0,0,13,0,0,1
070382,510,514,36,134,344,32,376,0,376,6,0,1,1,1,6,0,1,0,0,17,0,0,0,81,1,0,0,0,4,0,0,1,37,0,2,0,0,0,2,93,1,0,20,0,0,91,6,0,4
070383,150,152,20,47,85,18,103,0,103,0,0,0,1,0,3,0,0,0,0,5,0,0,0,16,0,1,0,0,0,0,0,0,14,0,2,0,0,0,0,20,0,2,4,0,0,34,1,0,0
070384,345,344,21,102,227,16,243,0,243,5,0,0,1,0,7,0,0,1,0,29,0,0,0,60,0,0,1,0,2,0,0,0,39,0,0,0,0,0,3,45,0,0,7,0,0,38,4,1,0
070385,507,496,30,183,297,27,324,0,324,2,0,1,1,0,9,0,0,0,0,23,0,1,0,88,0,0,0,0,6,0,1,3,26,0,1,0,0,0,1,63,0,0,35,0,0,62,0,0,1
070386,537,531,25,168,344,25,369,0,369,5,0,2,0,0,12,0,0,2,0,35,0,1,0,93,0,0,0,0,2,0,0,1,33,0,0,0,0,0,1,64,0,0,31,0,0,75,10,2,0
070387,288,285,14,97,177,14,191,0,191,0,1,0,0,0,6,0,0,1,0,13,0,1,0,49,0,0,1,0,3,0,0,0,26,0,2,0,0,0,1,26,0,0,12,0,0,44,1,1,3
070388,156,156,15,39,102,15,117,0,117,3,0,0,1,0,4,0,0,1,0,16,0,0,0,17,0,0,0,0,2,0,0,1,19,0,0,0,0,1,1,20,0,0,2,0,0,25,2,0,2
070389,255,252,16,83,156,16,172,0,172,1,1,0,0,0,1,0,0,1,1,15,0,0,0,49,0,0,0,0,3,0,0,1,24,0,0,0,0,0,0,25,0,0,17,0,0,32,1,0,0
070390,135,131,9,30,97,8,105,0,105,0,0,2,0,0,3,0,0,2,0,3,0,0,0,22,0,0,0,0,5,0,0,0,19,0,0,0,0,0,0,25,0,0,4,0,0,17,1,0,2
070391,114,114,10,44,61,9,70,0,70,0,0,0,0,0,5,0,0,0,0,4,0,0,0,7,0,0,0,0,2,0,0,0,10,0,0,0,0,0,0,19,0,0,3,0,0,19,0,0,1
070392,27,24,0,12,15,0,15,0,15,0,0,0,0,0,3,0,0,0,0,1,0,0,0,2,0,0,0,0,1,0,0,0,2,0,0,0,0,0,0,4,0,0,0,0,0,2,0,0,0
070393,342,334,20,127,200,15,215,0,215,1,0,0,1,0,5,0,0,4,1,8,0,0,0,28,0,0,0,0,4,0,1,1,32,0,0,1,0,0,2,42,0,0,18,0,1,56,5,2,2
070394,99,97,9,24,68,7,75,0,75,0,0,0,0,0,4,0,0,1,0,7,0,0,0,14,0,0,0,0,2,0,0,0,9,0,1,0,0,0,0,11,0,0,2,0,0,22,0,0,2
070395,69,68,9,15,48,6,54,0,54,1,1,0,0,0,2,0,0,0,0,4,0,0,0,5,0,0,0,0,10,0,0,0,5,0,0,0,0,0,0,14,0,0,3,0,1,7,1,0,0
070396,78,77,9,28,43,7,50,0,50,2,0,0,0,0,0,0,0,0,0,3,0,0,0,3,0,0,0,0,7,0,0,0,5,3,0,0,0,0,0,12,0,0,1,0,0,12,1,0,1
070397,444,444,23,102,320,22,342,0,342,0,0,1,0,0,5,0,0,1,0,24,0,0,0,67,0,0,0,0,6,1,1,1,35,2,0,0,0,0,0,66,0,1,37,0,0,89,3,0,2
070398,210,209,5,83,122,5,127,0,127,0,0,0,0,0,3,1,0,5,0,10,0,0,0,33,0,0,0,0,3,0,0,0,17,0,0,0,0,0,0,19,0,0,9,0,0,24,3,0,0
070399,147,141,12,43,92,12,104,0,104,0,0,0,0,0,9,1,0,1,0,10,0,0,0,12,0,0,0,0,1,0,0,0,14,0,0,0,0,0,1,23,0,0,8,0,0,20,2,0,2
070400,87,83,12,32,45,10,55,0,55,0,0,0,0,0,6,0,0,0,0,6,0,0,0,7,0,0,0,0,0,0,0,0,5,0,0,0,0,0,0,11,0,0,1,0,1,18,0,0,0
070401,339,333,17,97,225,17,242,0,242,2,0,0,0,0,8,0,0,0,0,14,0,1,0,50,0,0,0,0,10,0,0,0,48,0,1,0,0,0,0,25,0,1,21,0,0,54,7,0,0
070402,45,44,9,9,29,7,36,0,36,0,0,2,0,0,3,0,0,1,0,2,1,0,0,3,0,0,0,0,0,0,0,0,7,0,0,0,0,0,0,6,0,0,1,0,0,10,0,0,0
070403,720,714,48,225,450,45,495,0,495,3,0,0,0,0,15,0,0,5,0,57,0,0,0,105,0,1,0,1,8,1,0,1,59,0,0,0,0,0,0,98,0,1,22,1,0,102,4,2,9
070404,462,461,28,171,266,25,291,0,291,3,0,1,0,1,17,0,0,0,0,24,1,0,0,34,1,1,0,0,10,0,1,2,53,0,2,0,0,0,1,55,0,0,12,0,0,62,5,0,5
070405,261,266,35,84,145,32,177,0,177,1,0,0,0,0,2,0,0,1,0,11,0,0,0,21,0,0,0,0,12,0,0,1,40,0,0,0,0,1,2,42,0,1,9,0,0,32,0,1,0
070406,492,494,45,102,349,41,390,0,390,5,0,1,0,1,35,0,0,0,0,21,0,0,1,71,0,0,0,0,8,0,0,0,61,1,0,0,0,0,1,66,0,0,9,0,0,97,8,0,4
070407,1308,1282,97,359,865,84,949,0,949,7,0,1,4,0,21,1,0,6,0,82,2,1,1,252,0,1,0,0,31,1,0,1,123,1,6,0,0,0,1,185,1,0,33,0,0,166,11,1,9
070408,153,154,3,36,114,3,117,0,117,8,0,1,0,0,4,0,0,0,0,6,0,0,0,27,0,1,0,0,7,0,0,2,13,0,0,0,0,0,0,11,0,0,3,0,0,30,1,0,3
070409,81,79,11,18,54,9,63,0,63,1,0,0,0,0,1,0,0,2,0,7,0,0,0,10,1,0,0,0,0,0,0,0,3,0,0,0,0,0,0,17,0,0,4,0,0,14,0,0,3
070410,210,203,13,38,159,13,172,0,172,1,0,0,0,0,3,1,0,0,0,4,0,0,0,37,0,0,0,0,0,0,0,2,37,1,3,0,0,0,0,21,1,0,9,1,1,40,4,0,6
070411,243,238,6,72,166,5,171,0,171,1,0,0,0,0,8,0,0,1,0,5,0,0,0,39,0,0,0,0,9,0,0,1,26,0,0,0,0,0,0,26,0,0,3,0,0,49,2,0,1
070412,99,87,7,12,80,7,87,0,87,0,0,0,0,0,8,0,0,0,0,5,0,0,0,9,0,0,0,0,0,0,0,1,17,1,0,1,0,0,0,9,0,0,3,0,1,25,2,2,3
070413,162,162,13,59,91,12,103,0,103,1,0,0,0,0,6,0,0,0,0,2,0,0,0,15,0,1,0,0,0,0,0,0,11,0,0,0,0,0,0,15,0,0,6,0,0,42,4,0,0
070414,192,191,18,46,128,18,146,0,146,0,0,0,0,1,4,0,0,0,0,12,0,0,0,15,0,0,0,0,1,0,1,0,23,1,1,0,0,0,0,26,0,0,6,0,0,51,2,0,2
070415,165,160,12,45,108,12,120,0,120,3,0,0,1,0,5,0,0,0,3,6,0,0,0,15,1,0,0,0,2,0,0,1,21,2,0,0,0,1,0,20,0,0,5,0,0,26,1,1,6
070416,111,110,4,31,76,4,80,0,80,1,0,0,0,0,1,0,0,0,0,2,0,0,0,21,0,0,0,0,0,0,0,1,8,0,0,0,0,0,0,14,0,0,7,0,0,21,2,0,2
070417,333,329,19,107,207,19,226,0,226,1,0,0,0,0,6,0,0,0,0,13,0,0,0,52,0,0,0,0,6,0,0,0,49,0,1,0,0,0,0,56,0,0,9,0,0,29,1,0,3
070418,189,187,17,51,125,13,138,0,138,0,1,0,0,1,1,0,0,0,0,5,0,0,0,25,0,0,0,0,6,0,0,0,10,0,0,0,1,0,0,35,0,0,3,0,1,42,3,0,4
070419,156,155,11,57,89,10,99,0,99,0,0,0,0,0,2,0,0,0,0,6,0,0,0,23,0,1,0,0,3,0,0,0,12,0,1,0,0,0,0,17,0,0,4,0,0,27,1,0,2
070420,36,35,5,8,23,5,28,0,28,0,0,0,0,0,3,0,0,0,0,1,0,0,0,3,0,0,0,0,0,0,0,0,3,0,0,0,0,0,0,9,0,0,0,0,0,5,0,1,3
070421,192,188,13,48,134,10,144,0,144,1,0,0,0,2,5,0,0,0,0,18,0,1,0,18,0,0,0,0,4,0,0,2,32,0,0,0,0,0,0,24,1,0,4,0,0,32,0,0,0
070422,36,35,3,5,28,3,31,0,31,0,0,0,0,0,4,0,0,0,0,7,0,0,0,0,0,0,0,0,1,0,0,0,3,0,0,0,0,0,0,9,0,0,0,0,0,6,1,0,0
070423,705,704,35,196,476,33,509,0,509,13,2,0,1,0,14,0,1,3,0,45,0,0,0,129,0,0,0,0,10,0,0,0,47,0,3,0,0,0,0,97,1,0,35,0,1,95,7,1,4
070424,192,192,13,49,130,13,143,0,143,3,0,0,0,0,2,0,0,1,0,2,0,0,0,34,1,0,0,0,1,0,0,1,10,1,0,0,0,0,1,16,0,13,23,0,0,28,5,0,1
070425,300,299,22,97,181,22,203,0,203,1,0,0,1,0,11,1,0,0,1,22,0,0,0,30,0,0,0,1,12,0,0,1,47,0,0,0,0,0,1,45,1,0,9,0,0,16,1,0,2
070426,180,179,12,35,133,12,145,0,145,0,0,0,0,0,11,0,0,0,0,1,0,0,0,12,0,0,0,0,7,0,0,0,41,0,0,0,0,0,0,38,0,0,3,0,1,25,2,0,4
070427,156,157,8,47,101,8,109,0,109,1,0,0,0,0,4,0,0,0,0,14,0,0,0,14,0,0,0,0,15,0,0,1,14,0,2,0,0,0,1,21,0,0,7,0,0,15,0,0,0
070428,153,147,14,58,86,9,95,0,95,0,0,0,1,0,1,0,0,0,0,12,0,0,0,8,1,0,0,0,10,0,0,1,21,0,1,0,0,0,0,8,0,0,0,0,0,30,0,0,1
070429,354,351,24,121,212,21,233,0,233,4,0,0,0,0,7,0,0,5,0,12,0,0,0,41,0,0,2,0,14,0,1,0,50,0,0,0,0,0,0,37,0,0,10,0,0,42,3,0,5
070430,159,158,14,42,105,12,117,0,117,0,0,0,0,0,6,0,0,7,0,7,0,0,0,24,0,0,0,0,2,0,0,0,15,0,0,0,0,0,0,26,0,0,2,0,0,24,2,0,2
070431,93,91,4,21,68,4,72,0,72,1,0,0,0,0,5,0,0,1,0,2,0,0,0,8,0,0,0,0,1,0,0,1,26,0,0,0,0,0,0,8,0,0,3,0,0,14,2,0,0
070432,570,566,40,153,378,39,417,0,417,8,0,0,0,1,10,0,0,4,0,62,0,0,0,78,0,2,0,1,7,0,0,1,42,0,1,0,0,0,0,88,0,1,28,0,1,74,2,3,3
070433,423,421,23,147,254,22,276,0,276,6,0,1,1,3,7,0,0,3,0,34,0,0,1,50,0,0,0,0,0,0,0,0,30,0,0,0,0,0,0,47,0,1,22,0,0,63,3,0,4
070434,594,581,48,196,351,47,398,0,398,4,0,0,1,1,5,0,0,1,0,31,0,1,0,89,1,0,0,0,5,0,0,1,72,0,2,0,0,0,0,42,0,1,45,0,0,86,5,0,5
070435,120,14,9,107,5,8,13,0,13,0,0,0,0,0,0,0,0,1,0,1,0,0,0,0,0,0,0,0,0,0,0,0,4,0,0,0,0,0,0,3,0,0,1,0,0,3,0,0,0
070732,2070,2048,29,754,1294,22,1316,0,1316,21,5,4,2,2,107,0,0,50,0,111,0,1,0,372,2,0,0,0,19,1,0,1,125,0,14,0,0,0,0,196,2,0,80,1,3,173,4,3,17
070733,2382,2366,57,775,1550,57,1607,0,1607,19,3,4,4,3,148,0,0,48,2,121,2,2,1,399,5,4,1,2,38,1,0,0,105,0,6,0,0,0,2,282,1,3,120,1,0,244,7,1,28
070734,2424,2388,33,845,1554,25,1579,0,1579,13,2,5,7,1,120,1,0,56,0,153,0,1,0,425,1,1,0,0,32,1,0,1,117,5,9,1,0,0,1,233,0,6,106,0,2,255,9,3,12
070735,960,953,45,252,669,39,708,0,708,5,0,1,0,0,121,2,0,26,0,36,0,0,1,123,1,0,0,0,8,0,0,1,96,1,0,0,1,0,2,131,0,0,17,0,0,124,8,0,3
070736,996,986,73,305,630,61,691,0,691,12,0,1,2,0,60,0,1,38,0,31,1,0,0,113,1,0,1,0,14,1,0,5,84,0,1,0,0,1,1,131,0,0,11,1,0,168,10,0,2
070737,1239,1224,72,390,780,69,849,0,849,8,1,1,2,0,40,0,2,18,0,45,0,0,0,231,0,0,1,0,11,0,0,1,152,1,2,0,1,1,1,129,0,2,20,0,1,156,12,3,7
070738,1629,1613,38,614,983,32,1015,0,1015,5,2,0,1,1,109,0,0,44,0,58,0,0,0,287,0,2,1,0,15,0,2,2,93,0,0,0,1,0,0,114,1,0,26,1,1,222,12,3,12
070739,933,925,32,342,562,29,591,0,591,7,0,2,0,1,57,0,1,36,0,19,0,0,0,103,1,2,0,0,0,0,0,2,44,2,0,1,2,1,0,88,0,0,16,0,0,179,19,1,7
070740,384,376,10,155,220,9,229,0,229,1,0,1,0,1,15,1,0,8,0,13,0,0,0,67,0,0,0,0,3,0,0,0,18,0,0,0,0,0,1,46,0,0,5,0,0,41,0,2,6
070741,1176,1168,49,356,777,43,820,0,820,11,1,2,2,0,45,2,1,30,0,40,0,1,0,167,0,0,0,0,12,1,0,3,105,1,1,1,0,0,2,102,0,1,31,0,3,226,13,5,11
070742,549,544,43,181,335,33,368,0,368,7,0,0,0,1,28,0,0,9,0,15,0,0,0,49,0,0,1,0,4,0,0,0,67,2,0,0,0,0,0,79,0,0,10,0,1,91,3,0,1
070743,108,108,9,36,64,8,72,0,72,0,0,0,0,0,15,0,0,5,0,5,0,0,0,8,0,0,0,0,3,0,0,0,3,0,0,0,0,0,0,11,0,0,0,0,0,21,1,0,0
070744,630,623,60,152,425,53,478,0,478,4,1,0,0,2,40,0,1,6,0,25,0,0,0,101,0,0,1,0,5,0,0,0,48,0,0,0,0,0,0,56,0,0,27,0,0,143,9,1,8
070745,489,482,45,155,302,32,334,0,334,3,0,0,2,0,13,0,0,6,0,24,0,0,0,76,1,0,0,1,4,1,0,0,33,0,0,0,0,0,2,71,0,0,18,0,3,69,3,0,4
070746,378,370,27,102,249,27,276,0,276,2,0,0,0,0,12,0,0,2,0,24,0,0,0,47,0,2,0,0,0,0,0,1,35,2,0,0,0,1,0,59,0,0,12,0,0,62,8,3,4
070747,864,862,39,343,491,30,521,0,521,6,0,1,2,1,53,1,0,7,0,18,2,0,1,136,0,0,0,0,6,0,1,2,69,1,1,0,0,1,3,106,0,0,12,1,1,72,4,2,11
070748,294,294,13,96,188,10,198,0,198,4,0,0,0,0,9,0,0,1,0,14,0,0,0,30,0,0,2,0,3,0,0,0,19,0,0,0,0,0,1,68,0,0,3,0,0,41,2,0,1
070749,183,182,19,64,103,16,119,0,119,0,1,0,1,0,12,0,0,0,0,10,0,0,0,10,0,0,0,0,4,0,0,1,15,0,1,0,0,0,0,36,0,0,0,0,0,24,0,2,2
070750,114,110,4,39,73,2,75,0,75,0,0,0,0,0,1,0,0,0,0,10,0,0,0,6,0,0,0,0,1,0,0,0,5,0,0,0,1,0,0,15,0,0,1,0,0,29,4,0,2
070751,54,51,3,14,39,1,40,0,40,1,0,0,0,0,4,0,0,0,0,2,0,0,0,3,0,0,0,0,0,0,0,0,5,0,0,0,0,0,0,7,0,0,0,0,0,17,0,0,1
070752,42,42,2,12,29,1,30,0,30,1,0,0,0,0,1,0,0,0,0,0,0,0,0,2,0,0,0,0,2,0,0,1,8,0,0,0,0,0,0,5,0,0,0,0,1,9,0,0,0
070753,1191,1174,79,369,755,67,822,0,822,6,0,3,0,1,47,1,0,50,0,84,0,0,0,133,1,0,1,0,4,0,0,1,138,0,3,0,0,0,1,167,0,1,20,0,1,146,6,3,4
070754,192,186,13,63,116,13,129,0,129,2,0,0,0,0,6,1,0,1,0,9,0,0,0,24,1,0,0,0,4,0,0,0,24,0,0,0,0,0,0,20,0,0,1,0,0,32,0,0,4
070755,687,677,26,221,443,23,466,0,466,4,0,3,2,1,38,1,0,6,0,24,1,0,0,120,0,0,0,0,8,0,0,0,91,2,3,0,0,0,0,57,0,0,19,0,0,79,0,0,7
070756,246,239,30,87,139,20,159,0,159,1,0,0,1,0,15,0,0,5,0,6,0,0,1,37,0,2,0,1,8,0,0,1,17,0,0,0,0,0,0,25,0,0,5,0,0,31,1,1,1
070757,429,427,22,110,297,22,319,0,319,2,0,0,0,0,24,1,0,27,0,17,0,0,0,74,0,0,0,1,2,0,0,1,26,1,1,0,0,0,0,52,0,0,13,0,0,70,2,0,5
070758,438,426,41,172,233,33,266,0,266,1,0,1,0,0,39,1,0,2,0,6,0,0,0,51,0,1,0,0,4,0,0,0,24,0,0,0,0,0,0,41,1,0,3,0,3,74,6,1,7
070759,1633,1618,35,611,996,26,1022,0,1022,12,0,1,1,1,171,5,1,48,0,36,0,0,1,214,0,1,0,0,15,0,1,2,191,1,5,0,0,0,2,74,0,1,16,0,0,186,16,5,15
070760,972,966,40,369,568,35,603,0,603,3,0,0,0,0,49,1,1,13,0,32,0,0,1,166,0,0,0,0,6,0,1,5,74,0,3,0,0,0,0,78,0,0,10,0,0,145,10,1,4
070761,573,563,37,184,361,28,389,0,389,2,0,0,0,0,20,0,0,3,0,28,0,1,0,77,0,0,0,0,3,0,0,0,47,0,1,0,0,0,0,82,0,0,8,1,0,104,5,0,7
070762,483,485,27,195,263,25,288,0,288,6,0,0,0,0,18,1,1,6,0,15,0,0,0,67,0,1,0,0,3,0,1,1,37,0,0,0,0,0,0,34,0,0,3,0,0,81,6,0,7
070763,231,228,22,90,122,19,141,0,141,0,0,0,0,0,10,0,0,14,0,5,0,0,0,19,0,1,0,0,1,0,0,0,24,0,2,0,0,0,0,28,0,0,1,0,0,33,0,0,3
070764,474,463,35,140,303,31,334,0,334,6,0,0,2,0,10,0,1,0,0,12,0,0,1,62,1,4,0,0,8,0,0,1,45,0,0,0,0,0,0,77,0,0,8,0,0,83,4,1,8
070765,150,146,18,45,91,14,105,0,105,1,0,0,0,0,3,0,0,2,0,6,0,0,0,15,0,0,0,0,1,0,0,0,23,0,0,0,0,0,0,18,0,0,0,0,1,27,1,2,5
070766,147,147,21,34,94,19,113,0,113,0,0,0,0,1,10,1,0,2,0,9,0,0,0,13,0,0,0,0,3,0,0,0,23,0,1,0,0,0,0,17,0,0,1,0,1,27,2,0,2
070767,1359,1336,36,623,706,30,736,0,736,13,1,2,3,1,76,0,0,17,1,43,0,1,0,217,0,0,0,1,12,0,0,3,116,1,3,0,0,0,3,116,0,0,22,0,0,65,4,4,11
070768,1650,1630,90,701,876,73,949,0,949,22,0,0,3,0,64,1,2,13,0,48,0,0,1,306,0,2,1,1,26,0,4,1,123,0,2,0,0,0,1,156,0,1,31,0,1,112,5,2,20
070769,654,647,8,253,394,7,401,0,401,7,0,0,2,1,25,2,0,15,1,25,0,0,0,101,0,1,0,0,7,0,0,0,46,0,0,0,0,0,0,52,0,0,23,0,1,80,2,0,10
070770,339,333,19,92,228,19,247,0,247,0,0,0,0,1,17,0,0,18,0,18,0,0,0,48,0,0,0,0,5,0,0,0,42,0,0,0,0,0,0,34,0,0,4,0,0,58,0,0,2
070771,423,418,8,157,259,7,266,0,266,5,0,0,0,0,78,0,2,20,1,10,0,0,0,57,0,0,0,0,1,0,0,1,27,0,1,0,0,0,0,20,0,0,1,0,0,36,2,0,4
070772,858,848,38,284,542,32,574,0,574,5,0,1,0,0,81,0,1,3,0,39,1,1,0,107,1,1,0,0,1,0,0,0,64,0,1,0,0,0,0,117,1,0,10,0,1,126,1,2,9
070773,558,549,34,161,365,32,397,0,397,5,0,2,0,0,65,0,0,10,0,14,1,0,0,61,0,0,0,0,0,0,1,0,31,0,0,0,0,1,0,122,1,0,8,0,0,65,5,0,5
070774,366,362,40,97,232,37,269,0,269,5,1,1,0,0,90,0,8,0,0,16,1,0,0,48,0,0,0,0,3,0,0,1,30,0,0,0,1,0,0,25,0,0,2,0,0,32,2,1,2
070775,1230,1230,37,426,774,30,804,0,804,8,0,0,1,0,51,2,1,25,1,131,1,0,0,162,0,2,0,0,11,0,0,2,75,0,0,1,0,0,2,121,0,2,22,0,1,168,6,1,7
070776,558,554,17,208,333,17,350,0,350,5,0,0,0,0,40,2,1,12,0,33,0,0,0,91,1,0,1,0,1,0,0,2,33,0,0,0,0,0,0,44,0,0,6,0,0,70,4,1,3
070777,774,766,35,252,492,30,522,0,522,7,0,0,0,0,43,0,0,4,0,123,1,0,2,102,0,2,0,0,5,0,0,0,25,3,1,0,0,0,0,59,0,2,2,1,0,125,6,0,9
070778,1392,1374,51,615,730,47,777,0,777,12,1,1,2,2,30,0,1,8,0,32,0,0,1,230,0,0,0,0,3,0,0,0,164,0,0,0,0,0,0,150,1,0,17,0,1,101,13,0,7
070779,657,647,51,148,464,45,509,0,509,6,0,0,3,0,34,0,0,5,0,30,0,0,0,109,0,0,0,0,2,0,0,3,76,0,1,0,0,0,1,64,0,0,7,0,0,154,6,1,7
070780,315,315,37,67,213,35,248,0,248,5,0,0,0,0,24,0,0,1,0,33,0,0,0,28,0,0,1,0,2,0,0,1,33,0,0,0,0,0,0,64,0,0,3,0,0,41,3,3,6
070840,2127,2111,9,807,1312,8,1320,0,1320,8,4,5,1,2,70,0,0,28,0,133,0,0,0,371,1,3,0,0,36,0,0,6,92,0,6,0,1,0,0,217,1,1,100,2,0,202,11,0,19
070841,1989,1974,9,670,1310,9,1319,0,1319,18,3,4,4,1,84,1,0,22,0,142,0,0,0,364,0,1,2,0,40,0,0,0,95,1,4,0,0,0,0,201,0,0,125,0,1,183,3,1,19
070842,324,316,4,110,210,4,214,0,214,1,0,0,0,0,16,0,0,0,0,7,0,0,0,36,0,0,0,0,7,0,0,1,23,0,1,0,0,0,0,37,0,0,21,0,0,59,2,2,1
070843,846,836,22,299,528,19,547,0,547,9,0,2,0,0,11,0,0,6,0,86,0,0,0,102,0,0,0,0,24,1,0,1,62,0,3,0,0,0,1,63,0,0,31,0,0,131,7,1,6
070844,507,505,3,119,385,3,388,0,388,5,1,1,0,1,22,1,0,5,0,12,0,0,0,47,1,0,0,0,10,0,0,0,37,0,2,0,1,0,0,51,0,0,22,0,1,148,14,0,6
070845,699,692,3,261,435,3,438,0,438,7,0,0,0,1,27,0,1,14,0,30,0,0,1,77,2,0,0,0,7,0,0,0,111,0,3,0,0,0,0,57,0,0,11,0,1,76,3,0,9
070846,642,635,9,254,381,7,388,0,388,5,0,0,1,0,49,0,0,7,0,15,0,0,0,65,0,0,0,0,2,0,0,1,68,0,0,0,0,0,1,66,0,0,10,0,0,90,2,1,5
070847,444,442,14,174,257,13,270,0,270,1,0,0,0,0,15,1,0,5,0,8,0,0,0,40,0,0,0,0,11,1,0,1,51,0,0,0,0,0,0,51,0,0,9,0,1,59,8,2,6
070848,1737,1723,24,707,1010,20,1030,0,1030,10,1,0,1,0,92,0,0,22,0,75,0,0,0,274,0,0,0,0,31,1,1,3,120,0,5,0,0,0,0,199,1,0,32,0,0,137,9,1,15
070849,285,288,11,76,198,11,209,0,209,1,0,1,2,1,44,0,0,15,1,17,0,0,0,34,0,0,0,0,4,1,0,0,24,0,0,0,0,0,1,23,0,0,2,0,0,30,3,0,5
070850,111,112,10,30,72,9,81,0,81,0,0,0,0,0,3,0,0,3,0,4,0,0,0,7,0,0,0,0,7,0,0,0,24,1,0,0,0,0,0,9,0,0,1,0,0,20,2,0,0
070851,528,518,8,212,308,8,316,0,316,5,1,0,1,0,25,0,0,11,0,24,0,0,0,55,1,0,1,0,5,1,0,0,42,1,1,0,0,0,1,56,0,0,22,0,0,53,4,1,5
070852,480,470,13,192,277,11,288,0,288,2,0,0,0,1,41,0,0,15,0,20,1,0,0,47,0,0,1,0,4,1,0,1,49,1,0,0,0,0,1,42,0,0,1,0,2,49,5,1,3
070853,336,335,6,136,194,6,200,0,200,5,0,1,1,0,2,0,0,0,0,13,0,0,0,33,0,1,0,0,16,0,0,0,28,0,0,0,0,1,1,54,0,0,3,0,0,33,1,0,7
070854,1353,1344,60,458,835,60,895,0,895,18,1,0,2,0,49,0,2,15,0,38,0,0,0,189,1,3,0,0,30,0,1,3,194,1,4,0,0,0,2,126,0,0,33,0,2,162,9,3,7
070855,360,360,30,107,223,30,253,0,253,2,0,0,0,0,9,0,0,1,0,4,0,0,0,43,0,0,0,0,9,0,0,2,52,0,1,0,0,0,0,48,0,0,7,0,1,63,6,1,4
070856,1278,1278,16,530,733,15,748,0,748,3,1,1,2,0,61,1,0,7,0,35,0,1,0,164,1,1,0,0,17,1,0,0,185,1,1,1,0,0,0,96,0,0,14,0,0,136,10,3,5
070857,699,687,40,287,373,39,412,0,412,6,0,0,1,0,22,0,1,7,0,22,2,0,0,81,0,0,0,0,24,0,0,2,65,0,1,0,0,0,0,47,0,0,23,0,0,99,6,0,3
070858,405,396,18,133,258,14,272,0,272,2,0,0,0,0,17,0,0,2,0,10,0,0,0,57,0,0,0,0,2,0,0,0,36,0,0,0,0,0,0,48,0,0,21,0,0,66,2,0,9
070859,165,163,14,59,92,14,106,0,106,2,0,0,0,0,3,0,0,0,0,11,0,0,0,14,0,0,0,0,3,0,0,0,18,0,0,0,0,0,0,18,0,0,3,0,0,34,0,0,0
070860,291,289,7,76,208,7,215,0,215,1,0,0,0,0,2,0,0,0,0,10,0,0,0,29,0,0,0,0,6,0,0,0,27,0,2,0,0,0,0,83,0,0,9,0,0,41,3,0,2
070861,204,200,4,56,145,3,148,0,148,3,0,0,0,0,1,0,0,0,0,2,0,0,0,15,0,0,0,0,2,0,0,0,43,0,0,0,0,0,0,55,0,0,1,0,0,23,1,0,2
070862,423,415,20,128,276,19,295,0,295,4,0,0,0,0,19,0,1,5,0,14,0,0,0,52,0,0,0,0,3,0,0,0,37,0,1,0,0,1,1,99,0,1,5,0,0,46,2,1,3
070863,174,172,7,51,117,6,123,0,123,4,0,0,0,1,7,1,0,0,0,16,0,0,0,33,0,1,0,0,2,0,0,0,6,0,0,0,0,0,1,14,0,0,0,0,0,34,2,0,1
070864,171,171,8,50,113,8,121,0,121,0,0,0,0,0,10,0,0,3,0,5,0,0,0,22,0,1,0,0,1,1,0,1,29,0,0,0,0,0,0,18,0,0,0,0,0,24,2,1,3
070865,84,85,0,32,52,0,52,0,52,0,0,1,0,0,1,0,0,0,0,5,0,0,0,7,0,0,0,0,1,0,0,0,8,0,0,0,0,0,0,10,0,0,1,0,0,17,0,0,1
070866,486,484,16,154,316,16,332,0,332,4,0,0,0,0,18,0,0,1,1,28,0,0,0,47,1,0,0,1,22,0,0,3,38,0,4,0,0,0,0,65,0,0,12,0,0,83,2,0,2
070867,105,106,5,44,56,5,61,0,61,1,0,0,0,0,1,0,0,0,1,10,0,0,0,11,0,1,0,0,0,0,0,0,7,0,0,0,0,0,0,12,0,0,3,0,0,13,0,0,1
070868,51,50,3,11,37,3,40,0,40,0,0,0,1,0,2,0,0,1,0,1,0,0,0,3,0,0,0,0,2,0,0,0,10,0,0,0,0,0,0,7,0,0,3,0,0,9,1,0,0
070869,384,392,24,99,262,23,285,0,285,5,0,1,0,0,10,0,0,1,0,23,1,0,0,55,0,0,0,0,5,0,0,0,45,0,0,0,0,0,0,46,0,0,14,0,0,72,4,0,3
070870,567,567,37,161,371,35,406,0,406,2,2,0,1,0,14,0,0,3,0,64,0,0,0,76,2,1,0,0,8,0,0,0,50,1,3,0,0,0,0,61,0,0,20,0,0,88,6,0,4
070871,177,182,19,41,117,19,136,0,136,2,0,0,0,0,8,0,0,0,0,6,0,0,0,16,0,0,0,0,9,0,0,0,18,0,1,0,0,0,0,24,0,0,8,0,0,38,1,0,5
070872,378,373,31,119,230,29,259,0,259,1,0,0,0,0,11,0,0,0,0,13,1,0,0,42,0,0,0,0,3,0,0,0,35,0,1,0,0,0,0,42,1,1,14,1,1,88,2,0,2
070873,1398,1388,54,575,769,54,823,0,823,14,0,4,5,2,30,0,0,2,0,45,0,0,2,205,1,0,1,0,13,0,1,7,146,1,4,0,0,0,1,115,1,1,33,0,0,160,19,0,10
070874,162,163,5,51,107,4,111,0,111,1,0,0,0,0,12,0,0,2,0,14,0,0,0,8,0,0,0,0,2,0,0,0,24,0,0,0,0,0,0,18,0,0,1,0,0,20,3,0,6
070875,234,233,9,69,157,8,165,0,165,1,0,0,1,0,2,0,0,1,0,9,0,0,0,39,0,1,0,0,0,0,0,1,36,0,0,0,0,0,0,18,0,2,12,0,1,35,3,0,3
070876,150,154,12,42,96,12,108,0,108,2,0,0,0,0,9,0,0,0,0,6,0,0,0,12,0,0,0,0,5,0,0,0,12,0,0,0,0,0,0,22,0,0,4,0,0,34,2,0,0
070877,93,92,6,20,67,6,73,0,73,0,0,0,0,0,6,0,0,5,0,5,0,0,0,4,0,0,0,0,0,0,0,0,6,0,0,0,0,0,0,14,0,1,1,0,0,28,3,0,0
070878,99,99,9,29,61,9,70,0,70,0,0,0,0,2,4,0,0,4,0,10,0,0,1,9,0,0,0,0,3,0,0,0,7,0,2,0,0,0,0,16,0,0,0,0,0,9,2,0,1
070879,150,146,13,56,83,11,94,0,94,0,0,0,0,0,7,0,0,1,0,3,0,0,0,7,0,0,0,0,1,0,0,0,32,0,0,0,0,0,0,15,0,0,0,0,0,26,1,0,1
070880,255,251,14,83,158,14,172,0,172,1,0,0,0,1,6,0,0,4,0,18,0,0,0,41,1,2,0,0,6,0,1,0,16,0,1,0,0,0,0,15,0,1,7,0,1,47,1,0,2
070881,153,154,11,34,108,11,119,0,119,0,0,0,0,0,4,0,0,1,1,11,0,0,0,12,0,0,0,0,6,0,0,0,15,0,0,0,0,0,0,22,0,0,5,0,1,37,2,0,2
070882,219,216,17,81,125,13,138,0,138,0,0,0,0,0,5,0,0,15,0,9,0,0,0,22,0,0,0,0,4,0,0,0,30,0,1,0,0,0,0,12,0,0,1,0,0,38,0,0,1
070883,771,766,9,244,519,8,527,0,527,4,0,0,0,2,22,0,1,22,0,34,0,1,0,90,0,0,3,0,9,0,0,2,135,1,1,0,1,0,0,46,0,0,8,0,0,134,9,0,2
070884,222,224,2,57,163,2,165,0,165,1,0,0,0,0,21,0,0,9,0,3,0,0,0,25,0,0,0,0,5,0,0,0,48,0,0,0,1,0,0,21,0,0,5,0,0,22,0,0,4
070942,1395,1373,17,445,938,12,950,0,950,4,2,2,4,1,40,1,0,12,0,88,0,0,0,257,0,0,0,0,20,0,0,1,95,0,3,1,0,1,0,211,0,0,68,0,0,113,3,3,20
070943,1599,1585,20,529,1052,18,1070,0,1070,6,3,0,1,2,41,0,0,16,0,88,0,2,0,328,0,1,0,0,21,0,0,4,121,1,10,0,0,0,3,194,0,1,74,0,0,113,8,5,27
070944,990,969,14,343,634,13,647,0,647,6,1,1,1,1,22,0,0,3,0,89,0,0,0,193,0,0,0,0,16,1,0,1,69,1,4,0,0,0,0,78,0,0,22,0,0,107,6,2,23
070945,168,168,5,33,130,5,135,0,135,0,0,0,0,0,6,0,1,4,1,17,0,0,0,18,0,1,0,0,6,0,0,0,11,0,1,0,0,0,0,27,0,0,12,0,0,24,1,0,5
070946,897,881,16,227,654,16,670,0,670,8,1,0,0,1,48,1,1,7,0,68,1,0,1,212,0,0,0,0,4,1,0,3,99,0,4,0,0,0,1,89,0,0,22,0,0,78,6,5,9
070947,309,306,21,90,200,19,219,0,219,1,0,0,0,0,2,0,0,1,0,13,1,0,0,82,0,0,0,0,2,0,0,0,42,0,0,0,0,0,0,38,0,0,4,0,0,23,0,1,9
070948,168,171,1,46,121,1,122,0,122,0,3,1,0,0,2,0,0,3,0,7,0,0,0,19,0,0,0,0,3,0,0,0,12,1,0,0,0,1,0,44,0,0,3,0,0,14,3,0,6
070949,243,234,2,81,160,2,162,0,162,0,0,0,0,1,1,0,0,3,0,7,0,0,0,47,0,0,0,0,2,0,0,0,24,0,0,0,0,0,0,45,0,0,5,1,0,20,1,1,4
070950,774,773,44,269,461,44,505,0,505,9,0,0,0,1,11,0,0,4,0,21,0,0,1,109,1,0,0,0,10,0,0,0,78,2,1,0,0,0,2,151,0,1,29,0,0,63,2,1,8
070951,159,157,7,58,94,7,101,0,101,5,0,0,0,1,1,0,0,6,0,7,0,0,0,14,0,0,0,0,0,0,0,0,28,0,0,0,0,1,0,15,0,0,0,0,0,16,2,1,4
070952,63,60,1,19,43,1,44,0,44,1,0,0,0,0,1,0,0,0,0,1,0,0,0,0,0,0,0,0,0,0,0,0,10,0,0,0,0,0,0,11,0,0,0,0,1,15,1,0,3
070953,300,297,23,79,199,22,221,0,221,1,0,0,0,1,9,1,0,0,0,14,0,0,0,44,0,0,0,0,3,0,0,2,39,0,0,0,0,0,0,47,0,0,1,0,0,51,2,0,6
070954,411,408,3,161,247,3,250,0,250,2,2,0,0,0,3,0,0,0,1,9,0,1,0,60,0,0,0,0,6,0,0,1,54,0,2,0,0,0,0,42,0,0,8,0,0,50,5,0,4
070955,108,106,1,31,76,1,77,0,77,0,0,0,0,0,4,0,0,0,0,5,0,0,0,8,0,0,0,0,1,0,0,0,18,0,0,0,0,1,0,11,0,0,4,0,0,19,1,0,5
070956,156,156,3,31,122,3,125,0,125,0,0,0,0,1,8,0,0,4,0,9,0,1,0,21,0,0,0,1,2,0,0,0,28,0,0,0,0,0,0,24,0,0,4,0,0,19,1,0,2
070957,75,75,3,18,54,3,57,0,57,0,0,0,0,0,0,0,0,0,0,6,1,0,0,9,0,0,0,0,1,0,0,0,20,0,0,0,0,0,0,5,0,0,0,0,0,10,0,0,5
070958,375,381,22,100,254,21,275,0,275,6,0,1,0,7,0,0,0,1,0,11,0,1,2,45,0,2,0,0,2,0,0,2,67,0,0,0,0,0,0,40,0,0,2,1,0,62,0,4,19
070959,981,973,61,295,630,56,686,0,686,12,0,5,0,0,23,0,0,1,0,28,0,0,0,128,0,0,0,0,2,0,2,0,133,0,6,0,0,0,1,106,0,0,20,0,1,170,8,5,35
070960,132,129,16,35,81,16,97,0,97,1,0,0,0,0,1,0,0,1,0,4,0,0,0,7,0,0,0,0,0,0,0,0,30,0,0,0,0,0,0,17,0,0,1,0,0,31,2,0,2
070961,87,83,16,33,40,14,54,0,54,0,0,0,0,0,7,0,0,3,0,3,0,0,0,11,0,0,0,0,0,0,0,0,9,0,0,0,1,0,0,3,0,0,2,0,0,10,1,0,4
070962,255,240,15,69,174,12,186,0,186,2,0,1,0,1,7,0,0,1,0,18,0,0,0,34,0,0,0,0,4,0,0,0,26,0,0,0,0,0,0,44,0,0,1,0,1,39,2,0,5
070963,51,47,1,19,32,0,32,0,32,1,0,0,0,0,1,0,0,0,0,0,0,0,0,3,0,1,0,0,1,0,0,0,4,0,0,0,0,0,0,14,0,0,0,0,0,5,0,0,2
070964,123,117,14,45,66,12,78,0,78,2,2,0,0,0,9,0,0,0,0,2,0,0,0,11,0,2,0,0,0,0,0,1,12,1,0,0,0,0,0,18,0,0,1,0,0,14,1,0,2
070965,318,314,3,108,208,2,210,0,210,4,0,0,1,0,3,1,0,0,0,18,0,0,0,33,0,0,0,0,7,0,0,0,26,0,1,0,1,0,0,48,0,0,3,0,1,49,2,2,10
070966,186,187,3,52,131,3,134,0,134,1,0,0,0,0,3,0,0,0,0,10,0,0,0,25,0,0,0,0,3,0,0,0,41,0,1,0,0,0,0,24,0,0,0,0,0,17,0,1,8
070967,198,197,4,63,131,4,135,0,135,0,0,1,0,0,1,0,0,3,0,17,0,1,0,23,0,0,0,0,11,0,0,0,12,0,0,0,0,0,0,35,0,0,4,0,0,19,1,0,7
070968,1449,1428,21,534,897,18,915,0,915,9,0,0,2,0,15,1,0,6,0,61,0,1,1,313,0,0,1,0,7,1,0,2,113,1,7,0,0,0,1,120,0,0,55,0,2,147,9,1,39
070969,171,165,6,30,135,6,141,0,141,2,0,0,0,0,3,0,1,0,0,13,0,0,0,30,0,0,0,0,1,0,1,1,21,0,0,0,0,0,1,33,0,0,2,0,0,28,0,0,4
070970,378,379,7,97,274,7,281,0,281,3,0,0,0,0,4,0,0,1,0,13,0,1,0,67,0,1,0,0,0,0,0,2,58,0,3,0,0,0,0,34,1,0,19,0,0,61,5,1,7
070990,1299,1284,3,480,816,3,819,0,819,12,1,0,0,1,30,0,0,7,0,70,0,1,0,183,1,0,0,0,18,0,0,2,49,0,2,0,0,0,1,144,1,1,125,0,1,155,5,1,8
070991,1896,1866,10,614,1273,9,1282,0,1282,14,2,2,2,1,41,0,0,23,0,136,0,0,1,360,0,1,0,0,41,0,0,1,45,0,4,2,0,0,0,190,0,2,160,2,0,232,5,1,14
070992,1938,1913,13,738,1187,13,1200,0,1200,18,3,3,7,2,44,0,0,22,0,124,0,1,0,315,1,0,0,1,26,0,0,1,57,1,5,0,0,0,0,203,0,1,130,0,0,215,8,2,10
070993,1254,1258,11,431,813,10,823,0,823,12,3,1,2,0,53,2,0,17,1,73,0,0,0,193,0,0,2,0,25,0,0,0,35,1,1,0,0,0,1,132,0,0,111,0,0,144,9,0,5
070994,1746,1735,8,620,1119,7,1126,0,1126,9,8,4,2,0,59,1,1,23,1,119,1,0,0,310,1,2,2,1,21,1,0,1,57,1,4,1,0,1,0,191,0,1,146,2,0,139,11,2,3
070995,942,935,7,352,584,6,590,0,590,5,3,0,0,0,27,0,0,8,0,54,0,0,1,146,0,0,0,0,16,0,0,0,26,0,2,1,0,0,0,100,0,0,85,0,0,106,6,0,4
070996,1047,1035,14,375,666,6,672,0,672,8,2,1,0,0,35,0,0,12,0,59,0,1,0,163,0,0,0,0,15,1,0,0,22,1,0,0,0,0,0,123,0,0,104,0,0,114,3,0,8
070997,1170,1179,10,350,814,6,820,0,820,6,0,0,4,1,53,0,1,8,0,80,0,1,1,187,0,0,0,0,19,0,0,0,37,1,2,0,0,0,0,139,0,0,135,0,0,135,5,0,5
070998,2175,2140,18,804,1356,15,1371,0,1371,17,3,5,3,0,53,0,0,23,0,128,0,0,1,271,1,2,0,0,35,0,1,2,48,0,6,0,1,1,0,245,0,0,225,0,1,270,17,2,10
070999,2187,2178,25,718,1446,23,1469,0,1469,15,4,2,2,4,58,0,1,32,0,144,0,0,1,357,1,0,0,0,40,1,1,0,48,1,5,0,0,0,1,232,0,4,197,0,0,292,6,2,18
071000,1035,1040,3,345,687,3,690,0,690,4,0,2,3,1,28,1,0,11,0,78,0,0,0,136,0,0,0,0,21,1,0,0,25,1,6,0,0,0,1,140,0,3,79,0,1,139,3,0,6
071001,849,867,4,241,604,4,608,0,608,7,2,0,1,0,29,0,0,3,0,59,0,0,0,151,0,1,0,0,11,0,0,0,21,0,2,0,1,0,2,121,0,0,91,1,0,94,2,0,9
071002,1068,1052,14,413,645,10,655,0,655,12,2,1,0,0,24,0,0,5,0,80,0,0,1,201,1,0,0,0,19,0,0,0,31,1,2,0,1,0,2,107,0,1,74,0,0,79,5,1,5
071003,1230,1216,3,446,782,2,784,0,784,5,1,0,0,0,35,0,0,5,2,68,1,0,0,220,0,0,0,0,21,0,0,0,30,1,3,0,0,0,3,141,0,1,97,0,0,137,5,1,7
071004,2256,2041,8,758,1492,6,1498,0,1498,22,4,0,5,3,48,1,0,19,0,149,0,0,2,391,2,0,0,1,35,1,1,2,70,5,4,0,0,0,0,274,0,0,160,0,0,274,12,1,12
071005,1914,1889,7,672,1237,5,1242,0,1242,11,8,4,3,1,36,1,0,16,0,140,0,0,0,315,0,0,0,1,45,0,0,0,54,0,3,0,0,0,0,207,1,1,164,0,0,221,6,1,3
071006,1515,1511,15,519,983,13,996,0,996,12,0,0,1,1,35,0,0,10,0,120,0,0,0,218,2,1,0,0,35,0,0,3,50,2,4,1,0,0,0,178,0,1,134,0,0,172,3,2,11
071007,1878,1865,4,606,1269,3,1272,0,1272,12,1,1,4,0,35,1,0,11,0,139,1,1,0,355,0,2,0,1,46,1,2,2,44,0,6,0,0,1,1,219,1,2,121,0,0,242,7,1,12
071008,1569,1552,5,571,994,4,998,0,998,8,1,1,1,2,29,0,0,5,1,116,0,0,0,291,0,0,0,0,23,0,1,1,47,1,5,0,0,0,0,153,1,3,103,0,0,187,6,1,11
071009,1572,1558,23,518,1032,22,1054,0,1054,15,1,1,1,1,43,0,0,8,0,96,0,0,0,277,2,0,0,0,22,0,2,1,42,0,5,0,0,0,1,189,0,0,124,0,0,205,6,2,10
071010,1947,1933,3,659,1285,3,1288,0,1288,21,1,3,3,0,40,0,0,16,0,107,0,0,0,324,2,0,0,0,29,0,0,1,63,2,4,0,1,0,1,224,0,2,143,1,0,272,8,6,14
071011,1770,1779,8,609,1153,8,1161,0,1161,11,3,1,6,1,31,0,0,7,0,128,0,0,1,313,1,0,0,0,24,0,0,3,48,3,3,0,1,0,1,194,1,4,152,0,1,200,9,1,13
071012,2406,2381,7,837,1563,6,1569,0,1569,20,1,6,9,3,34,0,0,18,0,180,0,2,0,445,1,0,2,0,26,0,1,1,63,0,1,0,0,0,1,271,0,0,156,0,0,305,12,1,10
071013,2034,1990,11,843,1181,10,1191,0,1191,12,1,2,5,1,56,0,0,21,0,138,1,0,0,319,0,1,0,0,24,0,1,1,46,0,1,0,0,0,0,193,0,0,154,0,2,192,9,1,10
071014,1296,1282,8,497,791,8,799,0,799,12,0,0,2,0,36,0,0,9,0,117,0,1,0,222,0,0,1,0,13,0,0,0,27,1,0,0,0,0,1,135,0,1,61,0,1,143,7,2,7
071015,1965,1957,10,665,1290,10,1300,0,1300,22,0,2,0,2,31,0,0,28,0,122,0,0,0,338,0,1,1,0,36,0,1,1,56,0,4,0,0,0,2,196,0,2,145,0,1,290,8,2,9
071016,1977,1946,7,729,1241,7,1248,0,1248,15,2,2,3,0,48,2,0,24,0,104,0,2,0,367,1,1,1,0,27,0,0,1,64,2,7,0,0,0,0,150,0,7,119,0,0,280,9,3,7
071017,2376,2367,2,871,1503,2,1505,0,1505,29,3,1,3,1,42,2,0,26,1,105,0,2,0,400,1,0,0,0,30,0,2,1,65,1,6,0,1,0,0,236,1,9,166,0,0,352,9,2,8
071018,1770,1774,6,634,1131,5,1136,0,1136,24,0,0,2,1,37,2,0,9,0,93,0,0,0,335,2,1,1,0,11,1,0,0,45,1,11,0,1,0,3,185,0,2,112,0,1,239,6,0,11
071019,1434,1425,2,447,985,2,987,0,987,10,3,2,4,0,54,0,0,16,1,89,0,0,0,250,1,0,1,0,25,0,0,0,44,1,5,0,0,0,1,147,0,1,123,1,0,194,7,0,7
071020,159,46,46,126,0,33,33,0,33,0,0,0,0,0,0,0,0,0,1,3,0,0,0,1,0,0,0,0,2,0,0,0,4,0,0,1,0,0,0,7,1,0,0,0,0,13,0,0,0
071021,642,211,114,454,84,104,188,0,188,4,1,0,1,0,5,0,0,1,0,16,0,0,0,54,0,0,0,0,2,0,0,0,22,0,1,0,0,0,2,20,0,0,18,0,0,34,4,2,1
071022,66,21,0,45,21,0,21,0,21,1,0,0,0,0,0,0,0,0,0,0,0,0,0,10,0,0,0,0,2,0,0,0,0,0,0,0,0,0,0,1,0,0,0,0,0,2,5,0,0,01,04,2019,00,10
