740047,2232,2221,34,847,1358,27,1385,0,1385,13,1,3,2,1,89,1,0,21,1,120,2,0,0,329,1,0,0,0,21,1,0,2,137,1,6,0,1,1,1,182,0,2,118,0,3,308,10,1,6
740048,1320,1310,9,536,777,7,784,0,784,3,0,0,1,1,47,0,0,17,0,68,0,0,1,198,1,0,1,1,13,0,0,1,86,0,4,0,0,0,0,109,0,3,50,0,1,174,1,0,3
740049,1902,1885,13,759,1130,13,1143,0,1143,15,0,1,1,1,46,0,0,21,0,80,0,0,0,297,0,0,0,0,17,0,0,0,143,0,0,0,0,0,2,127,0,1,94,0,2,279,10,0,6
740050,1329,1316,19,577,735,17,752,0,752,8,1,0,3,0,39,0,0,3,0,44,0,0,0,206,0,1,0,0,6,0,0,0,80,0,1,0,0,0,0,94,0,2,39,0,3,210,10,0,2
740051,1785,1772,21,764,1002,19,1021,0,1021,4,0,1,2,1,52,0,0,15,0,69,0,0,0,282,0,1,1,0,13,0,0,3,146,1,4,1,0,0,0,104,0,0,55,0,1,250,7,2,6
740052,456,455,32,168,261,27,288,0,288,2,0,0,0,0,2,1,0,5,0,14,0,0,0,77,0,2,0,0,4,0,0,0,39,0,0,0,0,0,0,39,0,0,9,0,0,89,4,0,1
740053,216,214,0,76,140,0,140,0,140,1,0,0,0,0,1,0,0,4,0,2,0,0,0,26,0,0,0,0,0,0,0,3,30,0,0,0,0,0,0,13,0,0,6,0,1,48,5,0,0
740054,489,483,10,111,368,10,378,0,378,2,0,0,1,2,10,1,0,6,0,16,2,0,0,77,0,0,0,0,3,0,0,0,85,0,1,0,0,0,0,31,0,0,23,0,0,114,2,1,1
740055,240,237,41,68,133,39,172,0,172,1,0,0,0,0,18,0,0,2,0,21,0,0,2,28,0,0,0,0,0,0,0,0,39,1,0,0,0,0,1,12,0,0,3,0,0,38,5,0,1
740056,591,589,85,219,295,77,372,0,372,5,0,0,0,0,18,0,0,3,0,34,0,0,0,59,1,1,0,0,3,0,0,0,82,0,0,0,1,0,1,37,0,0,18,0,0,105,3,1,0
740057,210,210,16,46,150,14,164,0,164,1,0,0,0,0,12,0,0,3,0,7,0,0,1,21,0,0,0,0,1,0,1,0,59,1,1,0,0,0,0,18,0,0,9,0,0,27,1,1,0
740058,327,325,41,107,183,37,220,0,220,0,0,0,3,0,4,0,0,1,0,16,0,0,0,18,0,1,0,0,0,0,0,1,51,0,0,0,0,0,1,65,0,0,7,0,0,49,3,0,0
740059,588,588,82,182,329,77,406,0,406,10,1,0,0,0,13,0,0,4,0,13,0,0,0,68,0,1,0,0,7,0,0,0,57,0,0,0,0,0,0,67,0,0,9,0,1,148,7,0,0
740060,90,91,28,33,31,26,57,0,57,0,0,0,0,0,2,0,0,2,0,2,0,0,0,5,1,0,0,0,0,0,0,0,8,0,0,0,0,0,0,16,0,0,2,0,0,18,1,0,0
740061,252,249,53,68,133,51,184,0,184,0,0,0,0,0,1,0,0,2,0,17,0,0,0,22,0,0,0,0,0,0,0,0,24,0,1,0,0,0,0,14,1,0,10,0,0,89,3,0,0
740062,1443,1426,92,638,731,74,805,0,805,17,0,1,1,1,40,0,1,18,0,60,0,0,0,202,0,0,0,0,9,1,0,4,95,0,6,0,0,0,0,66,0,0,32,0,1,232,14,0,4
740063,579,581,50,225,306,48,354,0,354,4,0,0,0,0,10,0,0,3,0,8,0,0,0,94,0,0,0,0,4,0,0,0,52,0,0,0,0,0,1,39,0,0,17,0,2,118,1,0,1
740064,705,699,55,321,336,48,384,0,384,7,0,0,1,0,11,0,0,5,0,16,0,0,0,112,0,1,0,0,1,0,0,0,50,0,0,0,0,0,0,31,0,0,25,0,1,109,9,0,5
740065,540,538,74,74,392,74,466,0,466,3,0,0,0,1,10,0,0,12,0,23,0,0,0,56,0,0,0,0,0,0,0,1,53,0,0,0,0,0,0,65,0,1,29,0,1,202,7,0,2
740066,942,940,51,384,514,44,558,0,558,8,3,1,0,0,33,1,1,13,0,50,0,0,1,138,0,1,0,0,5,0,0,0,66,1,1,0,0,0,0,69,0,0,33,0,1,124,7,1,0
740068,1128,1118,48,492,594,42,636,0,636,5,1,0,0,0,18,0,1,6,0,26,0,0,0,152,1,0,0,0,11,0,0,1,135,1,1,0,0,0,0,86,0,0,33,0,0,156,0,0,2
740070,885,878,31,370,484,31,515,0,515,4,0,0,1,0,10,0,0,6,0,24,0,0,0,130,0,0,1,0,8,0,0,1,98,1,4,0,1,0,1,63,0,0,25,1,0,133,3,0,0
740071,1275,1273,50,469,762,44,806,0,806,11,0,0,2,1,29,0,1,10,0,61,0,0,0,178,0,3,0,0,5,0,0,1,100,0,2,0,0,0,1,128,0,1,39,0,3,215,12,1,2
740072,453,448,45,152,256,45,301,0,301,1,0,0,0,0,6,0,0,2,0,13,0,0,0,80,0,1,0,0,1,0,0,2,28,0,0,0,0,0,0,47,0,0,7,0,0,104,9,0,0
740073,507,505,30,142,338,27,365,0,365,1,0,1,0,0,21,0,0,7,0,12,0,0,0,55,0,1,0,0,1,0,0,0,87,0,0,0,1,0,1,37,0,1,13,0,1,118,6,1,0
740074,390,387,68,106,220,64,284,0,284,1,0,0,0,0,5,0,0,4,0,8,0,0,0,26,0,4,0,0,3,0,0,0,69,0,0,0,0,0,0,57,0,0,7,0,0,91,8,0,1
740075,165,162,8,18,139,8,147,0,147,0,0,1,0,0,4,0,0,9,0,8,0,0,0,46,0,0,0,0,0,0,0,0,19,0,0,0,0,0,0,16,0,0,1,0,0,42,1,0,0
740076,156,160,8,38,111,7,118,0,118,2,0,0,0,0,3,0,0,3,0,5,0,0,0,32,0,3,0,0,0,0,0,0,16,0,0,0,2,1,0,9,0,0,1,0,1,38,1,0,1
740077,561,557,33,178,352,31,383,0,383,4,0,0,1,0,23,0,0,12,0,28,0,0,1,85,0,0,0,0,3,0,0,0,59,0,0,0,0,0,1,30,0,0,9,0,0,122,4,0,1
740078,408,405,43,112,256,40,296,0,296,5,0,0,1,0,16,0,0,10,1,16,0,1,0,70,0,1,0,0,0,0,0,1,61,0,1,0,0,1,0,49,0,0,10,0,0,50,0,1,1
740079,789,781,65,335,394,60,454,0,454,11,1,0,0,0,14,0,0,6,0,29,1,0,0,102,0,0,0,0,0,0,0,1,73,0,0,0,1,0,0,65,0,0,16,0,0,126,5,2,1
740080,300,300,50,88,166,46,212,0,212,0,0,0,0,0,11,0,0,3,0,19,0,0,0,35,0,0,0,0,0,0,0,0,35,0,0,0,0,0,0,28,0,0,3,0,0,76,1,0,1
740081,213,212,6,72,138,3,141,0,141,1,0,0,0,0,2,0,0,2,0,9,0,0,0,48,0,0,0,0,3,0,0,2,22,0,0,0,0,0,0,21,0,1,7,0,2,18,2,0,1
740082,96,93,19,18,63,15,78,0,78,0,0,0,0,0,0,0,0,3,0,2,0,0,0,13,0,1,0,0,0,0,0,0,8,0,0,0,0,0,0,13,0,0,6,0,0,32,0,0,0
740084,534,534,59,195,284,55,339,0,339,4,0,0,0,0,9,0,0,5,0,13,0,0,0,62,0,0,0,0,3,0,0,0,83,0,3,0,0,0,0,47,0,0,19,0,0,88,2,0,1
740085,171,175,17,66,92,13,105,0,105,1,0,0,0,0,2,0,0,2,0,11,0,0,0,15,0,0,0,0,2,0,0,0,9,0,0,0,0,0,0,7,0,0,3,0,0,53,0,0,0
740086,372,382,26,101,246,25,271,0,271,5,0,0,1,0,12,1,0,16,0,20,0,0,0,36,0,1,0,0,2,0,0,0,54,2,0,0,0,0,0,35,0,1,4,0,1,77,3,0,0
740087,561,563,51,227,291,43,334,0,334,5,0,0,0,0,11,0,0,8,0,13,0,0,0,63,0,1,0,0,6,0,0,1,76,2,0,0,0,0,1,47,0,1,12,0,0,78,4,1,4
740088,237,26,5,218,16,3,19,0,19,0,0,0,0,0,0,0,0,1,0,3,0,0,0,0,0,0,0,0,1,0,0,0,1,0,1,0,0,0,0,5,0,0,0,0,0,7,0,0,0
740241,996,996,75,243,686,67,753,0,753,10,0,0,0,2,34,0,0,26,0,26,0,0,0,232,0,1,0,0,7,1,0,2,67,1,1,0,0,4,0,95,0,0,33,0,0,202,6,0,3
740242,198,196,11,60,129,9,138,0,138,0,0,0,0,0,10,0,0,2,0,11,0,0,0,36,0,0,0,0,0,0,0,0,24,1,0,0,0,0,0,15,0,0,11,0,0,28,0,0,0
740243,189,191,106,4,81,104,185,0,185,0,0,0,0,0,0,1,0,0,0,7,0,0,1,7,0,0,0,0,0,0,0,0,24,0,0,0,0,0,1,120,0,0,0,0,0,22,2,0,0
740244,426,420,17,94,315,17,332,0,332,8,5,0,1,0,23,0,1,3,0,19,0,0,0,68,1,0,0,0,0,0,0,0,38,0,2,0,1,0,1,51,0,0,14,0,0,82,2,3,9
740245,132,131,4,58,70,4,74,0,74,0,0,0,0,0,3,0,0,3,0,1,0,0,0,22,0,0,0,0,0,0,0,1,17,0,0,0,0,0,1,6,0,0,0,0,0,16,3,0,1
740246,195,191,26,50,123,22,145,0,145,2,0,0,0,0,8,0,0,0,0,8,0,0,0,28,0,0,0,0,0,0,0,0,6,0,0,0,0,0,0,30,0,0,9,0,0,51,3,0,0
740247,42,40,6,12,25,5,30,0,30,0,0,0,0,0,1,0,0,0,0,2,0,0,0,2,0,0,0,0,0,0,0,0,4,0,0,0,0,0,0,5,0,0,4,0,0,12,0,0,0
740248,354,351,27,144,185,25,210,0,210,0,1,0,0,0,12,0,0,7,0,9,0,0,0,31,0,0,0,0,1,0,1,1,27,0,1,0,0,0,1,56,0,0,4,0,0,53,3,1,1
740249,372,372,17,139,221,12,233,0,233,2,0,0,0,0,22,0,0,2,0,14,0,0,0,77,0,0,0,0,0,0,0,0,24,0,1,0,0,0,0,28,0,1,20,0,0,38,3,0,1
740250,258,259,22,68,172,18,190,0,190,3,0,0,0,0,7,0,0,7,0,3,1,0,0,48,0,2,0,1,1,0,0,2,32,1,0,0,0,0,0,41,1,0,6,0,0,32,2,0,0
740251,363,357,30,108,231,24,255,0,255,1,0,1,2,1,8,1,0,1,0,18,0,0,0,54,0,0,0,0,6,0,0,2,38,0,0,0,0,0,0,35,0,1,9,0,0,75,0,1,1
740252,147,151,15,41,93,13,106,0,106,1,0,0,0,0,10,0,0,1,0,2,0,0,0,18,0,0,0,0,0,0,0,0,18,1,1,0,0,0,0,14,0,0,2,0,0,34,3,0,1
740253,282,284,19,47,216,19,235,0,235,0,0,0,0,0,15,0,0,10,0,17,0,0,0,23,0,1,0,0,2,0,0,1,37,0,1,0,1,0,0,45,0,0,8,0,0,71,3,0,0
740254,402,401,38,149,218,35,253,0,253,3,0,0,0,0,9,0,0,2,0,12,0,0,0,34,0,0,0,0,0,0,0,0,52,0,4,0,0,0,1,62,0,0,5,0,0,65,3,0,1
740255,594,592,34,220,343,31,374,0,374,2,1,0,1,1,20,0,1,2,1,15,0,1,0,66,0,1,0,0,2,0,0,1,69,0,1,0,0,0,1,35,0,1,14,0,0,126,5,4,3
740256,405,410,40,112,253,40,293,0,293,8,0,1,1,0,18,0,0,3,0,12,0,0,1,54,1,0,0,0,5,1,0,2,44,0,0,0,0,0,0,56,0,0,16,0,2,67,0,0,1
740257,549,550,53,169,335,45,380,0,380,7,0,1,1,0,16,0,0,8,0,15,0,0,1,83,2,0,1,0,3,0,0,0,63,0,0,0,1,0,0,76,0,1,32,0,0,62,4,2,1
740258,249,243,19,87,146,16,162,0,162,4,0,0,1,0,11,0,0,4,0,6,0,0,0,35,0,2,1,0,3,0,0,0,21,1,0,0,0,0,0,36,0,0,10,0,0,26,1,0,0
740259,204,201,14,63,127,14,141,0,141,2,0,0,1,0,15,0,0,3,0,6,0,0,0,31,0,0,0,0,0,0,0,0,15,0,0,0,0,0,0,28,0,0,6,0,0,33,0,1,0
740260,435,439,33,151,257,27,284,0,284,2,1,0,1,0,23,0,0,7,0,12,0,0,0,77,0,1,2,0,3,0,0,0,33,0,0,0,0,0,0,41,0,1,10,0,0,67,0,0,3
740261,312,312,26,110,183,19,202,0,202,0,0,0,0,0,11,0,0,2,0,11,0,0,0,48,0,0,1,0,0,0,0,0,46,1,0,0,0,0,0,39,0,0,10,0,0,30,0,0,3
740262,63,63,12,26,30,7,37,0,37,0,0,0,0,0,3,0,0,2,0,4,1,0,0,1,0,0,0,0,0,0,0,0,7,0,0,0,0,0,0,9,0,0,1,0,0,9,0,0,0
740263,249,244,26,84,143,22,165,0,165,1,0,0,0,0,8,0,0,11,0,13,0,0,0,30,0,0,0,1,0,0,0,0,21,0,1,0,0,0,0,22,0,0,2,0,0,52,2,0,1
740264,315,315,19,75,222,18,240,0,240,2,0,1,0,0,16,0,0,1,0,12,0,0,0,63,0,0,0,0,0,0,0,4,40,0,0,0,0,0,1,39,0,0,8,0,1,48,3,0,1
740265,525,521,29,221,278,26,304,0,304,3,1,0,0,0,28,0,0,7,0,13,0,0,1,56,2,0,0,0,3,0,0,1,43,2,2,0,1,1,0,33,2,1,18,1,1,81,1,1,1
740266,366,369,53,110,208,48,256,0,256,5,1,0,1,0,7,0,0,5,0,12,0,0,1,54,0,1,0,0,2,0,0,0,39,0,3,0,1,0,0,35,1,0,12,0,0,71,4,1,0
740267,462,461,31,162,276,24,300,0,300,1,1,1,1,0,25,0,0,6,0,13,1,0,1,72,1,4,0,0,2,0,0,2,36,0,1,0,0,0,1,38,0,0,10,0,0,80,3,0,0
740268,165,166,16,42,110,13,123,0,123,2,0,0,0,0,8,0,0,10,0,2,0,0,0,20,0,0,0,0,0,0,0,0,16,0,0,0,0,0,0,24,0,0,4,0,2,33,2,0,0
740269,51,51,7,12,34,5,39,0,39,0,0,0,0,1,0,0,0,0,0,1,0,0,0,7,0,0,0,0,2,0,0,0,4,0,0,0,0,0,0,8,0,0,1,0,0,13,2,0,0
740270,594,589,19,212,367,15,382,0,382,5,0,0,1,0,34,0,0,2,0,20,0,0,2,96,0,0,0,0,0,0,0,1,36,0,1,0,0,0,0,45,0,0,28,0,0,103,7,0,1
740271,144,142,17,44,83,17,100,0,100,1,0,0,0,0,7,0,0,0,0,3,0,0,0,18,0,0,0,0,1,0,0,1,37,0,0,0,0,0,0,23,0,0,2,0,0,6,0,0,1
740272,138,136,26,36,78,24,102,0,102,0,0,0,0,0,3,0,0,4,0,7,0,0,0,14,1,0,0,0,0,0,0,0,11,0,0,0,0,1,1,11,0,0,7,0,0,41,1,0,0
740273,123,125,21,34,68,21,89,0,89,0,0,0,0,0,6,0,0,0,0,4,0,0,0,20,0,0,0,0,0,0,0,0,11,0,0,0,0,1,0,14,0,0,3,0,1,29,0,0,0
740274,282,276,34,86,167,29,196,0,196,3,0,0,0,0,16,0,0,12,0,16,0,0,0,26,0,0,0,0,0,0,0,0,25,1,0,0,0,1,0,36,0,0,10,0,0,46,3,0,1
740275,60,60,21,10,32,18,50,0,50,1,0,0,0,0,3,0,0,0,0,3,0,0,0,9,0,0,0,0,0,0,0,1,12,0,0,0,0,1,0,2,0,0,6,0,0,11,1,0,0
740276,78,80,16,14,55,9,64,0,64,0,0,0,1,0,2,0,0,0,0,8,0,0,0,9,0,0,0,0,0,0,0,0,11,0,2,0,0,0,0,12,0,0,3,0,0,15,1,0,0
740277,150,150,23,38,91,21,112,0,112,2,0,1,1,0,8,0,0,7,0,5,0,0,0,12,0,1,0,0,0,0,0,0,17,0,0,0,0,0,0,21,0,0,5,0,0,30,2,0,0
740278,192,191,12,59,121,12,133,0,133,2,0,0,0,0,9,0,0,1,2,7,0,0,0,39,0,1,1,0,0,0,0,1,22,0,1,0,0,0,0,12,0,1,3,0,0,31,0,0,0
740279,456,455,17,128,315,13,328,0,328,3,0,0,0,0,12,0,0,4,0,14,0,0,1,114,1,1,0,0,1,0,0,0,52,0,0,0,0,0,0,59,0,0,5,1,0,57,3,0,0
740280,141,141,9,45,88,8,96,0,96,1,0,0,0,0,8,0,0,1,0,6,0,0,0,27,0,0,0,0,2,0,0,1,22,0,0,0,0,0,0,14,0,0,1,0,0,12,1,0,0
740281,216,214,15,41,161,14,175,0,175,3,2,0,0,0,12,0,0,0,0,11,0,0,0,42,0,0,0,0,1,0,0,0,25,0,0,0,0,0,1,40,0,0,4,0,1,33,0,0,0
740282,186,186,11,51,124,11,135,0,135,2,0,0,0,0,10,0,0,1,0,7,0,0,0,38,0,0,0,0,0,0,0,0,15,0,0,0,0,0,0,33,0,0,3,0,0,24,2,0,0
740283,177,180,23,62,96,19,115,0,115,0,0,0,0,0,13,0,0,2,0,7,0,0,0,30,0,0,0,0,1,0,0,0,12,0,0,0,0,0,0,13,0,0,5,0,1,29,1,0,1
740284,138,140,7,37,95,6,101,0,101,4,0,0,0,0,11,1,0,4,0,6,0,0,0,16,0,0,0,0,0,0,0,0,6,0,0,0,0,0,0,23,0,0,9,0,0,21,0,0,0
740285,168,168,23,63,87,18,105,0,105,0,1,1,0,0,6,0,0,3,0,6,0,0,0,19,0,0,0,0,0,0,0,0,13,0,0,0,0,0,0,19,0,0,2,0,0,32,2,0,1
740286,126,121,15,42,69,15,84,0,84,3,0,0,1,0,2,0,0,2,0,6,0,0,0,5,0,0,0,0,0,0,1,1,11,1,0,0,0,0,1,18,0,0,2,0,0,28,2,0,0
740287,483,478,13,191,279,13,292,0,292,3,0,0,0,0,14,0,0,6,0,21,0,0,0,70,0,0,0,0,2,0,0,1,24,0,1,0,0,0,0,59,0,0,26,0,0,61,2,0,2
740288,318,313,8,95,219,4,223,0,223,2,0,0,0,0,11,0,0,7,0,8,0,0,0,64,0,0,0,0,1,0,0,0,26,1,0,0,0,0,0,39,0,0,6,0,1,54,3,0,0
740289,459,459,20,205,237,17,254,0,254,6,0,0,0,0,12,1,0,6,0,18,0,1,0,59,0,0,0,0,1,0,0,0,25,0,1,0,0,0,0,38,0,0,24,1,1,58,2,0,0
740290,237,236,17,75,150,12,162,0,162,3,0,0,0,0,5,0,0,2,0,12,0,0,0,29,0,0,0,0,1,0,0,1,42,0,0,0,0,0,0,25,0,0,2,0,0,37,2,0,1
740291,99,98,15,25,60,14,74,0,74,1,0,0,0,0,1,0,0,0,0,2,0,0,0,15,1,1,0,0,0,0,0,0,17,0,0,0,0,0,1,14,1,0,1,0,0,17,2,0,0
740292,402,401,36,146,227,29,256,0,256,1,0,0,0,0,16,1,0,3,0,18,0,0,0,43,0,0,0,0,0,0,0,2,43,0,1,0,0,0,0,56,0,0,11,0,0,58,3,0,0
740293,267,267,48,81,146,40,186,0,186,2,0,0,0,1,9,0,0,1,0,11,0,0,0,33,0,0,0,0,0,0,0,0,43,0,1,0,0,0,0,33,0,0,4,0,1,45,1,0,1
740294,66,66,7,21,38,7,45,0,45,0,1,0,0,0,0,0,1,0,0,1,0,0,0,8,0,0,0,0,0,0,0,0,8,0,0,0,0,0,0,10,0,0,0,0,0,14,2,0,0
740295,393,393,34,143,217,33,250,0,250,1,0,0,0,0,14,1,0,4,0,12,0,1,0,43,0,0,0,0,0,0,0,2,47,1,0,0,0,0,0,41,0,0,10,0,0,73,0,0,0
740296,225,228,9,69,151,5,156,0,156,5,0,0,0,0,11,0,0,1,0,4,0,0,0,16,0,0,0,0,0,0,0,1,34,0,1,0,0,0,1,27,0,0,7,0,0,44,3,0,1
740297,495,492,14,174,311,10,321,0,321,5,0,0,0,0,16,0,0,2,0,20,0,1,0,51,0,0,0,0,1,0,0,0,64,0,1,0,0,0,2,65,1,0,4,0,0,85,3,0,0
740298,69,68,15,26,30,13,43,0,43,0,0,0,0,0,0,0,0,0,0,1,0,0,0,4,0,0,0,0,0,0,0,0,12,0,0,0,0,0,0,6,0,0,2,0,0,18,0,0,0
740299,678,682,49,203,433,42,475,0,475,3,0,1,0,0,29,0,0,10,0,20,0,0,1,100,1,0,1,0,3,0,0,0,57,1,3,0,0,0,0,88,0,0,23,1,1,127,4,0,1
740300,327,322,33,105,190,32,222,0,222,2,0,0,0,1,14,0,0,2,1,9,0,0,0,48,0,0,0,0,0,0,0,2,32,0,1,0,0,0,2,40,0,0,23,0,0,40,4,0,1
740301,432,436,39,128,273,31,304,0,304,3,0,0,0,0,12,0,0,9,0,8,0,0,0,85,0,0,0,0,2,0,0,1,45,0,1,0,0,0,0,31,0,1,19,0,0,83,4,0,0
740302,87,88,4,13,70,4,74,0,74,0,0,0,0,0,2,0,0,0,0,4,0,0,0,13,0,0,0,0,2,0,0,0,9,0,0,0,0,0,0,10,0,0,8,0,0,25,1,0,0
740303,291,295,15,86,192,13,205,0,205,1,1,0,0,0,7,0,0,0,1,10,0,1,0,53,0,0,0,0,1,0,0,0,45,0,0,0,0,0,0,24,0,0,8,0,1,49,3,0,0
740304,288,287,25,107,162,19,181,0,181,1,0,0,0,1,12,0,0,1,1,5,0,0,0,35,0,1,0,0,0,0,0,0,18,0,0,0,1,0,1,31,0,0,10,0,0,63,0,0,0
740305,54,55,10,17,27,10,37,0,37,0,0,0,0,0,2,0,0,0,0,4,0,0,0,7,0,0,0,0,0,0,0,0,7,1,0,0,0,0,0,5,0,0,3,0,0,7,0,0,1
740306,582,580,46,232,313,37,350,0,350,3,0,0,0,0,33,1,0,4,0,10,1,0,1,48,0,0,0,0,0,0,1,0,83,0,1,0,0,0,2,67,2,0,8,0,0,81,4,0,0
740307,84,81,7,28,51,5,56,0,56,1,0,0,0,0,0,0,0,2,0,7,0,0,0,12,0,0,0,0,0,0,0,0,11,0,0,0,0,0,0,13,0,0,2,0,0,8,0,0,0
740308,1161,1157,30,489,650,22,672,0,672,9,0,0,0,1,44,0,1,9,0,20,1,1,1,159,1,3,0,0,9,0,0,2,110,1,2,0,0,0,1,91,0,0,50,0,1,146,7,0,2
740309,2142,2086,15,798,1333,11,1344,0,1344,17,0,2,7,0,180,0,0,36,0,76,0,0,0,446,1,0,0,0,8,0,1,0,64,3,5,1,0,1,0,280,0,1,135,0,2,76,1,0,1
740310,1149,1142,26,220,910,19,929,0,929,31,2,2,1,1,19,0,1,6,1,9,1,5,0,583,0,2,1,0,8,0,0,2,14,0,1,0,0,1,1,162,1,0,17,0,2,45,2,1,7
740311,1881,1829,13,704,1169,8,1177,0,1177,22,1,3,3,0,109,0,0,38,0,55,0,2,0,423,2,0,0,1,9,0,1,2,75,0,5,0,0,0,1,287,0,2,66,0,0,58,3,1,8
740312,510,505,33,71,408,31,439,0,439,7,0,1,0,1,5,0,0,7,0,6,0,1,1,292,1,1,0,0,1,1,2,1,14,0,0,0,2,0,1,45,0,0,8,1,2,31,4,2,1
740313,1449,1463,4,544,902,3,905,0,905,12,3,0,2,2,81,1,0,17,0,43,0,1,1,373,1,0,0,0,7,0,0,0,57,1,3,0,1,0,3,183,0,1,59,0,1,42,1,1,8
740314,1326,1322,21,482,825,19,844,0,844,4,4,5,0,0,59,0,0,24,0,63,0,1,0,223,0,0,0,0,9,0,0,0,40,0,1,0,1,0,1,152,0,0,63,0,0,192,0,0,2
740315,1800,1800,9,602,1191,7,1198,0,1198,14,1,1,1,2,95,2,0,38,0,55,0,0,0,371,1,2,0,0,16,1,0,1,77,2,5,0,0,0,0,160,0,1,99,0,0,236,8,0,9
740316,828,824,10,300,520,8,528,0,528,5,0,0,2,2,35,0,0,11,0,27,0,0,0,163,0,0,0,0,9,0,0,1,49,1,0,0,0,0,0,88,0,1,35,0,0,93,6,0,0
740317,1599,1581,19,560,1024,15,1039,0,1039,12,3,4,1,0,64,0,0,15,1,33,0,1,1,331,1,0,0,0,18,0,0,2,72,0,3,0,0,0,0,158,0,2,76,0,1,235,1,0,4
740318,930,924,9,348,575,7,582,0,582,5,3,1,2,2,36,1,0,12,0,41,0,0,0,162,0,0,0,0,3,2,0,0,46,0,7,0,0,0,0,81,0,0,43,0,1,128,2,0,4
740319,1254,1241,3,527,724,3,727,0,727,4,1,2,4,0,39,1,0,16,1,40,0,1,0,245,0,0,0,0,2,0,0,1,58,1,0,0,0,1,0,113,0,0,61,0,0,127,4,0,5
740320,1926,1903,15,877,1038,11,1049,0,1049,12,2,0,4,1,72,1,0,18,0,46,0,0,0,378,0,0,0,0,4,1,0,0,64,0,2,0,0,0,0,153,0,1,67,1,0,207,8,1,6
740321,1533,1520,13,642,880,11,891,0,891,18,5,2,2,0,75,0,0,18,0,36,0,2,0,299,1,1,0,0,4,1,0,0,43,2,8,0,0,0,0,145,0,3,65,1,0,147,7,0,6
740322,342,341,6,151,186,5,191,0,191,0,0,0,0,0,2,0,0,2,0,5,1,0,0,68,0,0,0,0,0,0,0,1,31,0,0,0,0,0,0,37,1,1,7,0,1,31,3,0,0
740323,108,111,12,35,61,12,73,0,73,0,0,0,0,0,4,0,0,0,0,8,0,0,0,18,0,0,0,0,1,0,0,0,8,0,1,0,0,0,0,8,0,0,8,0,0,15,2,0,0
740324,282,34,5,258,19,5,24,0,24,0,0,0,0,0,0,0,0,0,0,1,0,0,0,5,0,0,0,0,0,0,0,2,4,0,1,0,0,0,0,2,0,0,1,0,0,8,0,0,0
740325,129,5,0,125,4,0,4,0,4,0,0,0,0,0,0,0,0,0,0,0,0,0,0,1,0,0,0,0,0,0,0,0,0,0,0,0,0,0,0,0,0,0,1,0,0,2,0,0,0
740581,687,693,56,252,385,50,435,0,435,7,1,0,0,0,15,0,0,3,0,25,0,0,1,83,0,0,1,0,2,0,0,1,85,0,0,0,0,0,1,99,0,0,12,0,0,88,9,0,2
740582,321,321,35,94,197,30,227,0,227,3,0,0,0,0,0,0,0,15,1,4,0,0,0,38,0,0,1,0,0,0,0,1,78,2,0,0,0,0,0,27,0,1,18,0,0,33,4,0,1
740583,477,480,44,185,257,35,292,0,292,1,0,0,0,0,21,0,0,1,1,22,0,0,0,66,0,0,0,0,3,0,0,2,70,0,1,0,0,0,0,21,0,0,26,0,0,54,3,0,0
740584,129,129,17,51,67,11,78,0,78,1,0,0,0,0,7,0,0,0,0,0,0,0,0,15,0,0,0,0,0,0,2,1,21,0,0,0,0,0,0,6,0,0,5,0,0,18,1,0,1
740585,315,312,45,88,184,43,227,0,227,1,0,0,0,1,3,0,1,19,0,14,0,0,0,57,0,0,0,0,3,0,0,0,48,1,0,0,0,0,0,22,0,0,21,0,0,35,0,0,1
740586,468,450,42,134,298,36,334,0,334,0,0,0,0,0,11,0,0,5,0,21,0,0,1,82,1,0,0,0,3,0,0,1,84,1,0,0,0,0,0,40,0,0,13,0,0,68,1,0,2
740587,39,41,8,18,16,5,21,0,21,0,0,0,0,0,1,0,0,0,0,2,0,0,0,3,0,0,0,0,2,0,0,0,3,0,0,0,0,0,0,4,0,0,0,0,0,6,0,0,0
740588,321,323,41,83,199,39,238,0,238,1,0,0,0,0,16,1,1,6,0,15,0,0,0,50,0,0,0,0,1,0,0,0,61,0,0,0,0,0,0,16,0,0,19,0,0,48,2,0,1
740589,351,346,67,136,161,54,215,0,215,2,0,0,2,0,12,0,0,2,0,16,0,0,0,48,0,0,0,0,1,0,0,0,53,0,0,0,1,0,0,21,0,0,13,0,1,39,2,0,2
740590,1752,1742,48,647,1067,38,1105,0,1104,14,1,0,0,1,32,0,1,17,0,56,0,1,0,299,1,0,1,0,10,0,0,1,155,1,4,0,0,0,0,82,0,2,137,0,0,269,15,0,4
740591,594,586,48,228,323,43,366,0,366,6,0,0,0,0,13,0,0,15,0,14,0,0,0,68,1,0,0,0,1,0,0,0,88,0,2,0,1,0,1,33,0,0,36,0,0,76,6,1,4
740592,396,391,46,154,204,38,242,0,242,2,0,0,0,0,8,0,0,11,0,13,0,0,0,28,0,0,0,0,2,0,0,0,70,0,0,0,0,0,0,47,0,0,8,0,0,50,2,0,1
740593,906,890,92,307,514,85,599,0,599,3,0,0,2,0,34,1,0,10,0,44,0,0,0,129,1,0,0,0,1,0,0,0,89,0,0,0,0,0,0,67,0,2,89,0,2,115,8,0,2
740594,162,164,16,69,80,13,93,0,93,0,0,0,0,0,2,0,0,1,0,3,0,0,0,12,0,0,0,0,4,0,0,0,30,0,0,0,0,0,0,11,0,0,6,0,0,24,0,0,0
740595,771,767,59,249,467,55,522,0,522,5,0,1,1,1,26,0,0,11,0,25,0,0,0,116,0,0,0,0,3,0,0,0,103,3,0,0,0,0,0,46,0,0,56,0,1,118,0,1,5
740596,63,65,13,18,37,8,45,0,45,0,0,0,0,0,0,0,0,0,0,1,0,0,0,4,0,0,0,0,0,0,0,0,18,0,0,0,0,0,0,4,0,0,2,0,0,13,2,0,1
740597,117,115,9,38,71,8,79,0,79,0,0,0,0,0,34,1,0,1,0,5,0,0,0,9,0,0,0,0,0,0,0,0,12,1,0,0,0,0,0,6,0,0,1,0,0,8,1,0,0
740598,297,294,31,97,171,29,200,0,200,1,0,0,2,1,11,0,0,1,0,8,0,0,1,52,0,0,0,0,1,0,0,0,24,1,1,0,0,0,0,40,0,0,3,0,0,50,1,0,2
740599,813,808,42,313,465,35,500,0,500,5,1,0,1,0,24,1,0,9,0,39,0,0,0,114,1,1,0,0,13,0,0,0,111,0,2,1,0,0,0,36,0,0,40,0,0,96,5,0,0
740600,693,687,39,246,416,31,447,0,447,5,0,0,0,1,23,0,0,3,0,34,0,0,0,88,0,0,0,0,8,0,0,2,114,0,0,1,0,0,0,36,0,0,40,0,0,82,4,3,3
740601,369,358,56,155,169,45,214,0,214,0,1,0,0,0,8,0,0,7,1,16,0,0,0,29,0,0,0,0,1,0,0,3,62,0,0,0,1,0,0,25,1,0,1,0,1,54,3,0,0
740602,282,281,39,115,137,30,167,0,167,1,0,0,0,0,12,0,0,4,0,8,0,0,0,38,0,0,0,0,0,0,0,0,33,0,0,0,0,0,0,30,0,0,13,0,0,27,0,1,0
740603,207,203,9,88,110,9,119,0,119,0,0,0,0,0,3,0,0,4,0,11,0,0,0,28,0,0,0,0,0,0,0,0,19,0,0,0,0,0,0,23,0,1,7,0,0,20,2,0,1
740604,405,407,44,108,253,44,297,0,297,3,2,0,1,0,19,0,0,2,1,50,1,5,0,65,0,0,0,0,0,0,0,0,40,0,0,0,0,0,2,34,0,0,17,0,0,54,1,0,0
740605,114,119,12,16,87,11,98,0,98,0,0,0,0,0,4,0,0,2,0,16,0,0,0,20,0,1,0,0,1,0,0,0,12,0,0,0,0,0,0,11,0,0,5,0,0,25,1,0,0
740606,102,103,16,30,57,15,72,0,72,1,0,0,0,0,7,0,0,1,0,3,0,0,0,9,0,0,0,0,0,0,0,0,17,0,0,0,0,0,1,7,0,0,6,0,0,20,0,0,0
740607,1062,1056,18,460,585,17,602,0,602,4,0,0,0,0,30,0,0,8,0,34,0,1,0,141,0,0,1,0,6,0,0,0,146,0,1,0,0,0,0,53,0,2,55,0,2,110,6,0,2
740608,1152,1161,30,379,745,28,773,0,773,6,0,0,0,2,28,1,0,17,0,70,1,0,0,127,0,0,0,0,2,0,0,0,204,0,0,0,2,0,1,64,0,0,96,0,0,143,8,1,0
740609,1284,1273,47,446,798,40,838,0,838,5,0,0,1,0,54,1,0,11,0,56,0,0,1,149,1,0,0,0,6,0,0,0,213,0,3,0,0,0,0,73,0,1,122,0,0,135,6,0,0
740610,1200,1189,32,530,639,31,670,0,670,6,3,0,1,0,30,0,0,8,1,40,1,1,1,137,0,1,1,0,11,0,0,1,191,2,2,0,0,1,0,47,0,0,67,0,0,108,7,0,2
740611,474,474,31,134,310,30,340,0,340,5,1,0,1,0,5,0,0,2,0,22,0,0,0,55,1,0,0,0,1,0,0,1,120,0,2,0,0,0,0,21,0,0,27,0,0,68,8,0,0
740612,1038,1022,53,378,612,48,660,0,660,5,0,0,4,0,35,0,0,4,0,37,0,0,0,192,0,0,1,0,6,0,0,2,133,1,1,0,1,0,0,67,0,0,47,0,0,115,8,0,1
740613,1020,1009,40,401,586,33,619,0,619,4,1,3,2,0,28,0,0,4,1,34,0,0,0,198,0,1,0,0,3,1,0,0,111,0,2,0,0,0,2,43,0,3,51,0,0,123,0,1,3
740614,435,431,28,197,212,26,238,0,238,2,0,0,0,0,11,0,0,13,1,10,0,1,0,65,0,0,0,0,0,0,0,0,56,1,0,0,0,0,0,30,1,0,23,0,0,23,0,1,0
740615,192,190,18,52,125,15,140,0,140,1,0,0,0,0,7,0,0,3,0,11,0,0,0,28,0,0,0,0,0,0,0,1,27,0,0,0,0,0,1,17,1,0,6,0,1,36,0,0,0
740616,558,556,42,219,300,39,339,0,339,1,1,1,0,0,14,0,0,15,0,13,0,0,1,95,0,0,0,0,3,0,1,2,74,0,0,0,0,0,0,32,0,2,29,0,0,50,5,0,0
740617,1026,1021,83,347,607,72,679,0,679,12,0,1,0,0,29,0,0,5,0,40,0,1,0,149,2,0,0,0,6,0,0,0,104,0,4,0,0,1,0,55,0,1,62,0,0,198,7,0,2
740618,537,533,55,193,294,50,344,0,344,1,0,1,1,0,8,0,1,2,0,19,0,0,0,84,0,0,0,0,3,0,0,1,51,2,0,0,0,0,0,55,0,0,32,0,2,78,2,0,1
740619,42,37,9,9,24,9,33,0,33,0,0,0,0,0,0,0,0,0,0,2,0,0,0,2,0,0,0,0,0,0,0,0,5,0,0,0,0,0,0,9,0,0,1,0,0,14,0,0,0
740620,168,171,38,74,63,31,94,0,94,1,0,0,0,0,3,0,0,3,0,4,0,0,0,14,0,0,0,0,1,0,0,0,27,1,0,0,0,0,0,10,0,0,6,0,0,24,0,0,0
740621,207,200,22,62,128,17,145,0,145,0,0,0,0,0,9,0,0,3,0,16,0,0,0,36,0,0,1,0,1,0,0,0,40,0,0,0,0,0,0,12,0,1,8,0,0,15,2,0,1
740622,396,396,24,136,238,22,260,0,260,1,0,0,0,0,14,0,0,4,0,7,0,0,0,56,1,0,0,0,1,0,0,0,61,0,0,0,0,0,0,25,0,2,18,0,0,67,1,1,1
740623,87,84,14,34,39,14,53,0,53,0,0,0,0,0,0,0,0,0,0,5,0,0,0,7,0,0,1,0,0,0,0,0,22,0,0,0,0,0,0,3,0,0,1,0,0,14,0,0,0
740624,474,462,39,100,335,39,374,0,374,2,5,0,1,0,10,0,0,12,0,38,0,10,1,60,0,0,0,0,1,0,1,0,92,0,0,0,1,0,0,39,0,0,13,0,1,86,1,0,0
740625,420,410,69,125,231,64,295,0,295,0,0,0,0,0,15,0,0,5,0,20,0,1,0,47,0,0,0,0,0,0,0,1,103,1,0,0,0,0,0,28,0,0,19,0,0,54,0,0,1
740626,222,215,20,73,129,20,149,0,149,1,0,0,0,0,7,0,0,2,0,11,0,0,0,16,0,0,0,0,0,0,0,1,29,0,0,0,0,0,0,10,0,0,17,0,0,53,2,0,0
740627,105,105,22,44,44,17,61,0,61,0,0,0,0,0,2,0,0,0,0,2,0,0,0,7,0,0,0,0,0,0,0,0,13,0,0,0,0,0,0,16,1,0,3,0,1,14,2,0,0
740628,351,345,45,134,182,35,217,0,217,4,0,0,0,0,7,0,0,6,0,11,0,0,0,50,0,0,0,0,0,0,0,0,59,1,0,0,0,0,0,32,1,0,13,0,0,32,0,0,1
740629,477,471,69,187,231,59,290,0,290,2,0,0,0,0,10,0,0,3,0,13,0,0,0,57,0,0,0,0,2,0,0,2,71,0,0,0,1,2,0,39,0,0,15,0,0,68,5,0,0
740630,423,417,58,177,200,46,246,0,246,5,0,0,0,0,7,1,0,10,0,12,0,0,0,35,0,0,0,0,0,0,0,1,64,0,0,0,0,0,0,41,0,0,26,0,0,42,1,0,1
740631,363,363,36,137,197,29,226,0,226,4,0,0,0,0,11,0,0,10,0,11,1,0,0,26,0,0,0,0,1,0,0,1,59,0,0,0,0,0,0,38,0,0,9,0,2,50,3,0,0
740632,93,94,5,21,67,5,72,0,72,1,0,0,0,0,0,0,0,0,0,12,0,0,0,13,0,0,0,0,0,0,0,1,26,0,0,0,0,0,0,8,0,0,0,0,0,9,1,1,0
740633,234,237,21,78,135,21,156,0,156,0,0,0,0,0,2,0,0,13,0,11,0,0,0,30,0,0,0,0,0,0,0,0,28,0,0,0,0,0,0,32,0,0,12,0,0,28,0,0,0
740634,66,68,4,26,37,3,40,0,40,0,0,0,0,0,2,0,0,1,0,1,0,0,0,8,0,0,0,0,0,0,0,0,9,0,0,0,0,0,0,6,0,0,1,0,0,12,0,0,0
740635,1341,1335,41,451,849,41,890,0,890,7,1,0,1,0,32,0,0,22,1,76,0,1,0,242,0,1,0,0,13,0,0,0,133,0,1,0,0,0,1,125,2,1,100,2,0,121,6,0,1
740636,129,131,11,54,65,10,75,0,75,0,0,0,0,2,2,0,0,0,0,13,0,0,1,8,0,0,0,0,1,0,0,0,18,0,0,0,0,0,0,13,0,0,7,0,0,10,0,0,0
740637,561,557,37,191,338,32,370,0,370,0,0,0,0,1,4,0,0,8,0,18,0,1,0,73,0,0,0,0,1,0,0,1,90,1,0,0,0,0,1,67,0,1,24,0,1,76,2,0,0
740638,369,362,24,165,180,24,204,0,204,1,0,0,0,0,2,0,0,10,1,22,0,0,0,58,0,0,0,0,0,0,1,1,27,0,0,0,0,0,1,24,0,0,22,0,0,32,2,0,0
740639,153,158,12,69,72,12,84,0,84,0,0,0,0,0,0,0,0,0,0,2,0,0,0,17,0,0,0,0,2,0,0,2,16,0,0,0,0,0,0,9,0,0,0,0,0,32,4,0,0
740640,864,855,106,306,454,104,558,0,558,6,0,2,0,0,13,0,0,25,0,28,0,0,0,106,2,0,0,0,2,0,0,1,163,1,3,0,0,0,0,61,0,0,22,0,1,112,6,1,3
740949,1743,1714,21,572,1154,17,1171,0,1171,13,2,0,0,0,82,1,0,32,1,88,0,0,1,292,0,1,0,0,25,1,0,3,112,1,2,0,2,0,0,116,1,1,206,1,1,171,10,0,5
740950,1698,1670,16,572,1113,13,1126,0,1126,12,0,4,0,1,47,0,0,15,0,96,1,0,0,309,0,1,0,0,22,0,0,0,120,0,3,0,0,0,0,128,0,1,183,1,1,168,7,3,3
740951,1986,1969,37,711,1246,29,1275,0,1275,14,3,2,0,1,83,1,0,28,0,118,1,1,1,331,0,0,0,0,14,0,0,0,104,0,4,0,1,1,0,124,0,1,227,2,1,203,7,0,2
740952,1179,1167,21,425,737,17,754,0,754,10,0,1,0,0,46,0,0,16,0,63,0,1,0,189,0,0,0,0,13,1,3,0,85,0,1,0,0,0,0,77,1,0,146,2,1,95,2,1,0
740953,1221,1222,11,414,799,8,807,0,807,7,0,1,1,0,61,0,0,14,0,71,1,3,0,197,2,1,0,0,16,0,0,0,57,0,1,0,0,0,0,84,1,0,186,0,0,101,1,0,1
740954,1140,1122,18,411,716,13,729,0,729,6,1,2,0,0,45,0,1,10,0,68,1,0,0,217,0,0,0,0,3,0,1,1,80,0,0,0,0,0,1,71,0,0,130,0,0,84,5,1,1
740955,1617,1635,27,504,1088,25,1113,0,1113,11,1,2,0,0,75,0,0,21,0,102,0,2,0,263,1,0,0,0,20,1,0,0,72,0,4,0,0,0,2,148,0,0,228,1,1,152,3,0,3
740956,1137,1138,16,342,782,13,795,0,795,5,1,1,1,0,38,0,0,21,0,52,0,1,0,256,1,0,1,0,4,0,0,0,64,0,4,0,0,0,0,70,0,0,144,0,0,128,1,0,2
740957,1371,1356,19,452,909,10,919,0,919,5,1,0,3,0,67,0,2,24,1,82,0,3,0,222,0,0,0,0,17,0,0,0,99,1,0,0,0,0,0,104,1,1,153,0,2,119,7,0,5
740958,1311,1295,29,472,820,19,839,0,839,7,0,0,0,1,48,0,0,4,0,66,0,1,0,207,0,0,0,0,4,0,1,0,92,0,2,0,0,0,0,132,0,0,158,0,1,104,7,1,3
740959,1617,1605,31,564,1033,20,1053,0,1053,14,4,0,0,1,57,0,0,14,0,84,0,1,1,294,1,0,0,0,17,0,0,1,93,0,2,1,0,0,1,115,0,2,168,1,0,171,4,0,6
740960,1956,1926,25,661,1282,13,1295,0,1295,15,2,1,1,1,86,1,1,23,0,87,0,1,0,326,0,0,0,0,18,0,0,0,120,1,1,0,0,0,0,158,0,1,276,2,0,166,4,0,3
740961,1860,1841,33,609,1222,29,1251,0,1251,12,1,1,1,0,112,1,0,26,0,92,0,3,0,309,0,0,2,0,16,0,1,0,90,1,2,0,0,3,1,151,1,1,252,0,0,165,2,1,4
740962,1851,1845,28,612,1217,22,1239,0,1239,21,2,1,3,0,85,0,0,22,0,86,1,2,1,326,0,0,0,0,36,0,1,3,119,0,2,0,0,0,2,148,0,0,230,0,1,135,4,0,8
740963,1209,1199,25,461,728,20,748,0,748,6,1,0,1,1,62,0,0,9,0,40,0,0,0,215,0,0,0,0,6,0,0,2,80,1,0,0,1,0,1,91,0,0,133,0,0,89,5,0,4
740964,1542,1521,9,588,947,7,954,0,954,15,0,0,2,0,40,0,0,19,1,53,0,2,2,300,0,0,0,0,9,0,0,2,105,3,4,0,0,0,1,98,1,1,135,0,0,150,7,1,3
740965,1806,1781,23,599,1187,20,1207,0,1207,13,0,0,1,0,65,0,0,20,0,99,0,0,0,326,0,0,0,0,21,0,0,0,130,0,4,1,0,0,3,161,1,0,213,1,0,138,8,0,2
740966,1839,1833,26,556,1265,18,1283,0,1283,22,2,1,1,0,113,3,1,15,0,94,0,0,0,304,1,0,0,0,24,0,0,0,93,0,2,0,0,0,1,141,0,1,275,1,2,169,11,0,6
740967,1398,1400,11,393,995,10,1005,0,1005,11,1,2,0,0,72,0,0,18,0,96,0,0,0,273,0,1,1,0,10,0,0,1,81,0,0,0,0,0,1,92,1,2,190,0,0,144,6,0,2
740968,2019,2000,35,696,1293,30,1323,0,1323,14,0,1,3,2,88,0,0,28,0,84,0,2,1,367,1,0,0,1,28,0,0,2,139,1,0,0,0,0,0,159,1,2,234,0,0,154,4,0,7
740969,1272,1258,21,462,795,15,810,0,810,10,2,1,1,1,41,0,0,16,0,59,0,2,0,223,0,1,1,1,9,0,0,1,95,1,2,0,0,0,1,79,0,2,150,0,0,106,4,0,1
740970,1527,1505,33,533,963,31,994,0,994,4,1,1,2,0,44,1,0,13,0,91,0,0,0,273,0,0,0,0,6,0,2,3,96,2,2,0,0,0,1,108,1,3,148,0,1,180,10,0,1
740971,1851,1840,44,654,1159,38,1197,0,1197,10,1,1,0,0,56,2,0,26,0,107,0,3,0,341,1,0,1,1,16,0,0,0,113,4,2,0,0,0,1,122,0,3,192,0,3,178,9,1,3
740972,1341,1329,20,537,787,17,804,0,804,5,0,0,0,0,56,0,0,11,0,45,0,1,1,218,1,0,0,0,5,0,0,1,97,0,2,1,0,0,0,79,0,2,139,1,0,133,2,0,4
740973,1962,1962,27,683,1257,22,1279,0,1279,9,1,1,0,1,70,1,0,16,0,98,0,2,1,316,4,0,1,0,20,1,1,0,170,2,1,0,0,1,0,131,0,4,225,0,1,185,8,3,5
740974,1107,1103,11,343,753,11,764,0,764,11,2,2,1,0,42,0,1,8,0,66,0,0,0,206,0,0,0,0,9,0,1,0,66,0,1,0,0,0,0,100,0,1,134,1,2,100,3,1,6
740975,1755,1732,15,568,1177,10,1187,0,1187,16,0,3,3,0,79,1,0,23,1,85,0,1,0,322,0,0,0,0,10,0,0,0,122,2,2,0,0,0,0,122,1,4,211,1,0,169,3,2,4
740976,1932,1920,24,660,1260,12,1272,0,1272,18,1,2,3,0,80,0,1,22,1,100,0,1,0,353,1,0,0,0,23,0,0,0,141,1,3,0,0,1,0,118,0,5,220,0,1,163,7,0,6
740977,1785,1775,18,627,1144,14,1158,0,1158,8,0,2,1,2,170,0,0,50,0,118,0,1,0,351,1,0,0,0,9,0,2,1,71,1,0,0,0,0,1,99,0,4,190,1,0,74,1,0,0
740978,780,764,4,226,550,4,554,0,554,6,0,0,0,0,61,0,1,7,0,33,0,1,0,240,0,1,0,0,7,0,0,0,24,0,0,0,0,0,0,45,0,0,86,0,0,39,3,0,0
740979,366,61,27,308,35,23,58,0,58,0,0,0,0,0,2,0,0,1,0,4,0,0,0,12,0,0,0,0,1,0,0,0,12,0,0,0,0,0,0,1,0,0,15,0,0,10,0,0,0
740981,225,49,27,191,19,15,34,0,34,0,0,0,0,0,1,0,0,0,0,3,0,0,0,4,0,0,0,0,0,0,0,1,11,0,0,0,1,0,0,4,0,0,3,0,0,6,0,0,0
740982,63,20,0,43,20,0,20,0,20,0,0,0,0,0,0,0,0,1,0,0,0,0,0,10,0,0,1,0,0,0,0,0,2,0,0,0,0,0,0,0,0,0,0,0,0,6,0,0,0,31,03,2019,21,35
