120103,2268,2232,16,872,1382,14,1396,0,1396,24,4,4,1,1,144,0,0,88,0,47,0,0,2,715,0,1,1,0,6,0,1,1,40,0,0,2,0,1,1,108,0,0,42,0,0,153,7,0,2
120104,2445,2432,9,1016,1420,9,1429,0,1429,30,5,3,1,2,164,3,0,82,0,50,0,0,0,755,0,0,0,0,6,0,0,0,34,0,0,0,0,0,0,110,0,0,62,0,1,113,6,0,2
120105,2397,2371,7,1064,1328,5,1333,0,1332,12,1,1,3,0,136,0,1,74,0,53,0,0,1,688,1,0,1,0,9,1,0,0,28,0,2,0,0,0,0,115,0,0,69,0,1,125,7,0,3
120106,2439,2439,20,938,1482,19,1501,0,1501,19,2,2,0,2,181,3,0,89,1,69,0,0,0,686,0,2,1,0,8,1,0,1,23,1,4,0,0,0,1,125,0,0,113,1,0,155,6,2,3
120107,2379,2379,21,962,1400,17,1417,0,1417,31,10,1,2,0,171,2,0,90,0,58,0,1,0,709,2,1,0,0,11,0,0,1,42,0,2,0,0,0,0,96,0,0,65,0,0,113,7,0,2
120108,2091,2082,34,834,1235,22,1257,0,1257,16,1,0,1,0,147,2,0,81,0,51,0,0,0,652,0,1,0,0,3,0,0,1,24,0,0,0,0,0,0,89,0,0,53,0,1,126,7,0,1
120109,2358,2352,23,820,1520,18,1538,0,1538,32,8,2,2,2,145,2,2,80,0,48,1,1,2,753,1,0,0,0,16,0,1,0,34,1,1,0,1,0,1,163,1,2,63,0,1,161,8,1,2
120110,1776,1761,17,633,1131,12,1143,0,1143,13,3,0,0,3,165,2,0,73,0,37,0,1,0,549,1,0,1,0,5,0,0,0,23,0,2,0,2,0,0,98,0,1,53,0,1,106,3,0,1
120111,1074,1062,3,423,648,3,651,0,651,3,1,0,0,0,86,1,0,50,0,15,0,0,1,309,1,0,0,0,2,0,0,0,17,5,0,0,0,0,0,66,2,0,43,0,0,45,1,0,3
120112,1980,1978,8,778,1194,8,1202,0,1202,14,7,0,0,2,166,1,1,64,0,61,0,0,1,579,0,0,0,0,11,0,0,0,20,0,2,0,0,0,1,123,0,0,62,0,0,83,4,0,0
120113,1017,1000,11,343,664,10,674,0,674,10,2,1,3,0,84,0,0,46,0,28,0,1,0,314,1,0,0,0,8,0,0,0,2,0,1,0,0,0,0,66,0,1,44,0,0,57,3,0,2
120114,1008,943,21,404,583,21,604,0,604,14,0,1,2,1,61,0,0,52,1,20,0,0,0,294,0,0,0,0,3,0,1,1,20,0,0,0,0,1,1,33,0,2,29,0,0,62,3,0,2
120115,1668,1693,4,459,1206,3,1209,0,1209,7,8,0,4,3,85,0,0,84,0,44,0,2,0,534,0,0,0,0,7,0,0,0,9,0,3,0,0,1,0,192,0,0,78,0,2,136,4,0,6
120116,1530,1539,12,427,1092,11,1103,0,1103,11,3,1,2,2,141,2,1,115,1,61,0,0,0,446,2,0,0,0,11,2,1,1,17,1,2,1,0,0,1,124,0,1,59,0,0,82,10,0,2
120118,1848,1838,12,515,1325,8,1333,0,1333,24,7,5,2,1,138,4,1,129,1,59,0,2,0,549,1,1,0,0,14,1,0,2,24,1,4,0,1,0,1,169,0,1,67,0,2,111,5,2,4
120119,1593,1590,15,498,1084,11,1095,0,1095,12,2,0,1,1,123,1,0,109,0,43,1,0,1,487,0,0,1,0,3,0,0,4,21,1,1,0,1,0,1,128,0,0,59,1,1,84,6,0,2
120120,1392,1398,14,397,982,13,995,0,995,11,3,2,0,2,95,1,0,130,0,49,0,0,1,439,1,0,0,0,2,1,0,0,15,1,0,0,0,0,0,100,0,0,51,0,0,88,2,0,1
120121,708,713,25,198,486,24,510,0,510,6,2,1,0,0,66,0,0,36,1,17,0,0,0,263,0,0,1,0,3,0,1,0,16,0,1,0,0,0,0,32,0,2,22,0,0,39,1,0,0
120122,2247,2221,22,792,1436,19,1455,0,1455,16,2,1,2,0,264,0,1,119,0,36,0,0,0,696,1,0,0,0,3,1,1,2,34,0,1,0,0,1,1,94,0,0,63,0,2,111,3,0,0
120123,1386,1373,23,569,796,21,817,0,817,14,5,0,0,0,105,1,0,65,0,18,0,0,1,415,0,0,0,0,0,0,1,0,22,0,0,0,0,0,0,69,0,0,27,0,0,68,4,0,2
120124,1200,1186,16,486,701,13,714,0,714,2,0,1,0,0,111,0,0,49,0,23,0,1,0,345,0,0,0,0,5,0,0,0,23,0,1,0,0,0,0,47,0,0,32,0,1,71,1,0,1
120125,1002,1006,40,419,556,27,583,0,583,6,0,0,1,0,61,0,0,27,0,5,0,0,0,301,0,0,0,0,2,0,0,0,23,0,0,0,0,0,0,36,1,0,18,0,0,93,7,0,2
120126,1011,996,41,430,545,36,581,0,581,11,0,0,0,1,44,1,1,28,1,15,0,0,0,281,0,0,0,0,1,0,0,1,29,0,2,0,0,0,0,37,0,1,24,0,0,95,5,1,2
120127,1056,1054,11,385,660,11,671,0,671,6,1,1,0,0,80,3,0,42,0,8,0,0,2,322,0,0,1,0,0,2,0,0,31,1,0,0,0,0,0,65,0,0,24,0,1,77,4,0,0
120128,1638,1618,13,568,1059,11,1070,0,1070,22,0,1,3,1,125,1,1,86,0,22,0,0,0,526,0,0,1,0,5,0,0,1,49,1,1,0,0,0,2,78,0,0,53,0,0,81,5,2,3
120129,939,924,19,342,580,17,597,0,597,7,1,1,0,1,67,0,0,41,0,6,1,0,0,333,0,0,0,1,3,0,0,0,17,0,1,0,0,0,0,36,0,0,30,0,2,45,2,0,2
120130,1617,1599,20,606,994,17,1011,0,1011,12,5,0,2,0,138,1,0,50,0,23,0,0,0,514,0,1,0,0,10,0,0,0,31,0,0,0,0,0,1,100,0,1,35,0,1,81,3,0,2
120131,864,851,11,328,525,11,536,0,536,5,2,0,0,1,67,2,0,36,0,13,0,1,0,265,0,0,0,0,0,0,0,1,13,0,2,0,0,0,1,51,0,0,23,0,0,50,1,0,2
120132,1329,1324,68,452,817,60,877,0,877,8,1,1,0,0,94,0,0,75,0,14,0,0,0,428,4,0,2,0,0,0,0,0,36,0,0,0,0,0,0,134,0,2,19,0,0,51,6,0,2
120133,459,458,35,181,247,31,278,0,278,1,0,0,0,0,31,1,0,17,0,8,0,0,0,122,0,0,0,0,1,0,0,1,23,0,1,0,0,0,0,28,0,0,4,0,0,38,1,0,1
120134,819,805,49,265,514,40,554,0,554,7,1,1,0,0,74,0,0,30,0,18,0,0,0,224,0,0,1,0,1,0,1,1,23,0,2,0,0,0,0,65,0,0,11,1,0,93,0,0,0
120135,954,940,40,375,549,30,579,0,579,11,0,1,2,1,93,1,0,36,0,20,0,0,0,251,0,0,1,0,6,1,0,0,30,0,0,0,0,0,0,51,0,2,17,0,1,53,0,0,1
120136,2085,2063,106,762,1237,86,1323,0,1323,26,2,3,2,1,167,3,1,110,0,28,0,2,0,596,1,0,0,1,5,0,0,0,46,1,3,0,1,0,1,67,0,0,33,0,1,212,6,3,1
120137,1953,1949,40,712,1214,27,1241,0,1241,17,1,0,3,0,140,0,1,118,0,24,0,0,1,634,1,0,0,0,6,1,0,3,49,0,1,0,0,0,0,77,1,0,63,0,0,85,9,2,4
120138,1104,1086,39,413,654,37,691,0,691,9,0,0,0,1,64,0,0,61,1,26,0,0,1,360,1,0,0,0,1,0,0,0,35,1,0,0,0,0,0,57,1,3,27,0,0,36,2,0,4
120139,840,845,74,296,477,67,544,0,544,2,1,0,1,0,71,0,1,29,0,20,0,1,1,239,0,1,0,0,6,0,2,0,55,0,1,0,0,1,0,25,1,0,25,0,1,53,6,0,1
120140,423,414,8,147,268,8,276,0,276,0,0,0,0,0,17,0,0,23,0,0,0,0,0,139,2,2,0,0,0,0,0,0,16,1,0,0,0,0,1,29,0,0,6,0,0,39,1,0,0
120141,654,644,60,260,338,56,394,0,394,2,0,2,0,3,48,0,0,27,0,13,0,1,0,143,0,0,0,0,2,0,3,0,23,0,1,0,0,0,0,34,0,1,46,0,0,42,2,0,1
120143,2430,2424,68,795,1590,45,1635,0,1635,20,2,0,1,1,219,3,0,124,0,52,1,1,1,783,2,1,0,0,12,1,0,1,37,1,3,0,0,0,0,148,1,0,65,0,2,143,7,0,3
120144,2307,2311,55,790,1476,41,1517,0,1517,15,2,0,1,2,196,1,0,98,1,47,1,0,0,752,0,2,0,0,4,3,0,0,30,1,3,0,0,0,1,140,0,1,74,0,0,134,6,2,0
120145,1638,1627,47,543,1055,40,1095,0,1095,6,0,1,0,0,170,0,0,66,1,29,0,1,0,477,0,0,1,0,5,0,0,1,19,0,1,0,1,1,0,124,0,2,79,0,0,104,6,0,0
120146,2037,2010,36,553,1460,24,1484,0,1484,22,5,2,2,4,181,2,0,104,0,77,1,0,2,619,3,1,1,0,13,2,0,3,31,2,3,1,1,1,3,189,0,0,78,2,0,123,2,1,3
120378,1314,1303,38,438,847,29,876,0,876,8,2,0,1,0,95,0,0,53,0,22,0,0,0,371,0,0,0,0,11,4,6,0,31,1,2,0,0,1,1,101,0,0,37,0,1,125,3,0,0
120379,1329,1317,48,473,823,33,856,0,856,6,0,1,2,1,93,1,0,68,0,32,0,0,0,319,0,1,1,0,8,0,0,0,48,0,4,0,0,0,0,103,0,2,54,0,0,112,0,0,0
120380,1167,1151,34,418,718,31,749,0,749,8,3,0,0,0,93,0,1,53,0,20,0,0,0,318,0,0,0,0,5,0,0,0,25,1,0,0,0,0,0,93,1,0,47,0,0,77,4,0,0
120381,1524,1499,27,577,923,24,947,0,947,12,1,2,2,0,140,3,2,94,0,21,0,1,1,401,0,1,0,0,8,2,1,1,53,0,4,1,1,0,0,83,0,1,38,1,1,69,2,0,0
120382,1773,1744,53,700,1037,36,1073,0,1073,23,0,3,0,2,128,1,0,78,0,37,0,0,0,443,0,2,0,0,2,4,8,2,62,0,1,0,0,0,0,81,0,0,78,0,0,106,8,0,4
120383,624,616,19,279,330,15,345,0,345,6,0,1,0,0,58,0,0,17,0,11,0,0,0,124,0,0,0,0,2,0,0,0,44,0,0,0,0,0,1,28,0,0,12,0,0,39,2,0,0
120384,1041,1036,75,369,608,64,672,0,672,4,1,0,0,0,111,2,0,30,0,16,0,0,0,271,1,1,0,0,3,2,1,0,58,0,0,0,0,0,0,45,0,1,24,0,0,95,4,0,2
120385,1509,1498,64,570,884,55,939,0,939,7,0,0,0,2,197,0,0,72,0,15,1,0,1,342,0,0,0,0,9,0,3,0,74,0,1,0,0,0,1,107,0,1,39,1,0,59,6,0,1
120386,1500,1491,104,561,858,81,939,0,939,16,1,1,2,0,148,0,1,71,1,25,1,1,3,438,0,1,0,0,7,0,8,0,63,0,1,0,1,0,2,49,0,1,27,0,0,64,4,1,1
120387,291,283,36,81,176,34,210,0,210,2,0,0,0,0,31,1,0,20,0,10,0,0,0,88,1,0,0,0,2,0,1,0,15,0,0,0,0,0,1,21,0,0,6,0,0,10,0,0,1
120388,2400,2375,153,972,1338,90,1428,0,1428,22,3,1,0,3,190,1,0,76,0,34,0,2,0,646,0,0,1,1,8,2,0,0,51,0,3,0,0,0,2,109,0,2,79,0,0,179,9,0,4
120389,2307,2296,76,791,1450,66,1516,0,1516,23,1,2,3,2,192,0,0,91,1,63,0,1,0,601,2,1,2,0,7,25,1,0,46,1,1,1,0,0,0,165,0,2,88,1,7,178,5,1,2
120390,972,592,42,380,554,38,592,0,592,11,0,1,0,0,61,1,0,39,0,11,0,0,1,209,1,0,0,0,2,1,1,0,48,1,2,0,0,1,0,61,1,0,21,1,1,108,4,0,4
120391,2262,2231,137,821,1322,119,1441,0,1441,21,1,0,0,0,285,5,1,83,0,31,1,1,0,611,1,0,1,0,7,0,1,1,66,1,4,0,0,0,1,108,1,0,86,0,0,112,7,1,3
121046,2121,2088,6,771,1345,5,1350,0,1350,22,3,0,0,3,135,2,1,112,0,54,0,0,1,684,0,0,0,0,7,0,2,0,23,1,2,0,0,0,0,123,0,2,72,0,0,92,7,1,1
121047,1701,1686,8,705,989,7,996,0,996,23,0,1,1,0,125,2,1,69,0,33,1,0,3,472,1,0,3,0,8,1,0,1,22,0,5,0,0,1,0,93,0,0,58,0,1,65,4,0,2
121048,2346,2323,9,903,1434,9,1443,0,1443,11,3,1,0,0,149,1,0,107,0,43,0,3,1,782,2,0,1,0,5,0,0,0,35,0,0,0,0,0,1,110,0,2,68,1,1,106,6,0,4
121049,2202,1406,12,796,1399,7,1406,0,1406,16,1,1,3,1,159,1,0,110,0,43,0,0,0,707,2,0,1,0,6,0,0,1,23,0,3,1,0,0,0,110,0,2,63,0,1,138,8,0,5
121050,2439,2391,10,901,1530,8,1538,0,1538,13,5,1,2,0,142,1,0,115,0,57,0,0,0,712,2,4,0,1,19,0,0,2,32,0,0,0,0,0,0,166,0,0,103,0,0,146,3,2,10
121051,2295,2267,6,830,1460,5,1465,0,1465,15,2,1,0,2,171,1,1,102,0,43,0,0,0,756,1,0,0,0,8,0,0,0,26,0,4,1,0,0,0,105,0,1,80,0,0,140,2,1,2
121052,2421,2388,8,966,1448,7,1455,0,1455,17,6,4,1,0,159,0,1,103,0,38,0,1,1,758,3,0,0,0,5,0,0,1,30,0,2,0,0,0,0,97,0,0,100,1,0,117,8,1,1
121053,2298,2291,9,775,1514,9,1523,0,1523,7,2,0,1,1,207,1,0,99,0,43,0,2,1,777,1,1,0,0,11,0,1,0,25,0,1,0,0,0,0,117,0,0,86,0,0,132,7,0,0
121054,2361,2334,7,932,1423,6,1429,0,1429,31,4,2,2,2,155,1,0,116,0,47,0,0,1,718,2,0,0,0,7,0,1,2,14,0,2,0,1,0,3,133,0,0,72,0,1,107,3,0,2
121055,2286,2264,7,865,1414,7,1421,0,1421,21,2,1,3,1,195,2,0,97,0,57,0,2,1,685,0,4,0,0,8,1,0,1,22,0,2,1,0,0,0,139,1,0,70,0,1,99,3,1,1
121056,2253,2238,7,611,1636,6,1642,0,1642,16,4,1,4,0,194,1,0,168,0,68,1,1,0,690,0,2,0,0,13,1,1,0,27,1,0,0,2,0,2,207,0,1,109,0,1,124,0,0,3
121057,2196,2180,4,661,1531,4,1535,0,1536,19,1,3,4,0,181,1,0,145,0,52,0,2,1,664,4,0,0,0,11,0,1,0,22,0,3,0,0,0,1,176,0,1,117,0,3,116,4,2,2
121058,2292,2266,6,606,1680,6,1686,0,1686,15,8,3,2,4,230,0,1,145,3,75,0,0,0,670,0,1,0,0,4,0,1,3,11,0,3,1,1,1,0,224,0,0,131,3,0,139,5,1,1
121065,2196,2187,13,817,1370,9,1379,0,1379,24,3,2,2,3,182,3,1,107,0,50,0,1,2,690,1,0,0,0,5,1,0,2,22,0,3,0,0,0,0,118,0,0,52,0,0,93,5,1,6
121066,2334,2317,7,766,1561,7,1568,0,1568,24,5,2,0,1,204,1,0,135,0,52,2,2,2,748,1,1,0,0,4,0,0,3,21,0,2,0,0,1,3,158,0,0,63,0,0,121,10,0,2
121067,2241,2233,5,768,1470,3,1473,0,1473,24,4,2,2,0,155,2,0,126,0,50,0,0,1,712,1,1,1,0,8,1,2,1,17,2,2,0,1,0,0,156,0,1,65,2,1,120,12,0,1
121068,2148,2126,9,814,1326,8,1334,0,1334,20,4,1,1,1,163,0,0,133,0,46,0,1,2,637,0,0,0,0,9,4,0,2,14,0,2,0,0,0,1,98,1,0,67,0,0,115,12,0,0
121069,1878,1864,10,681,1188,9,1197,0,1197,13,0,0,1,1,150,0,2,114,0,30,0,0,0,601,1,0,0,1,0,0,0,0,17,0,1,0,0,0,0,98,0,0,51,1,0,113,0,1,1
121070,1839,1818,8,506,1325,8,1333,0,1333,13,6,2,2,0,169,2,0,112,1,47,1,1,4,629,0,0,0,0,6,1,1,0,23,0,2,0,2,0,1,134,0,1,83,0,1,82,4,0,3
121078,2178,2160,7,660,1511,7,1518,0,1518,19,4,0,3,1,167,2,0,174,0,61,0,0,0,722,2,1,0,0,5,0,0,0,16,0,0,1,1,0,1,144,0,1,89,1,0,103,0,0,0
121079,2229,2201,9,682,1542,5,1547,0,1547,1,6,3,0,2,205,0,0,171,0,56,0,0,0,702,2,0,0,0,9,0,1,1,33,0,3,1,0,1,0,154,0,0,88,1,0,104,0,0,3
121080,2088,2059,4,586,1500,2,1502,0,1502,13,7,1,5,1,227,1,0,170,0,62,0,0,0,646,1,2,0,0,3,2,0,3,22,0,1,0,1,1,1,138,0,0,96,1,1,90,4,0,2
121081,2226,2190,15,702,1511,13,1524,0,1524,18,5,2,3,3,193,2,0,181,0,72,0,2,1,675,0,0,0,0,6,0,0,2,32,2,0,0,0,0,0,151,0,0,73,1,1,92,6,0,1
121082,2082,2059,10,586,1487,9,1496,0,1496,24,3,2,5,3,207,2,1,149,0,80,0,0,1,648,2,0,0,0,5,1,0,0,11,0,3,0,0,0,1,157,0,0,84,0,3,100,4,0,0
121083,2136,2121,10,586,1543,7,1550,0,1550,25,4,1,2,2,247,0,1,170,0,51,0,3,0,657,0,0,0,0,5,0,0,0,15,0,3,0,0,0,0,152,1,1,94,0,1,111,4,0,0
121085,1866,1853,8,625,1233,8,1241,0,1241,10,11,2,2,2,174,3,0,129,1,45,0,2,0,575,1,1,2,0,9,1,1,0,16,0,1,0,1,0,2,104,0,3,56,0,2,81,2,2,0
121086,783,783,2,237,544,2,546,0,546,5,4,0,2,0,82,0,0,67,0,25,0,0,1,218,0,0,0,0,3,0,2,0,7,0,0,0,0,0,0,52,0,1,35,0,1,39,1,1,0
121104,111,70,4,41,66,4,70,0,70,1,0,0,0,0,5,0,0,7,0,5,0,0,0,32,0,0,0,0,0,0,0,1,5,0,0,0,0,0,0,4,0,0,4,0,0,5,1,0,0
121781,1344,1347,27,535,790,19,809,0,809,10,1,0,0,1,104,2,1,47,1,25,1,0,1,384,0,0,0,0,4,2,1,1,13,0,2,0,0,0,1,92,0,0,43,0,1,65,5,0,1
121784,1731,1706,11,514,1211,6,1217,0,1217,16,4,2,4,1,121,1,0,115,1,58,0,1,0,520,1,0,0,0,5,0,2,2,16,0,3,0,0,0,0,156,0,1,79,0,0,99,5,2,2,01,04,2019,00,50
