000001,762,759,0,45,717,0,717,0,717,184,1,4,3,1,9,2,0,5,0,18,2,4,1,102,3,0,0,0,34,1,0,0,27,2,3,1,2,0,2,248,0,1,24,0,1,29,1,1,1
000002,228,221,0,7,221,0,221,0,221,7,1,1,1,0,6,0,0,0,0,9,1,2,1,69,2,0,0,0,7,0,0,0,5,0,1,0,0,0,0,96,0,0,2,0,0,9,0,0,1
000003,219,216,0,7,212,0,212,0,212,8,1,1,1,0,1,1,0,2,0,10,0,0,0,56,1,0,0,0,2,0,0,0,4,0,2,0,1,0,1,98,0,0,5,0,0,17,0,0,0
140681,1869,1823,47,1008,825,36,861,0,861,10,2,0,1,0,603,3,0,36,0,4,0,1,0,97,0,0,1,0,3,0,0,0,10,0,0,0,0,0,1,63,0,0,10,0,0,13,1,1,1
140682,1947,1900,36,1093,830,24,854,0,854,25,1,0,0,0,611,1,0,46,1,6,0,1,1,93,0,0,0,1,0,0,0,0,4,0,1,0,0,0,0,45,0,0,10,0,0,5,0,1,1
140683,1581,1562,54,783,749,49,798,0,798,8,0,1,0,1,568,3,0,36,0,11,0,0,0,71,1,0,0,0,0,0,0,1,3,0,0,0,0,0,1,66,0,0,12,0,2,12,1,0,0
140684,2154,2116,53,1018,1094,42,1136,0,1136,12,2,1,1,1,794,1,0,82,0,6,0,1,0,118,1,0,1,0,1,0,0,2,13,1,0,0,0,0,0,35,1,1,37,0,1,19,4,0,0
140685,2037,2006,31,1013,996,28,1024,0,1024,14,2,1,2,2,734,0,2,70,0,4,0,1,0,121,2,0,0,0,0,0,0,0,9,0,0,0,0,0,0,30,0,0,12,0,2,13,1,0,2
140686,1938,1910,51,890,1002,46,1048,0,1048,4,1,0,2,2,752,2,0,85,0,7,0,0,0,106,0,0,0,0,0,0,0,0,12,0,0,0,0,0,0,28,1,0,28,0,1,16,0,1,0
140687,2301,2252,28,1111,1169,21,1190,0,1190,14,4,0,0,1,818,3,0,83,0,3,0,0,1,144,0,2,0,0,2,0,1,0,12,0,1,1,0,0,1,42,0,1,33,0,1,22,0,0,0
140690,141,59,4,94,43,4,47,0,47,2,0,0,0,0,26,0,0,1,0,0,0,0,0,11,0,0,0,0,0,0,0,0,0,0,0,0,0,0,0,5,0,0,1,0,0,1,0,0,0
140691,1089,1083,11,559,522,8,530,0,530,7,1,1,0,2,214,0,0,41,0,9,0,0,1,84,0,0,0,1,2,0,1,0,7,0,0,0,0,1,2,115,0,0,13,0,0,26,2,0,0
140692,1002,1006,11,433,562,7,569,0,569,8,0,0,2,1,307,0,0,70,0,4,0,0,1,91,1,1,1,0,7,0,0,0,6,0,0,0,1,0,0,29,0,0,13,0,1,24,1,0,0
140693,825,818,5,345,476,4,480,0,480,2,0,0,0,1,246,1,0,48,0,2,0,0,0,81,0,0,0,0,2,0,0,0,12,0,0,0,0,0,0,40,0,0,16,0,0,28,1,0,0
140694,1290,1264,21,386,891,13,904,0,904,5,0,0,1,0,225,1,0,20,0,6,0,0,1,97,0,0,1,0,4,0,0,0,2,0,0,1,0,1,2,516,0,0,0,0,0,20,1,0,0
140695,1200,1199,10,600,592,8,600,0,600,15,1,0,0,0,276,2,0,39,0,3,1,1,0,109,0,0,0,0,2,1,0,0,5,0,0,0,0,0,0,126,0,0,3,0,1,14,1,0,0
140696,1509,1459,83,788,645,76,721,0,721,11,0,0,1,1,383,3,0,95,0,9,0,1,2,122,1,0,1,0,0,0,0,0,17,0,0,0,0,0,0,30,1,1,6,0,0,31,4,0,1
140697,1620,1591,12,516,1093,11,1104,0,1104,11,1,0,0,4,282,3,0,109,0,9,1,0,1,143,0,2,0,0,1,0,0,0,12,0,1,0,0,0,1,477,0,0,11,0,1,32,1,0,1
140698,1617,1591,14,487,1123,7,1130,0,1130,9,0,0,0,0,316,1,0,59,1,1,0,0,0,95,0,0,0,0,1,0,0,1,7,1,1,0,0,0,0,601,0,1,17,0,3,15,0,0,0
140699,1104,1075,22,527,555,22,577,0,577,13,0,2,0,0,277,0,0,65,0,4,0,0,0,112,0,0,1,0,1,0,0,0,14,0,0,0,0,0,0,42,0,1,12,0,0,30,2,0,1
140700,1056,1043,7,480,570,6,576,0,576,6,0,0,0,3,270,0,4,49,0,5,0,0,1,69,0,4,0,0,4,0,0,0,0,3,2,2,0,0,0,116,1,1,7,0,0,29,0,0,0
140701,1329,1312,10,739,582,8,590,0,590,6,0,0,0,1,350,3,0,42,1,7,0,0,0,84,0,0,0,0,0,0,1,0,15,0,0,1,0,0,1,41,0,0,10,0,0,27,0,0,0
140702,1614,1590,21,696,901,17,918,0,916,15,0,0,2,1,455,5,0,89,0,6,0,0,0,147,0,0,0,0,2,0,0,1,15,0,0,0,0,0,0,114,0,0,17,0,0,47,0,0,0
140703,1260,1249,17,284,959,17,976,0,976,45,1,0,0,0,340,2,0,70,0,6,0,0,0,117,0,0,0,0,6,0,0,1,7,0,2,0,0,0,1,322,2,0,15,1,1,37,0,0,0
140704,771,779,24,379,387,5,392,0,392,94,0,0,0,0,176,0,0,26,0,3,0,0,0,39,0,0,0,0,1,0,0,0,4,1,0,0,0,0,0,29,0,0,4,0,1,12,1,0,1
140705,831,816,8,501,323,7,330,0,330,0,0,0,1,0,196,1,2,18,1,1,0,0,1,68,0,0,0,0,0,1,0,0,5,0,0,0,0,0,1,11,0,0,2,1,0,18,1,1,0
140706,840,842,2,481,358,1,359,0,359,4,0,0,1,0,212,2,0,32,0,6,0,0,0,71,0,1,0,0,0,0,0,0,7,0,0,0,0,0,0,11,0,0,2,0,1,7,1,1,0
140707,972,964,2,143,827,2,829,0,806,10,0,0,2,0,140,1,0,26,0,3,0,0,0,43,0,0,0,0,0,0,0,1,7,0,0,0,0,0,0,551,1,0,0,1,0,17,2,0,1
140708,465,459,2,157,307,1,308,0,308,6,0,0,0,0,73,0,0,10,0,0,0,0,0,28,0,0,1,0,1,1,1,0,4,0,0,0,0,0,0,175,0,0,1,0,0,7,0,0,0
140709,1593,1589,14,530,1049,14,1063,0,1063,13,1,0,0,1,253,0,0,57,1,6,0,0,0,93,0,0,0,0,3,0,0,0,6,0,1,0,0,0,2,583,0,0,6,0,1,32,3,0,1
140710,1806,1773,26,952,835,19,854,0,854,18,1,1,1,2,477,1,1,76,0,3,0,0,0,148,0,0,0,0,4,0,0,1,21,1,0,0,0,0,0,39,0,0,13,0,1,42,2,0,1
140711,1668,1651,23,734,916,18,934,0,934,19,0,0,0,3,371,1,0,90,0,10,0,0,0,143,0,3,0,0,3,0,0,0,18,2,0,0,0,0,0,210,1,1,17,0,1,37,2,0,2
140712,609,604,6,376,228,5,233,0,233,2,0,3,0,1,117,2,0,14,0,3,0,0,2,41,0,0,0,0,0,0,1,0,0,0,0,0,0,0,0,33,0,0,1,0,0,11,1,1,0
140713,999,994,15,382,602,15,617,0,617,6,0,0,0,0,249,0,0,35,0,3,0,0,0,71,0,0,0,0,0,0,0,0,2,0,0,0,0,0,0,234,0,0,4,0,0,13,0,0,0
140714,1110,1086,22,394,694,22,716,0,716,3,0,0,1,1,150,1,0,25,1,0,0,0,0,47,0,0,0,0,3,0,0,1,5,1,0,0,0,0,0,466,0,0,2,0,0,7,2,0,0
140717,798,782,15,523,260,15,275,0,275,9,0,0,1,0,164,0,0,9,0,1,0,0,0,35,0,0,0,0,0,0,0,0,1,0,0,0,0,0,0,52,0,0,3,0,0,0,0,0,0
140718,1542,1505,19,962,565,15,580,0,580,17,1,0,0,1,367,4,0,47,0,6,0,0,0,87,0,0,0,0,1,0,0,0,10,0,0,0,0,0,0,17,0,0,5,0,1,11,3,0,2
140719,888,870,10,475,403,10,413,0,413,5,0,0,0,1,195,2,0,27,0,1,0,0,0,52,0,1,0,0,1,0,0,0,7,0,0,0,0,0,0,105,0,0,5,0,1,9,1,0,0
140720,1929,1905,28,754,1150,25,1175,0,1175,14,1,0,2,0,548,0,0,99,0,4,0,0,0,147,0,0,0,0,1,0,0,0,11,1,0,0,0,0,1,312,0,0,7,0,0,26,0,0,1
140721,1770,1704,21,919,830,21,851,0,851,15,1,1,0,1,495,2,0,79,1,2,0,0,1,141,3,0,1,0,3,1,0,0,9,0,0,1,0,0,0,45,0,0,8,0,1,39,0,1,0
140722,1167,1166,22,227,920,20,940,0,940,11,0,2,1,2,291,1,0,37,0,2,0,0,0,87,0,1,0,0,1,0,0,0,15,1,1,0,0,0,0,428,0,0,1,0,0,57,1,0,0
140723,813,805,45,166,606,41,647,0,647,37,0,0,1,0,278,0,0,27,0,0,0,0,0,68,0,0,0,0,0,0,0,0,17,0,0,0,0,0,1,202,0,0,6,0,0,8,1,1,0
140724,1371,1341,55,340,983,48,1031,0,1031,0,0,0,0,0,43,0,0,120,0,0,0,0,0,37,0,0,0,0,2,0,0,0,3,0,0,0,0,0,0,626,0,0,0,0,0,200,0,0,0
140725,1341,1327,10,214,1121,6,1127,0,1127,16,0,0,1,3,276,1,0,105,0,7,0,1,0,79,0,1,0,0,7,0,0,1,12,0,0,0,0,0,0,549,0,0,15,0,0,51,2,0,0
140726,609,602,20,169,420,20,440,0,440,0,0,0,0,0,33,0,0,19,0,0,0,0,0,27,0,0,0,0,1,0,0,0,0,0,0,0,0,0,1,318,0,0,2,0,0,39,0,0,0
140727,1308,1291,21,414,877,17,894,0,894,14,0,1,1,1,315,1,0,87,0,4,0,0,0,87,0,2,0,0,0,0,0,0,9,0,0,0,0,0,0,327,0,0,6,0,1,36,2,0,0
140728,1536,1514,19,576,945,15,960,0,960,10,0,0,0,1,397,3,0,135,1,6,0,1,0,108,1,0,0,0,3,1,1,1,5,1,1,0,0,0,0,246,1,0,15,0,0,21,0,0,1
140729,636,631,24,168,447,21,468,0,468,4,0,0,0,3,219,5,0,29,0,0,0,0,1,46,0,1,1,0,0,0,0,0,4,0,0,0,0,0,0,133,0,0,1,0,0,21,0,0,0
140730,666,661,20,160,492,14,506,0,506,6,0,1,1,0,126,1,0,47,0,0,0,0,0,22,1,0,0,0,0,0,0,1,3,0,1,0,0,0,0,284,1,0,2,0,1,8,0,0,0
140731,456,449,38,58,362,36,398,0,398,3,0,0,0,2,72,0,0,20,0,0,0,0,0,32,0,0,0,0,0,0,0,0,2,0,0,0,0,0,0,259,0,0,0,0,0,8,0,0,0
140732,417,427,18,154,249,14,263,0,263,9,0,1,0,0,96,0,0,18,0,1,0,1,0,48,0,0,0,0,0,0,0,0,3,0,0,0,0,0,0,69,0,0,2,0,0,15,0,0,0
140733,1149,1141,50,218,882,49,931,0,931,4,0,0,0,0,201,0,0,32,0,0,0,0,0,83,0,0,0,0,0,0,0,0,4,0,0,0,0,0,0,547,0,0,0,0,0,59,0,0,1
140734,1035,1023,42,133,868,34,902,0,902,11,1,0,0,3,263,0,0,31,0,7,0,0,1,113,0,0,0,0,2,0,1,0,11,0,0,0,0,1,2,430,0,0,6,0,0,18,1,0,0
140735,660,654,35,119,508,33,541,0,541,3,0,0,0,0,112,0,0,17,0,2,0,0,0,21,0,0,0,0,0,0,0,0,3,0,0,0,0,0,0,362,0,0,2,0,1,18,0,0,0
140736,366,107,32,260,76,30,106,0,106,1,0,0,0,0,49,1,0,15,1,0,1,0,2,15,1,1,1,0,0,0,0,1,5,1,0,0,0,0,0,4,0,1,1,0,1,2,1,1,0
140737,609,567,0,59,550,0,550,0,550,52,3,0,2,3,71,0,0,13,1,3,0,0,0,206,1,2,1,0,1,0,0,3,9,1,0,1,0,0,1,13,1,0,0,0,2,141,17,1,1,01,04,2019,03,00
