180155,702,710,5,251,447,4,451,0,451,7,2,0,0,0,37,0,0,3,0,16,0,0,0,115,1,0,1,0,8,0,0,0,28,2,1,0,0,0,0,70,0,0,38,0,1,110,4,2,5
180156,1170,1161,6,452,713,5,718,0,718,7,1,2,2,0,39,3,0,12,0,20,0,0,0,260,1,0,0,0,21,0,0,0,27,0,2,0,0,0,1,103,1,0,68,0,1,136,4,1,6
180157,1098,1107,14,516,572,10,582,0,582,5,0,0,4,1,31,0,0,9,0,17,0,1,0,140,0,1,0,0,18,0,1,1,33,0,3,0,0,0,1,115,0,0,53,0,1,137,5,0,5
180158,1140,1131,8,436,697,7,704,0,704,9,4,1,2,0,56,1,0,12,0,24,0,1,0,218,0,0,1,0,3,0,1,1,58,0,1,0,0,0,1,97,0,1,57,0,1,142,3,2,7
180159,327,324,19,118,190,19,209,0,209,0,1,0,1,1,8,0,0,3,0,14,0,0,0,56,0,0,0,0,3,0,0,0,23,0,3,0,1,0,2,29,0,0,20,0,0,42,2,0,0
180160,81,84,5,28,48,5,53,0,53,0,0,0,0,0,5,0,0,5,0,0,0,0,0,8,0,0,0,0,0,0,0,0,13,0,0,0,0,0,0,10,0,0,0,0,0,10,2,0,0
180161,210,207,12,41,157,12,169,0,169,2,0,0,0,0,5,0,0,0,0,6,0,0,0,34,0,0,0,0,1,0,0,0,15,0,0,0,0,0,0,22,0,0,10,0,0,74,0,0,0
180162,168,186,17,42,109,17,126,0,126,0,0,0,0,0,3,0,0,1,0,2,0,0,0,27,0,0,0,0,4,0,0,0,15,0,0,0,0,0,0,20,0,0,6,0,0,46,2,0,0
180163,450,445,7,136,308,6,314,0,314,3,0,0,0,0,21,0,0,5,0,21,0,0,0,73,0,0,0,0,4,0,1,0,33,0,0,0,0,0,1,32,0,1,20,0,0,96,3,0,0
180164,195,199,15,76,105,14,119,0,119,0,1,0,0,0,4,0,0,1,0,7,0,0,0,22,0,0,0,0,2,0,0,0,12,0,0,0,0,0,0,16,0,0,13,0,0,41,0,0,0
180165,858,861,38,323,499,36,535,0,535,9,0,0,1,0,42,0,0,8,0,20,1,0,0,146,0,0,1,1,21,0,0,1,40,1,0,0,0,0,0,68,1,1,38,0,1,122,6,1,5
180166,357,357,26,122,212,23,235,0,235,0,0,0,1,0,14,0,0,1,0,4,0,0,0,46,0,0,0,0,2,0,0,1,19,0,3,0,0,0,0,58,0,0,9,0,1,70,4,0,2
180167,219,220,14,77,130,12,142,0,142,4,0,0,0,0,2,0,0,1,1,15,0,0,0,18,0,0,0,0,0,0,0,1,26,0,0,0,0,0,0,37,0,0,4,0,0,32,1,0,0
180168,195,194,16,63,119,13,132,0,132,0,0,1,0,1,3,0,0,1,0,11,0,0,0,22,0,0,0,0,0,0,0,0,17,0,3,0,0,0,2,38,0,0,2,0,0,30,0,0,1
180169,450,458,44,127,282,41,323,0,323,7,0,0,0,0,22,0,0,2,0,12,0,0,0,80,0,0,0,0,4,0,0,0,37,0,0,0,0,0,1,66,0,0,8,0,1,77,2,0,4
180170,285,286,21,96,171,18,189,0,189,1,0,0,0,0,11,0,0,1,0,6,0,0,0,43,0,0,0,0,1,0,0,2,26,0,0,0,0,0,0,36,0,0,4,0,0,55,2,1,0
180171,534,532,19,183,336,15,351,0,351,4,0,1,0,0,16,0,0,5,0,19,0,0,0,87,0,0,1,0,1,0,0,1,52,0,1,0,1,0,2,49,0,0,36,0,0,71,3,0,1
180172,156,153,8,43,105,8,113,0,113,3,1,0,0,0,3,0,0,0,0,12,0,0,1,19,0,0,0,0,0,0,0,0,24,0,0,0,0,0,0,25,0,0,1,0,0,21,2,1,0
180173,189,189,4,74,113,2,115,0,115,1,1,0,0,0,9,0,0,2,0,5,0,0,0,22,0,0,0,0,2,0,0,0,14,0,0,0,0,0,0,19,0,0,8,0,0,30,1,1,0
180174,306,302,4,107,195,4,199,0,199,2,1,0,1,0,9,0,0,2,0,5,0,0,0,51,0,0,0,0,2,0,0,0,41,0,1,0,0,0,0,44,0,0,7,0,0,30,3,0,0
180175,195,202,4,89,102,4,106,0,106,1,0,0,0,0,5,0,0,1,0,5,0,2,0,25,0,0,0,0,1,0,0,0,5,1,0,0,0,0,0,20,0,0,5,0,0,33,2,0,0
180176,267,272,15,81,171,15,186,0,186,4,3,0,0,0,7,0,0,0,0,7,0,0,0,33,0,0,0,0,2,0,0,0,29,0,1,0,0,0,1,39,0,1,11,0,1,45,1,0,1
180177,543,558,39,189,318,36,354,0,354,0,1,0,0,0,16,0,0,5,0,13,0,0,0,84,0,1,0,0,13,0,0,1,40,1,0,0,0,0,0,45,1,0,11,0,0,117,5,0,0
180178,384,388,10,129,245,10,255,0,255,3,0,1,1,0,12,0,0,1,1,23,0,0,0,73,0,0,0,0,2,0,0,0,20,0,0,0,0,0,0,32,0,1,32,1,0,49,1,0,2
180179,144,145,4,44,96,4,100,0,100,1,0,1,0,0,9,0,0,0,0,11,0,0,0,28,0,0,0,0,0,0,0,0,7,0,1,0,0,0,0,12,0,0,2,0,0,25,1,1,1
180180,273,276,14,101,161,11,172,0,172,3,0,1,0,0,4,0,0,1,0,6,0,0,0,43,0,0,0,0,0,0,0,0,23,0,0,0,0,0,0,39,0,0,12,0,0,36,1,0,3
180181,63,70,2,6,55,2,57,0,57,0,0,0,0,0,3,0,0,3,0,1,0,1,0,8,0,0,0,0,0,0,0,1,7,0,0,0,0,0,0,13,0,0,0,0,0,17,1,0,2
180182,951,957,35,378,542,31,573,0,573,5,1,3,0,0,26,0,0,8,0,16,0,0,0,175,0,0,0,0,8,0,0,0,39,0,0,0,0,0,0,75,0,0,36,0,0,168,11,1,1
180183,99,115,11,25,64,10,74,0,74,0,0,0,0,0,3,1,0,1,0,8,0,0,0,11,0,0,0,0,0,0,0,0,4,0,0,0,0,0,0,15,0,0,3,0,0,26,2,0,0
180184,222,236,18,74,133,15,148,0,148,1,0,1,1,0,4,0,1,2,0,11,0,0,1,48,0,0,0,0,0,0,0,0,14,0,2,0,0,0,0,14,0,0,9,0,0,36,3,0,0
180185,99,21,12,80,9,10,19,0,19,0,0,0,0,0,0,0,0,1,0,1,0,0,0,4,0,0,0,0,0,0,0,0,3,0,0,0,0,0,0,2,0,0,0,0,0,7,1,0,0
180186,1509,1495,16,588,909,12,921,0,921,10,1,2,1,0,78,0,0,14,1,89,0,2,1,242,0,0,1,0,13,0,0,0,90,0,1,1,0,0,0,172,1,0,88,0,1,103,2,2,5
180187,2049,1986,65,819,1175,55,1230,0,1230,16,1,2,3,0,64,1,0,17,0,134,1,3,0,308,2,2,1,1,14,0,0,1,156,1,7,0,0,0,2,235,0,1,74,1,3,151,4,4,20
180188,1572,1548,8,654,912,6,918,0,918,7,2,0,5,2,60,0,0,11,1,89,1,8,2,255,1,0,0,0,11,0,0,3,76,0,2,0,0,0,0,190,1,0,85,0,0,97,3,0,6
180189,1110,1103,34,484,600,26,626,0,626,9,0,3,2,0,55,0,0,11,0,56,0,0,0,134,1,1,1,0,4,0,1,3,75,0,2,0,0,0,0,124,0,0,59,0,2,74,4,1,4
180190,1230,1215,19,455,762,13,775,0,775,13,4,1,5,0,71,0,0,20,0,44,0,3,0,203,0,2,0,0,11,0,0,0,56,0,2,0,0,0,1,105,0,0,127,0,0,99,4,0,4
180191,1893,1881,24,684,1190,19,1209,0,1209,10,3,0,3,1,115,3,1,24,1,64,0,0,0,369,1,1,1,0,14,1,1,0,84,0,1,0,0,1,3,152,0,4,203,0,0,130,13,0,5
180192,1797,1773,16,671,1113,13,1126,0,1126,12,2,2,1,2,84,0,1,30,0,74,0,2,0,297,1,2,0,0,8,0,0,4,86,0,2,0,0,0,0,139,0,1,188,2,0,172,7,2,5
180193,2007,1988,68,844,1106,57,1163,0,1163,22,1,3,3,0,114,1,0,24,1,50,1,0,1,364,2,2,0,0,8,0,0,2,128,2,7,0,2,0,1,197,0,2,83,2,2,112,7,4,15
180194,2064,2041,28,807,1234,23,1257,0,1257,9,1,1,4,2,112,0,2,26,1,104,1,0,2,353,1,0,2,1,15,0,0,2,112,3,1,0,1,0,1,202,1,1,158,2,0,116,11,1,8
180195,303,300,21,119,169,15,184,0,184,1,1,0,1,0,2,0,0,5,0,17,0,1,0,37,0,0,1,1,1,0,0,1,32,0,0,0,0,0,0,35,0,0,6,0,0,37,2,1,2
180196,372,371,34,126,214,32,246,0,246,0,0,0,0,0,18,0,0,4,0,3,0,0,0,47,0,0,0,0,4,0,0,0,63,0,0,0,1,0,1,40,0,0,18,0,0,45,1,0,1
180197,402,400,35,154,220,28,248,0,248,0,1,1,0,0,8,0,2,4,0,11,0,2,0,51,0,0,0,0,3,0,0,0,39,0,1,0,0,0,0,65,0,0,5,0,4,48,2,0,1
180198,507,505,60,198,252,57,309,0,309,1,0,0,0,0,20,0,0,3,0,9,0,2,0,57,1,0,0,1,2,0,0,1,54,0,0,0,1,0,0,88,0,1,12,0,1,47,5,0,3
180199,444,436,18,159,268,17,285,0,285,2,0,0,0,0,10,0,0,3,0,8,0,0,0,44,1,2,0,0,1,0,0,0,49,0,1,0,0,0,3,91,0,0,14,0,0,49,5,1,1
180200,276,273,19,99,159,18,177,0,177,0,0,0,0,0,2,0,0,5,0,8,0,0,0,15,0,0,0,0,0,0,0,0,43,0,1,0,1,0,1,74,0,0,2,0,1,23,1,0,0
180201,522,516,20,274,234,14,248,0,248,7,0,0,0,1,16,0,0,1,0,9,0,0,1,78,0,0,0,0,0,0,0,0,65,2,0,0,0,0,0,35,0,0,12,0,0,14,2,3,2
180202,513,505,35,124,354,35,389,0,389,0,2,8,0,0,20,0,0,10,3,20,0,2,0,52,0,3,0,0,1,0,0,2,114,1,0,0,0,0,0,84,0,0,6,1,10,47,1,0,2
180203,267,266,19,104,144,19,163,0,163,3,0,1,0,0,4,0,0,4,0,8,0,0,0,16,0,5,1,0,4,0,0,0,43,0,0,1,0,0,0,50,0,0,1,0,0,22,0,0,0
180204,429,423,30,185,218,26,244,0,244,3,0,1,1,0,14,0,0,3,0,3,0,0,0,44,0,0,0,0,1,0,0,0,61,1,0,0,0,0,0,56,0,0,6,0,0,45,3,0,2
180205,504,497,12,187,307,10,317,0,317,7,0,1,1,0,24,0,0,5,0,11,1,0,1,70,1,1,0,0,0,0,0,0,51,3,0,0,0,0,0,71,0,1,5,2,0,53,6,1,1
180206,126,125,8,38,81,7,88,0,88,1,0,0,0,0,3,0,0,0,0,6,0,0,0,8,1,0,0,0,0,0,0,0,12,0,0,0,0,0,0,23,0,1,3,0,0,29,1,0,0
180207,315,313,15,90,213,12,225,0,225,2,0,0,0,0,15,0,0,4,0,10,0,1,1,56,0,0,0,0,0,0,0,0,43,0,0,0,1,0,0,48,0,0,6,0,0,37,0,0,1
180208,675,666,69,247,367,61,428,0,428,3,0,1,0,1,17,0,0,3,0,23,0,3,1,112,1,0,0,0,3,0,0,1,80,0,0,1,1,0,1,120,0,4,8,0,2,36,2,0,4
180209,306,285,20,103,186,17,203,0,203,1,0,0,0,0,11,0,0,1,0,12,0,0,1,40,0,0,0,0,0,0,0,0,49,0,0,0,0,0,0,55,0,0,1,0,0,30,1,1,0
180210,192,189,12,69,111,12,123,0,123,0,0,0,0,0,8,0,0,1,0,4,1,0,0,15,0,0,0,0,0,0,0,0,39,0,0,0,0,0,0,34,0,0,4,0,0,14,0,2,1
180211,954,945,77,451,438,65,503,0,503,2,0,0,4,2,26,0,0,1,0,24,0,0,0,104,0,1,0,1,9,0,0,0,97,0,2,0,0,0,0,97,0,0,39,0,2,86,2,1,3
180212,255,249,3,103,149,3,152,0,152,2,0,0,0,0,8,0,0,1,0,10,0,0,0,35,0,0,0,0,0,0,0,0,36,1,0,0,1,0,0,24,0,0,7,0,0,23,4,0,0
180213,387,383,6,169,212,6,218,0,218,2,2,0,0,0,25,1,0,6,0,17,0,0,0,53,2,0,0,0,8,0,0,1,43,0,1,0,0,0,0,20,0,1,4,0,0,29,1,0,2
180214,408,404,17,156,240,12,252,0,252,1,0,0,1,0,11,0,0,1,0,13,0,0,0,52,0,0,0,0,0,0,0,1,63,0,0,0,0,0,0,58,0,2,4,0,1,42,1,0,1
180215,324,323,16,128,183,13,196,0,196,1,0,5,0,0,6,1,0,4,0,11,0,0,0,17,0,0,0,0,0,0,0,0,53,0,0,0,0,0,0,51,0,1,5,0,0,38,3,0,0
180216,501,494,19,185,300,16,316,0,316,5,0,0,1,0,15,0,0,15,0,15,0,7,0,100,0,0,0,0,5,0,0,0,45,0,0,0,0,0,1,49,0,0,26,0,0,30,2,0,0
180217,183,184,5,57,121,5,126,0,126,1,0,0,0,0,6,0,0,2,0,2,0,0,0,48,0,0,0,0,0,0,0,0,29,0,1,0,0,0,0,18,0,0,2,0,1,14,2,0,0
180218,207,204,14,76,118,13,131,0,131,3,0,0,0,0,14,0,0,5,0,19,0,0,1,32,0,0,0,0,1,0,0,0,21,0,0,0,0,0,0,13,0,0,6,0,0,11,1,0,4
180219,417,404,6,165,247,5,252,0,252,0,1,1,1,0,31,0,0,5,0,14,0,2,0,72,0,0,0,0,6,0,0,0,45,0,0,0,0,0,0,29,0,1,13,0,1,27,2,1,0
180220,288,284,13,105,172,11,183,0,183,5,0,0,1,0,23,0,1,2,0,11,0,2,0,45,0,0,1,0,5,1,0,1,28,0,0,0,0,0,0,22,1,0,12,0,0,18,1,2,1
180221,153,151,13,47,94,12,106,0,106,1,0,0,0,0,13,0,0,6,1,5,0,0,0,14,0,0,0,0,0,0,0,1,23,1,1,0,0,0,0,19,0,0,10,0,0,9,2,0,0
180222,303,301,46,120,141,42,183,0,183,6,0,1,0,0,16,0,0,5,0,5,0,0,0,41,1,0,0,0,1,0,0,1,33,0,0,0,0,0,1,40,0,2,10,0,0,19,1,0,0
180223,312,312,29,118,170,24,194,0,194,2,1,2,0,1,33,1,0,1,0,1,0,0,0,54,1,0,0,0,0,0,0,0,37,0,0,0,0,0,0,17,0,0,5,0,0,27,1,4,6
180224,255,253,40,86,131,38,169,0,169,5,0,0,2,0,15,0,0,2,0,8,0,1,0,33,0,0,0,0,1,0,0,1,39,0,1,0,0,0,0,23,1,1,8,0,0,20,6,1,1
180225,171,37,12,138,25,8,33,0,33,0,0,0,0,0,1,0,0,0,0,1,0,0,0,5,0,0,0,0,0,0,0,0,7,0,0,0,0,0,0,10,0,0,3,0,0,6,0,0,0
180440,2031,2022,21,609,1404,18,1422,0,1422,20,0,0,2,1,77,0,0,26,1,99,0,4,2,468,1,2,2,0,38,2,0,1,79,0,5,0,0,0,0,250,0,0,140,0,1,181,7,1,12
180441,1614,1605,17,586,1015,13,1028,0,1028,11,1,0,4,0,32,0,0,12,1,68,2,7,0,402,0,1,0,1,19,0,1,0,65,0,5,0,0,0,1,143,0,0,81,0,1,152,7,1,10
180442,501,503,2,187,312,2,314,0,314,6,0,0,1,0,21,0,0,3,1,22,0,0,0,111,0,0,1,0,4,1,0,0,30,1,0,0,0,1,1,47,0,0,20,0,0,37,5,0,1
180443,600,605,6,209,386,5,391,0,391,3,4,1,2,0,25,0,0,6,0,23,0,0,1,144,0,0,0,0,10,0,0,1,25,0,0,0,0,0,1,38,0,0,49,0,0,53,4,1,0
180444,2259,2237,27,836,1402,21,1423,0,1423,18,2,2,4,1,83,0,0,25,0,92,0,6,0,522,1,2,0,1,28,4,0,2,80,1,1,0,1,0,0,220,0,1,99,0,1,206,8,2,10
180446,2028,2017,18,713,1298,17,1315,0,1315,11,0,1,3,0,60,1,0,18,0,114,0,4,1,427,0,1,1,0,25,1,0,0,77,0,2,0,1,0,1,245,0,1,137,0,0,173,6,2,2
180447,2058,2040,15,690,1355,13,1368,0,1368,15,5,0,2,1,79,1,0,22,0,122,0,4,1,466,1,2,3,2,22,0,0,2,76,0,6,0,1,0,2,217,1,1,96,0,1,202,7,0,8
180448,1962,1942,27,704,1240,18,1258,0,1258,12,0,1,3,2,73,0,0,17,1,82,0,5,0,482,1,0,0,0,22,3,1,0,56,2,0,0,1,0,2,168,0,2,89,1,2,213,12,0,5
180449,2049,2024,21,652,1382,15,1397,0,1397,17,0,1,3,0,84,0,0,16,0,117,1,7,1,514,0,0,0,0,15,1,1,1,77,2,6,0,0,0,0,223,0,0,113,1,0,184,6,1,5
180450,2172,2137,25,766,1386,20,1406,0,1406,15,0,2,2,1,87,0,1,15,0,107,0,8,1,527,0,4,0,0,20,2,0,2,60,0,5,0,0,0,0,207,0,2,119,0,0,211,3,0,5
180451,2067,2044,14,781,1275,11,1286,0,1286,17,1,0,1,0,42,0,1,13,0,106,1,15,0,487,0,0,0,0,19,2,0,1,88,2,2,0,1,0,1,196,0,1,96,1,0,180,5,2,5
180452,252,252,20,77,155,20,175,0,175,1,0,0,1,0,10,0,0,1,0,10,0,1,0,41,0,0,0,0,4,0,0,0,15,0,2,0,0,0,0,30,1,0,5,0,0,52,1,0,0
180453,705,702,8,286,412,7,419,0,419,3,0,0,1,0,29,1,0,4,0,26,0,0,0,96,0,0,1,1,6,0,0,0,53,1,1,0,0,0,1,56,0,0,12,0,0,115,11,1,0
180454,99,100,0,29,70,0,70,0,70,0,0,0,0,0,3,0,0,0,0,2,0,0,0,15,0,0,0,0,1,0,0,0,5,0,0,0,0,0,0,11,0,0,1,0,0,32,0,0,0
180455,126,122,9,46,76,4,80,0,80,0,0,0,0,0,6,1,0,0,0,11,0,0,0,12,0,0,0,0,1,0,0,0,21,0,0,0,0,0,0,8,0,0,0,0,0,19,0,0,1
180456,180,186,8,62,111,7,118,0,118,3,0,0,0,0,7,0,0,2,0,11,0,1,0,20,0,0,0,0,2,0,1,0,9,0,0,0,0,0,0,24,0,0,2,0,1,30,3,0,2
180457,192,190,28,46,121,25,146,0,146,1,0,0,0,0,2,0,0,0,0,13,0,0,0,20,0,0,0,0,2,0,0,0,39,0,1,0,0,0,1,29,0,0,2,0,1,33,1,0,1
180458,396,402,41,133,228,35,263,0,263,3,1,1,0,1,9,0,0,3,1,24,0,0,0,67,1,1,0,0,3,0,0,0,36,0,0,0,0,0,1,43,0,0,11,0,0,57,0,0,0
180459,360,360,39,124,207,29,236,0,236,4,0,0,0,0,7,0,0,3,0,12,0,1,0,63,0,0,0,1,1,0,0,0,42,0,0,0,0,0,1,32,0,0,6,0,0,58,4,0,1
180460,153,153,19,38,97,18,115,0,115,0,0,0,0,0,3,0,0,0,0,9,0,1,0,22,0,0,0,1,1,0,0,0,27,0,0,0,0,0,0,17,1,0,4,2,0,25,1,0,1
180461,522,522,59,145,329,48,377,0,377,5,0,0,1,0,15,0,0,1,0,32,0,0,1,87,0,0,0,0,8,0,0,0,64,0,0,0,0,0,0,68,0,1,14,0,1,71,4,0,4
180462,246,250,9,90,150,6,156,0,156,4,0,0,0,0,6,0,0,1,0,6,0,0,0,30,0,0,0,0,1,0,0,0,18,0,0,0,0,0,0,39,0,0,11,0,1,33,2,1,3
180463,117,116,5,34,80,3,83,0,83,0,0,0,0,0,11,0,0,0,0,3,0,1,0,21,0,1,0,0,3,0,0,0,10,0,0,0,0,0,1,15,0,0,3,0,0,14,0,0,0
180464,63,67,8,17,39,7,46,0,46,0,0,0,0,0,1,0,0,1,0,0,0,0,0,9,0,0,0,0,6,0,0,0,4,0,0,0,0,0,0,15,0,0,0,0,2,8,0,0,0
180465,399,399,3,139,257,3,260,0,260,1,0,0,0,0,17,0,0,8,0,11,0,0,0,91,0,0,0,0,1,0,0,0,35,0,0,0,0,0,0,50,0,0,14,0,0,29,2,1,0
180466,477,479,7,165,305,7,312,0,312,2,0,0,0,1,59,0,0,7,0,11,0,1,0,116,0,0,0,0,3,0,0,1,34,0,0,0,0,1,0,29,0,0,7,0,0,35,4,1,0
180467,381,377,25,140,218,23,241,0,241,6,0,1,0,0,4,0,0,2,1,16,1,0,0,66,0,0,0,1,6,0,0,0,30,1,0,1,0,0,2,33,1,0,9,0,0,52,5,0,3
180468,357,353,13,118,227,12,239,0,239,3,0,0,0,0,9,0,0,1,0,26,0,0,0,66,1,0,0,0,12,1,0,0,18,0,0,0,0,0,0,30,0,0,13,0,1,53,4,0,1
180469,114,114,6,40,71,3,74,0,74,1,0,1,0,0,3,0,0,2,0,5,0,1,0,21,0,0,0,0,1,0,0,0,9,0,0,0,0,0,0,14,0,0,0,0,1,15,0,0,0
180470,266,270,25,24,219,23,242,0,242,6,0,0,0,0,11,0,0,5,0,3,0,0,0,53,0,0,0,0,4,0,0,3,27,1,0,0,0,1,0,26,0,0,9,0,0,90,1,0,2
180471,288,287,36,64,192,32,224,0,224,2,1,0,0,1,9,0,0,4,0,14,0,0,0,47,0,0,0,0,7,0,0,1,38,0,0,0,0,0,1,47,0,0,4,0,1,45,1,0,1
180472,132,134,3,38,91,3,94,0,94,1,1,0,0,0,1,0,0,0,0,0,0,0,0,12,0,0,1,0,5,0,0,1,13,0,0,0,0,0,0,19,0,0,0,0,0,39,1,0,0
180473,402,397,29,136,238,28,266,0,266,2,0,2,0,1,12,0,0,1,0,17,0,0,0,72,0,0,0,0,3,1,1,0,40,0,0,0,1,0,1,44,0,0,17,0,2,41,6,1,1
180474,555,557,41,179,341,35,376,0,376,2,0,0,2,0,16,0,0,10,0,20,0,0,0,110,0,1,1,0,1,0,0,0,44,0,0,0,0,0,1,77,0,0,20,0,0,64,4,1,2
180475,102,106,11,17,74,11,85,0,85,0,0,1,0,1,6,0,0,0,0,7,0,0,0,19,0,0,0,0,4,0,0,0,13,0,1,0,0,0,0,5,0,0,3,0,0,23,2,0,0
180476,1137,1131,52,406,686,45,731,0,731,4,0,1,1,0,30,2,0,10,0,33,0,6,0,274,0,0,0,0,10,0,0,2,67,0,3,1,0,0,0,98,0,0,60,0,1,110,12,2,4
180477,999,983,24,449,531,19,550,0,550,14,0,0,0,0,35,2,0,12,0,59,0,4,0,105,1,0,0,0,5,0,0,0,72,1,1,0,0,0,0,90,0,0,37,0,0,111,1,0,0
180478,510,507,28,164,323,23,346,0,346,2,0,0,0,2,7,0,1,1,0,24,0,0,1,102,0,0,0,0,0,0,0,0,58,1,0,0,0,0,0,58,0,0,12,0,0,74,1,0,2
180479,231,231,9,73,153,5,158,0,158,2,1,0,0,0,1,0,2,0,0,20,0,0,0,43,0,0,0,0,1,0,0,1,15,0,1,0,0,0,0,32,0,0,5,0,0,32,2,0,0
180480,141,149,11,43,87,11,98,0,98,2,0,0,0,0,5,0,0,0,0,7,0,1,0,28,0,0,0,0,0,0,0,1,4,0,0,0,0,0,0,22,0,0,3,0,1,21,2,0,1
180481,231,230,4,84,144,3,147,0,147,2,0,0,0,0,5,0,0,3,0,8,0,1,0,48,0,0,0,0,3,1,0,1,8,0,0,0,0,0,0,15,0,0,3,0,0,46,0,0,3
180482,183,185,6,43,134,6,140,0,140,1,0,1,0,1,4,1,0,0,0,7,0,0,0,33,1,0,1,0,4,0,0,0,25,0,0,0,0,0,0,33,0,1,7,0,0,18,1,0,1
180483,174,181,11,42,123,9,132,0,132,1,0,0,0,0,7,0,0,0,1,6,1,0,0,21,1,0,0,0,2,0,0,0,28,0,0,0,0,0,0,22,0,0,2,0,0,39,1,0,0
180484,948,944,64,272,614,62,676,0,676,3,0,0,2,2,46,0,0,9,0,27,0,2,1,258,1,0,0,0,26,0,0,0,39,0,0,0,0,0,1,79,0,0,50,1,1,121,3,1,3
180485,204,203,21,74,112,18,130,0,130,0,0,0,0,0,9,0,0,2,0,9,0,1,1,45,0,0,0,0,0,0,0,0,11,0,0,0,0,0,0,9,0,0,13,0,0,26,2,0,2
180486,198,34,13,174,11,13,24,0,24,0,0,0,0,0,3,0,0,1,0,3,0,0,0,2,0,0,0,0,0,0,0,1,4,0,0,0,0,0,0,3,0,0,0,0,0,7,0,0,0
180563,1152,1137,41,389,725,38,763,0,763,9,1,1,2,1,28,0,0,9,0,55,0,2,0,220,2,0,0,0,6,0,0,0,70,0,1,0,0,0,1,166,0,0,42,0,1,133,7,0,6
180564,1545,1514,28,681,837,27,864,0,864,13,0,2,7,1,56,0,0,26,0,43,0,0,1,178,2,3,0,1,5,0,0,2,92,0,1,0,0,0,3,179,0,1,51,0,0,188,5,1,3
180565,396,388,7,187,202,7,209,0,209,3,0,0,0,0,24,0,0,3,0,15,0,0,1,51,0,0,0,0,3,1,0,0,19,0,0,0,0,0,1,45,1,0,11,1,0,28,1,0,1
180566,543,536,23,237,284,22,306,0,306,3,2,0,1,0,15,0,0,6,0,15,0,0,1,56,0,0,0,0,1,0,0,2,36,0,1,0,0,0,0,60,0,1,16,0,0,81,7,2,0
180567,420,410,24,157,241,22,263,0,263,4,0,1,1,1,10,0,0,10,1,14,0,0,0,57,0,0,0,0,2,0,0,0,25,0,0,0,0,0,0,40,1,0,15,0,0,73,5,1,2
180568,216,225,18,49,149,18,167,0,167,2,0,2,0,0,24,0,0,3,0,6,0,0,0,38,0,0,0,0,1,0,0,0,13,1,0,0,0,0,0,34,0,0,4,0,2,32,2,2,1
180569,186,177,13,90,83,13,96,0,96,1,0,0,2,1,5,0,0,4,0,2,0,0,0,16,0,0,0,0,1,0,0,0,12,0,0,0,0,0,0,10,0,0,0,0,0,41,1,0,0
180570,240,245,12,97,134,9,143,0,143,3,0,2,0,0,6,0,0,7,0,8,0,0,0,26,0,1,0,0,1,0,0,1,21,0,0,0,0,0,0,16,0,0,5,0,0,46,0,0,0
180571,441,433,25,164,252,25,277,0,277,3,0,0,1,1,15,1,1,0,0,23,0,0,0,71,0,1,0,0,1,0,0,0,33,0,0,0,0,0,1,59,0,0,9,0,0,51,4,0,2
180572,474,483,34,179,263,32,295,0,295,2,0,0,0,0,14,0,0,4,0,11,1,1,0,90,0,0,0,0,1,0,0,0,25,0,2,0,0,0,0,45,0,1,10,0,0,82,4,0,2
180573,303,308,16,106,183,14,197,0,197,2,0,1,0,0,7,0,0,4,0,9,0,0,0,33,0,1,0,0,0,0,0,0,21,0,0,0,0,0,0,31,0,0,20,0,0,66,2,0,0
180574,99,95,2,29,68,2,70,0,70,0,1,0,0,0,3,0,0,7,0,3,0,0,0,6,0,0,0,0,1,0,0,0,5,0,0,0,0,0,0,16,0,0,3,0,0,24,0,0,1
180575,330,321,32,88,211,31,242,0,242,1,0,1,0,0,18,1,0,10,0,18,0,0,2,36,0,0,0,0,1,0,0,0,32,1,0,0,0,0,0,39,0,0,6,0,0,68,4,1,3
180576,132,131,8,38,86,8,94,0,94,2,0,1,0,0,3,0,0,6,0,4,0,0,0,19,0,0,0,0,0,0,0,1,7,0,1,0,0,0,0,13,1,0,0,0,0,36,0,0,0
180577,228,226,7,75,147,6,153,0,153,2,0,0,0,0,7,0,0,6,0,5,0,0,0,37,0,0,0,0,0,2,0,0,10,1,0,0,0,0,1,25,0,0,3,0,0,53,1,0,0
180578,90,90,5,29,56,5,61,0,61,0,0,0,0,0,3,0,0,2,0,2,0,0,0,4,0,0,0,0,0,0,0,0,16,0,0,0,0,0,0,12,0,0,3,0,1,16,2,0,0
180579,321,319,13,118,191,12,203,0,203,2,1,0,1,0,9,0,0,1,0,10,0,0,2,48,0,0,0,0,2,0,0,0,29,0,1,0,0,0,1,35,0,2,8,0,0,45,4,0,2
180580,138,140,8,48,83,7,90,0,90,1,0,0,0,0,9,0,0,5,0,1,0,0,0,18,0,0,0,0,2,0,0,0,17,1,0,0,0,0,0,17,0,0,1,0,0,18,0,0,0
180581,81,81,0,25,56,0,56,0,56,0,0,2,0,0,2,0,0,4,0,1,1,0,0,5,0,0,0,0,1,0,0,0,11,0,0,0,0,0,0,15,0,0,1,0,0,13,0,0,0
180582,285,278,20,97,168,20,188,0,188,2,0,1,0,0,16,0,0,3,1,11,0,0,0,36,1,0,0,0,2,0,0,2,16,1,0,0,0,0,3,38,0,1,5,0,0,45,3,0,1
180583,102,102,11,27,64,11,75,0,75,0,0,0,0,0,2,0,0,4,0,6,0,0,0,9,0,0,0,0,1,0,0,2,6,0,0,0,0,0,0,6,0,0,0,0,0,38,1,0,0
180584,543,537,43,195,306,42,348,0,348,7,0,2,0,0,20,1,0,4,0,5,0,0,1,99,0,0,0,0,1,0,0,0,70,0,1,0,0,0,0,45,0,0,15,0,1,73,1,0,2
180585,303,309,14,99,192,12,204,0,204,1,0,0,0,0,7,0,0,2,0,18,0,0,0,42,0,0,0,0,1,0,0,0,21,0,0,0,0,0,1,47,0,0,8,0,0,51,5,0,0
180586,216,221,13,83,121,12,133,0,133,1,0,0,0,0,6,0,0,3,0,7,0,0,0,35,0,0,0,0,1,0,0,1,6,1,0,0,0,0,0,37,0,0,5,0,0,26,1,0,3
180587,714,706,6,235,475,4,479,0,479,0,0,1,2,2,18,0,0,3,0,29,1,0,0,153,1,0,0,0,2,1,0,1,37,0,0,0,0,0,2,99,0,0,25,0,1,96,4,0,1
180588,198,197,14,75,109,14,123,0,123,0,0,1,0,0,6,0,0,1,1,3,1,0,0,32,0,0,0,0,0,0,0,0,19,0,1,0,0,0,0,18,0,0,6,0,0,31,1,0,2
180589,168,170,14,53,101,14,115,0,115,0,0,0,1,0,7,0,0,1,0,8,1,0,0,16,0,0,0,0,0,1,0,0,16,0,0,0,0,0,2,14,0,0,3,0,0,40,1,0,4
180590,162,160,14,77,75,10,85,0,85,0,0,0,0,0,3,0,0,3,0,0,0,0,0,16,0,0,0,0,1,0,0,0,10,0,0,0,0,0,0,14,1,0,1,0,0,32,3,1,0
180591,159,154,24,76,59,24,83,0,83,1,0,0,0,0,7,0,0,2,0,7,0,0,0,14,0,1,0,0,0,0,0,2,7,0,0,0,0,0,0,12,0,0,1,0,0,29,0,0,0
180592,405,406,36,129,242,34,276,0,276,1,0,0,1,0,30,0,0,7,0,13,0,0,0,46,0,0,0,0,1,2,0,1,44,1,0,0,0,0,1,35,0,1,22,0,0,62,7,1,0
180593,357,358,36,103,221,33,254,0,254,2,0,1,0,0,6,0,0,3,0,9,0,0,0,60,0,0,0,0,0,0,0,1,21,0,0,0,0,0,0,67,0,0,13,0,0,64,3,1,3
180594,513,512,37,170,307,36,343,0,343,2,2,0,1,0,26,0,0,2,0,14,0,0,0,89,1,0,0,0,2,0,0,0,18,0,0,0,0,0,1,63,0,0,8,0,0,112,2,0,0
180595,132,135,7,35,90,7,97,0,97,1,0,0,0,1,9,0,0,3,0,5,0,0,0,27,0,0,0,0,0,0,0,0,5,1,0,0,0,0,0,15,0,0,5,0,0,25,0,0,0
180596,375,372,34,150,193,32,225,0,225,3,0,0,3,0,9,1,0,4,0,17,0,0,0,38,0,0,1,0,1,0,0,2,42,0,3,0,0,0,0,24,0,0,6,0,0,65,2,1,3
180597,414,419,19,136,259,19,278,0,278,3,0,1,0,0,4,0,0,2,0,4,0,0,0,85,0,0,2,0,0,0,0,0,33,0,0,0,0,0,0,41,0,0,13,0,0,85,3,0,2
180598,231,228,6,75,150,6,156,0,156,5,0,1,0,0,3,0,0,2,0,7,0,0,0,47,0,0,0,0,0,0,0,0,21,0,0,0,0,0,0,31,0,0,3,0,0,31,1,0,4
180599,276,276,5,67,204,5,209,0,209,1,0,0,0,0,10,0,0,7,0,17,0,0,0,53,0,0,0,0,2,0,0,0,3,0,0,0,0,0,0,43,0,0,10,0,0,57,5,1,0
180600,147,145,12,42,93,12,105,0,105,0,0,0,0,0,8,0,0,4,0,3,0,0,1,18,0,0,0,0,0,0,0,0,10,0,1,0,0,0,0,16,0,1,4,0,0,38,1,0,0
180601,630,635,39,226,365,39,404,0,404,1,1,0,0,1,14,0,0,5,0,17,0,0,2,110,1,0,0,0,1,0,0,0,30,0,0,0,0,0,1,85,2,0,21,0,0,110,2,0,0
180602,207,204,21,74,112,21,133,0,133,3,0,0,0,0,1,0,0,4,0,8,0,0,0,26,0,0,0,0,0,0,0,0,23,0,0,0,0,0,0,26,0,0,4,0,0,34,4,0,0
180603,489,485,26,176,288,25,313,0,313,1,0,0,2,0,13,1,0,5,0,10,0,0,1,93,0,0,0,0,3,0,0,0,25,0,0,0,0,0,0,63,0,0,24,0,0,68,0,2,2
180604,336,336,44,118,174,44,218,0,218,0,1,0,0,1,15,0,0,1,0,17,0,0,0,52,0,0,0,0,0,0,0,0,24,0,0,0,0,1,0,43,0,0,10,1,0,46,4,0,2
180605,60,16,0,46,14,0,14,0,14,1,0,0,0,0,2,0,0,0,0,1,0,0,0,1,0,0,0,0,0,0,0,0,1,0,0,0,0,0,0,0,0,0,2,0,0,6,0,0,0
180606,1920,1921,9,786,1125,9,1134,0,1134,11,0,2,1,3,103,1,0,26,0,37,0,2,0,401,2,3,0,0,2,0,0,2,140,4,3,0,0,0,0,106,1,0,36,0,0,225,2,2,19
180607,366,367,4,133,229,4,233,0,233,1,2,0,0,0,8,0,0,5,0,14,0,0,0,50,0,1,0,0,6,0,0,1,43,0,1,0,0,0,1,42,1,0,6,0,0,50,1,0,0
180608,156,163,5,41,110,5,115,0,115,0,0,0,0,0,11,0,0,2,0,2,1,0,0,28,0,0,0,0,0,0,0,0,23,0,0,0,0,0,0,19,1,0,1,0,1,26,0,0,0
180609,348,341,4,153,191,4,195,0,195,4,1,1,0,0,30,0,0,4,1,8,0,0,1,40,1,1,0,0,0,0,0,1,41,0,0,0,0,0,0,19,0,1,7,0,0,32,2,0,0
180610,93,91,4,35,54,4,58,0,58,1,0,0,0,0,4,0,0,2,0,6,1,0,0,4,0,0,0,0,0,0,0,0,9,0,0,0,0,0,0,16,0,0,0,0,0,14,1,0,0
180611,93,90,0,35,58,0,58,0,58,1,0,0,0,0,6,0,1,1,0,1,0,0,0,6,0,0,0,0,0,0,0,1,10,0,0,0,0,0,1,17,0,0,0,0,0,7,0,1,5
180612,150,151,14,48,90,12,102,0,102,0,0,0,0,0,7,0,0,2,0,1,0,0,0,21,0,0,0,0,0,0,0,1,5,0,0,0,0,0,0,16,0,0,4,0,0,42,1,1,1
180613,267,260,15,123,129,15,144,0,144,1,1,0,0,0,22,0,0,8,0,7,0,0,0,24,0,0,0,0,0,0,0,0,16,0,0,0,0,0,0,29,0,0,3,0,0,30,2,0,1
180614,276,274,2,96,178,2,180,0,180,0,0,1,0,0,14,1,0,4,0,3,0,0,0,49,0,0,0,0,0,0,0,0,44,0,0,0,0,0,1,34,0,0,3,0,0,24,1,0,1
180615,177,169,11,48,118,11,129,0,129,1,0,0,0,0,12,0,0,5,0,6,0,0,0,8,0,0,0,0,0,0,0,0,18,0,0,0,0,0,0,50,0,0,0,0,0,29,0,0,0
180616,405,401,31,121,254,30,284,0,284,5,0,0,0,0,42,0,0,18,1,10,0,1,0,56,0,0,0,0,0,0,0,1,34,1,1,0,0,0,0,28,0,0,9,0,0,71,5,0,1
180617,225,223,31,59,135,31,166,0,166,5,0,0,1,0,14,0,0,3,0,1,0,0,0,18,0,0,0,0,0,0,0,0,44,3,1,0,0,0,1,28,0,0,0,0,0,47,0,0,0
180618,147,142,0,68,79,0,79,0,79,3,0,0,0,0,3,0,0,0,0,8,0,0,0,16,0,0,0,0,1,0,0,1,8,0,0,0,0,0,0,16,0,0,1,0,0,19,3,0,0
180619,192,193,19,53,120,19,139,0,139,0,1,0,0,0,18,0,0,1,0,1,0,0,1,26,0,0,1,0,0,0,0,0,27,0,0,0,0,0,0,29,0,0,3,0,2,24,4,0,1
180620,207,216,10,41,156,10,166,0,166,0,1,0,1,0,19,1,0,5,0,6,0,0,0,40,0,0,0,0,0,0,0,1,26,0,0,0,0,0,0,19,0,0,2,0,0,41,4,0,0
180621,330,324,20,91,220,19,239,0,239,1,0,0,1,0,14,0,0,0,0,7,0,0,0,49,0,0,0,0,1,0,0,0,23,1,1,0,0,0,0,65,0,0,8,0,0,63,5,0,0
180622,315,310,6,113,196,6,202,0,202,3,0,0,0,0,10,0,0,9,0,4,0,0,0,45,0,0,0,0,0,0,0,2,37,0,0,0,0,0,0,37,0,0,4,0,0,48,1,0,2
180623,336,344,20,117,199,20,219,0,219,1,3,1,0,0,36,0,0,6,0,10,0,1,0,38,0,1,0,0,1,0,0,0,51,0,1,0,0,0,0,26,0,0,9,0,0,26,2,2,4
180624,216,217,18,59,140,17,157,0,157,0,1,1,0,0,15,0,2,2,0,2,0,0,1,19,0,0,0,0,0,0,0,1,37,1,0,0,0,0,0,32,0,0,2,0,0,35,6,0,0
180625,183,185,10,45,128,10,138,0,138,2,0,0,0,0,14,0,0,2,0,2,0,0,0,27,0,0,0,0,0,0,0,0,18,0,0,0,0,0,1,28,0,0,3,0,0,35,5,0,1
180626,183,185,14,51,118,14,132,0,132,2,0,0,0,1,6,0,0,17,0,6,0,0,0,27,0,0,0,0,1,0,1,0,30,0,0,0,0,0,0,15,0,0,7,1,0,15,1,1,1
180627,87,25,2,73,12,2,14,0,14,0,0,0,0,0,3,0,0,0,0,1,0,0,0,1,0,0,0,0,0,0,0,0,1,0,0,0,0,0,0,2,0,0,0,0,0,4,1,0,1
180913,741,747,2,277,462,2,464,0,464,4,0,0,2,0,31,0,0,3,0,45,1,0,0,142,0,0,0,0,9,0,0,0,25,0,0,0,0,0,1,113,0,1,16,0,0,64,3,1,3
180914,1059,1046,1,426,633,0,633,0,633,6,1,0,4,0,45,0,0,13,0,67,0,0,0,143,0,1,0,0,13,2,0,0,30,1,1,0,0,0,1,154,0,0,46,0,0,99,5,0,1
180915,1401,1376,7,583,811,7,818,0,818,6,1,0,1,1,58,1,0,14,2,71,2,0,0,212,0,1,0,0,10,0,0,0,42,0,2,0,0,0,1,174,0,2,62,0,0,142,7,3,3
180916,1221,1196,4,532,685,4,689,0,689,14,0,1,7,0,39,0,0,13,0,90,1,0,1,160,0,0,0,0,14,1,0,2,27,0,0,1,0,0,0,150,0,1,37,0,0,123,2,0,5
180917,1233,1210,0,485,748,0,748,0,748,8,0,0,3,0,39,1,0,9,0,77,0,0,1,185,0,1,0,0,11,4,0,0,32,1,4,1,0,0,0,140,0,1,64,0,2,158,3,1,2
180918,1842,1806,11,705,1128,9,1137,0,1137,9,2,3,7,2,68,0,1,11,0,159,1,0,0,254,0,2,0,0,14,2,2,1,36,0,4,1,0,0,3,283,1,0,61,1,1,192,8,1,7
180919,1302,1287,8,560,735,7,742,0,742,11,0,2,5,2,43,0,1,9,1,87,0,1,0,205,0,0,1,0,9,0,1,1,49,0,3,0,0,0,0,154,0,0,28,0,0,126,1,0,2
180920,1650,1629,31,671,956,23,979,0,979,14,5,0,3,1,49,0,0,17,0,100,3,0,2,258,0,3,0,0,11,2,2,0,62,0,0,1,0,0,0,217,0,2,45,0,2,159,7,4,10
180921,462,461,2,184,276,2,278,0,278,7,0,0,2,0,6,0,1,4,0,46,0,0,0,75,1,3,0,0,6,0,0,0,14,0,1,0,0,0,1,66,0,0,13,0,1,29,0,1,1
180922,153,153,8,46,99,8,107,0,107,0,0,0,1,0,0,0,0,0,0,15,0,0,0,23,0,0,0,0,0,1,0,0,10,0,0,0,0,0,0,21,0,0,7,0,0,24,5,0,0
180923,708,701,33,299,378,31,409,0,409,8,0,0,1,0,37,0,1,2,0,14,0,0,0,120,0,0,0,0,3,0,0,0,48,0,3,0,0,0,0,58,0,0,5,0,1,103,2,1,2
180924,567,567,66,170,333,64,397,0,397,9,0,0,0,1,18,0,0,1,0,26,1,1,0,53,0,0,1,0,1,0,0,2,43,0,0,0,0,0,0,147,0,1,14,0,2,73,0,1,2
180925,522,524,38,172,314,36,350,0,350,4,0,0,0,0,13,0,0,0,0,8,0,2,1,80,0,2,0,0,6,0,0,2,43,1,0,0,1,0,1,104,0,0,7,0,0,68,4,1,2
180926,597,592,28,201,370,26,396,0,396,6,0,1,1,0,9,0,0,0,0,45,1,0,0,84,0,0,0,0,3,2,0,1,42,1,0,0,0,0,0,114,1,1,9,0,2,67,5,0,1
180927,183,188,18,63,105,15,120,0,120,1,0,0,1,0,6,0,1,0,0,1,0,0,0,26,0,0,0,0,0,0,0,0,23,0,0,0,0,0,0,34,0,0,0,0,0,25,2,0,0
180928,459,453,40,179,244,36,280,0,280,7,0,0,0,0,21,0,0,0,1,20,0,0,0,64,0,0,0,0,0,0,0,0,34,1,0,0,0,0,1,49,0,0,11,0,3,66,0,2,0
180929,426,426,29,128,272,26,298,0,298,3,1,0,0,0,11,0,0,4,0,37,0,0,0,66,0,0,0,0,4,0,0,1,51,0,1,0,0,0,0,59,0,0,2,0,2,51,3,0,2
180930,1041,1031,40,423,581,37,618,0,618,5,0,1,1,0,29,0,0,3,0,62,0,0,1,155,0,1,0,0,9,0,0,1,95,0,1,0,0,0,0,110,0,0,38,0,2,96,6,0,2
180931,147,148,16,25,106,16,122,0,122,1,0,0,0,0,2,0,0,0,0,4,0,0,0,11,0,0,0,0,0,0,0,0,24,0,0,0,0,0,0,35,0,0,0,0,0,42,3,0,0
180932,69,67,8,22,39,8,47,0,47,0,0,0,0,0,4,0,0,0,0,2,0,0,0,6,0,0,0,0,0,0,0,0,11,0,0,0,0,0,0,13,0,0,0,0,0,11,0,0,0
180933,60,60,7,19,34,7,41,0,41,1,0,0,0,0,1,0,0,0,0,0,0,0,0,0,0,0,0,0,0,0,0,0,9,0,0,0,0,0,1,19,0,0,0,0,0,10,0,0,0
180934,360,381,24,124,213,23,236,0,236,4,0,1,0,0,8,0,0,0,0,18,0,0,0,57,0,0,0,0,4,0,0,0,23,0,0,0,0,0,2,54,0,0,14,0,0,49,2,0,0
180936,381,382,30,125,226,30,256,0,256,5,0,0,0,1,9,0,0,0,0,8,0,1,0,32,0,0,0,0,2,0,0,3,62,0,1,0,0,0,1,63,0,0,6,0,1,58,2,0,1
180937,345,343,37,144,164,37,201,0,201,1,0,0,1,0,23,0,0,0,0,17,0,0,0,35,0,0,0,0,0,0,0,0,33,0,0,1,0,0,1,54,0,0,3,0,0,29,3,0,0
180938,459,452,18,167,276,16,292,0,292,2,0,0,2,0,17,0,0,4,0,16,1,0,1,82,0,0,1,0,9,0,0,1,25,1,0,0,0,0,0,73,0,0,7,0,0,40,8,1,1
180939,312,312,35,80,200,32,232,0,232,3,0,0,2,0,4,0,0,0,0,9,0,1,0,25,1,0,0,0,4,0,0,0,33,0,1,0,0,0,3,94,1,2,10,0,0,33,5,1,0
180940,63,62,11,17,37,9,46,0,46,0,0,0,0,1,5,0,0,0,0,3,0,0,0,0,0,0,0,0,0,0,0,0,4,0,0,0,0,0,0,6,0,0,2,0,0,24,1,0,0
180941,99,96,18,30,51,18,69,0,69,0,0,0,0,0,5,0,0,0,0,6,0,0,0,1,0,0,0,0,0,0,0,0,9,0,0,0,0,0,0,31,0,0,4,0,0,13,0,0,0
180942,372,362,24,114,234,24,258,0,258,2,0,0,0,1,9,0,0,4,0,13,0,0,1,34,0,0,0,0,1,0,0,2,49,0,1,0,0,0,1,94,0,0,5,0,1,37,2,0,1
180943,498,501,46,178,279,41,320,0,320,4,0,0,0,0,16,0,0,7,0,18,0,0,0,71,0,0,0,0,0,0,0,0,25,0,1,0,0,0,1,80,0,0,19,0,0,67,7,1,3
180944,114,119,6,28,80,6,86,0,86,0,0,2,0,0,1,0,0,0,1,5,0,0,0,15,0,0,0,0,1,0,0,1,8,0,0,0,2,1,0,27,0,0,1,0,0,20,1,0,0
180945,675,669,48,259,368,48,416,0,416,2,1,1,1,0,29,1,0,1,0,32,0,0,0,124,0,0,0,0,1,0,0,1,38,0,1,0,0,0,1,71,0,0,11,1,3,90,6,0,0
180946,201,198,36,50,115,36,151,0,151,3,0,0,0,0,5,0,0,0,0,3,0,0,0,19,0,0,0,0,1,0,0,0,25,0,0,0,0,0,0,54,0,0,2,0,0,35,4,0,0
180947,144,150,23,42,82,20,102,0,102,2,0,0,0,0,10,0,0,9,0,5,0,0,0,6,0,0,1,0,0,0,0,0,7,0,0,0,0,0,0,29,0,0,1,0,0,28,4,0,0
180948,813,808,91,205,528,80,608,0,608,5,0,0,1,0,27,0,0,2,0,75,0,0,0,124,0,0,0,0,7,0,0,1,56,0,0,1,1,0,3,147,0,0,26,1,0,128,3,0,0
180949,1023,1011,13,445,566,12,578,0,578,9,0,1,4,0,26,0,0,7,0,54,0,0,0,142,1,0,0,0,14,1,0,1,42,0,0,0,0,0,1,109,0,1,53,0,0,102,7,0,3
180950,93,94,6,37,50,6,56,0,56,0,0,1,0,0,3,0,0,0,0,4,0,0,0,7,0,0,0,0,0,0,0,0,8,0,0,0,0,0,0,16,0,0,2,0,0,15,0,0,0
180951,279,279,33,93,157,29,186,0,186,1,0,0,2,0,10,1,0,2,0,8,0,0,0,49,0,1,0,0,5,0,0,0,21,0,0,1,0,0,1,34,0,0,5,0,0,43,2,0,0
180952,195,195,8,55,132,8,140,0,140,3,0,0,1,1,9,1,0,2,0,9,0,0,1,24,0,0,0,0,1,0,0,2,14,0,0,0,0,0,0,38,0,1,3,0,0,28,2,0,0
180953,168,167,29,52,87,29,116,0,116,1,0,0,0,0,2,0,0,0,0,3,0,0,0,12,0,0,0,0,9,0,0,0,15,0,0,0,0,0,1,19,0,1,4,1,0,46,2,0,0
180954,501,495,9,211,281,9,290,0,290,6,0,0,0,0,32,0,0,2,0,18,0,0,0,63,0,0,0,0,2,1,0,2,31,0,0,0,0,0,0,47,0,0,17,0,0,66,3,0,0
180955,147,144,11,66,70,11,81,0,81,0,0,0,1,0,5,0,0,2,0,2,0,0,0,21,0,0,0,0,0,0,0,1,8,0,0,0,0,0,0,20,0,0,5,0,0,15,1,0,0
180956,63,63,2,28,33,2,35,0,35,0,0,1,0,0,0,0,0,0,0,1,0,0,0,6,0,0,0,0,0,0,0,0,6,0,0,0,0,0,0,11,0,0,1,0,0,9,0,0,0
180957,162,161,4,52,106,4,110,0,110,0,0,0,0,0,15,0,0,0,0,4,0,1,0,7,1,0,0,0,0,0,0,1,26,0,0,0,0,0,0,18,0,0,2,0,0,32,3,0,0
180958,78,77,15,27,36,15,51,0,51,0,0,0,0,0,1,0,0,0,0,1,0,0,0,1,0,0,0,0,0,0,0,0,4,0,0,0,0,0,0,27,0,0,1,0,0,15,1,0,0
180959,273,266,16,98,159,16,175,0,175,0,0,0,0,0,14,0,0,1,0,9,0,0,0,33,1,0,0,0,1,0,0,1,31,1,0,0,0,0,0,27,0,0,3,0,0,49,4,0,0
180960,66,67,6,15,45,6,51,0,51,1,0,0,0,1,4,0,1,0,0,3,0,0,0,6,0,0,0,0,0,0,0,1,3,0,0,0,0,0,1,9,0,0,4,0,0,15,2,0,0
180961,351,354,19,114,218,19,237,0,237,5,0,0,0,0,5,1,0,0,0,12,0,0,1,34,0,0,0,0,4,0,0,1,14,1,0,0,0,0,1,71,0,0,3,0,0,76,7,0,1
180962,132,135,13,22,97,13,110,0,110,0,0,0,0,1,6,1,0,0,0,5,0,0,0,10,0,0,0,0,0,0,0,0,18,0,0,0,0,0,0,18,0,0,1,1,0,45,4,0,0
180963,390,382,42,142,211,37,248,0,248,1,0,0,1,0,11,0,0,0,0,12,0,0,0,27,0,0,0,0,2,0,0,2,46,0,0,0,0,0,0,81,1,0,9,0,0,49,4,0,2
180964,1368,1352,42,495,831,42,873,0,873,8,0,1,3,0,64,0,1,7,0,88,0,0,0,189,2,0,0,0,10,0,0,1,62,1,0,0,0,0,1,169,1,0,61,1,1,183,12,1,6
180965,198,196,23,68,107,23,130,0,130,0,0,0,0,0,14,0,0,0,0,7,0,0,0,12,0,0,0,1,1,0,0,0,31,0,0,0,0,0,0,37,1,0,2,0,0,19,5,0,0
180966,183,199,27,42,115,26,141,0,141,0,0,0,0,0,8,0,0,1,0,11,0,0,0,16,0,0,0,0,1,0,0,0,21,0,0,0,0,0,0,38,0,0,12,0,0,32,1,0,0
180967,414,419,51,111,252,51,303,0,303,3,0,0,2,0,10,1,0,0,0,37,0,0,0,53,0,0,0,0,0,0,0,0,42,0,0,0,0,0,1,88,0,0,4,0,0,61,1,0,0
180968,159,16,2,147,10,2,12,0,12,0,0,0,0,0,3,0,0,0,0,2,0,0,0,1,0,0,0,0,1,0,0,0,0,0,0,0,0,0,0,2,0,0,0,0,0,3,0,0,0
181119,1779,1759,15,687,1080,12,1092,0,1092,13,3,3,2,3,94,1,0,19,0,43,0,0,3,367,0,1,0,0,4,0,0,0,92,0,3,0,0,0,1,152,1,1,96,0,0,175,5,3,7
181120,2169,2146,13,841,1317,11,1328,0,1328,12,7,1,3,0,89,0,0,17,1,74,0,0,0,430,3,0,0,0,22,0,0,2,88,0,3,0,0,0,2,236,0,3,122,0,0,195,8,2,8
181121,1884,1853,14,735,1138,11,1149,0,1149,16,1,0,2,2,103,0,0,13,0,55,1,0,2,386,1,0,0,0,8,1,0,2,103,1,7,0,0,0,0,151,0,0,99,0,2,174,12,3,4
181122,2139,2126,14,794,1333,12,1345,0,1345,20,3,2,4,1,96,1,0,24,0,54,0,0,1,445,1,0,0,0,16,0,0,0,118,1,3,0,0,0,0,236,0,2,120,0,3,181,8,0,5
181123,426,418,7,150,270,6,276,0,276,3,2,2,1,1,17,1,0,10,0,5,0,0,1,47,0,0,0,0,0,0,0,1,60,0,0,0,0,0,1,45,0,0,7,1,0,66,5,0,0
181124,924,917,21,301,605,18,623,0,623,0,1,2,0,0,21,0,0,3,0,48,0,0,0,158,1,0,0,0,7,0,0,0,71,0,0,0,0,1,2,146,1,0,74,1,0,76,0,1,9
181125,315,320,10,91,214,10,224,0,224,3,0,1,1,0,5,0,0,5,0,15,1,0,0,42,1,0,0,0,1,0,0,2,40,0,0,0,0,0,2,63,0,1,5,0,0,29,5,1,1
181126,408,406,5,165,239,4,243,0,243,7,1,1,0,0,18,0,0,0,0,17,0,0,0,63,0,0,0,0,0,0,0,0,43,0,0,0,0,0,1,38,0,0,9,0,1,38,4,0,2
181127,372,375,22,82,269,21,290,0,290,1,1,0,0,0,8,0,0,4,1,15,0,0,0,51,0,0,0,0,6,0,0,1,26,0,1,0,0,0,2,116,0,0,5,0,0,50,2,0,0
181128,564,554,47,201,319,44,363,0,363,4,1,1,1,0,21,1,1,8,0,17,0,0,0,73,0,0,0,0,3,0,0,0,69,1,0,0,1,0,0,92,0,0,9,0,0,55,2,0,3
181129,96,96,11,32,55,9,64,0,64,0,0,0,0,1,3,0,0,4,0,2,0,0,0,7,0,0,0,0,1,0,0,0,11,0,0,0,0,0,0,16,0,0,1,0,0,16,2,0,0
181130,501,498,40,202,267,32,299,0,299,4,1,2,0,2,17,1,0,6,0,11,1,0,0,56,0,0,0,0,2,1,0,0,58,1,0,0,0,0,0,55,0,0,11,0,1,62,4,0,3
181131,153,149,18,54,84,15,99,0,99,1,0,0,0,0,11,0,0,0,0,9,0,0,0,7,0,0,0,0,2,0,0,2,34,0,0,0,0,0,0,20,0,0,0,0,0,11,2,0,0
181132,210,201,10,76,124,10,134,0,134,3,0,1,0,0,13,0,0,3,0,1,0,0,0,30,0,0,0,0,0,0,1,1,23,0,1,0,0,0,0,27,0,0,0,0,1,24,5,0,0
181133,780,767,36,334,411,35,446,0,446,3,1,2,3,1,26,0,1,5,0,18,0,0,0,82,0,0,0,0,9,0,0,0,50,1,0,0,0,0,0,102,0,2,21,0,0,117,0,1,1
181134,306,304,8,142,156,8,164,0,164,2,0,0,0,0,3,0,0,3,0,7,0,0,1,38,0,0,0,0,0,0,0,0,31,0,1,0,0,0,0,34,0,0,7,0,0,35,2,0,0
181135,480,472,20,152,314,14,328,0,328,3,0,1,1,0,44,0,0,6,0,10,0,0,0,94,0,0,0,0,0,0,0,0,56,0,0,0,0,0,0,61,0,0,9,1,0,38,2,0,2
181136,168,171,11,47,111,10,121,0,121,0,0,1,0,0,3,0,0,5,0,13,0,0,0,28,0,0,0,0,0,0,0,1,20,0,0,0,0,0,0,18,0,0,4,0,0,24,4,0,0
181137,486,484,16,189,281,16,297,0,297,5,0,1,0,0,19,1,0,3,0,19,0,0,0,56,0,0,0,0,7,0,0,0,39,0,0,0,0,0,1,54,0,0,9,0,1,74,6,1,1
181138,309,309,36,99,177,33,210,0,210,3,0,2,0,0,17,1,0,5,0,6,0,0,0,32,0,1,0,0,2,0,1,0,55,0,2,0,0,0,0,40,0,0,9,0,0,34,0,0,0
181139,534,530,19,173,345,16,361,0,361,0,0,0,0,0,11,0,1,3,1,19,0,0,0,98,0,0,0,0,3,0,1,0,55,1,1,0,1,0,0,60,0,1,10,3,1,88,3,0,0
181140,477,476,15,229,235,13,248,0,248,2,0,3,1,0,6,0,0,6,0,10,0,0,0,34,0,0,0,0,4,1,0,0,44,0,0,0,0,0,1,57,1,0,10,0,0,60,6,1,1
181141,378,380,28,116,237,25,262,0,262,3,0,2,0,0,17,0,0,8,0,15,0,0,0,62,0,0,0,0,5,0,0,0,31,0,1,0,0,0,0,41,0,0,9,0,0,64,3,1,0
181142,180,178,24,45,114,21,135,0,135,3,0,1,0,1,15,0,0,0,0,1,0,0,0,19,0,1,0,0,1,0,0,0,17,0,0,0,0,0,0,23,0,0,0,0,0,49,3,0,1
181143,246,243,10,77,164,5,169,0,169,0,0,0,0,0,14,0,0,5,0,4,0,1,0,45,0,0,1,0,0,0,0,0,22,0,0,0,0,0,1,36,0,0,14,0,0,21,4,0,1
181144,312,308,18,110,186,16,202,0,202,2,0,0,1,0,13,0,0,3,0,10,0,0,0,49,0,0,0,0,3,0,0,0,43,0,0,0,0,0,2,35,0,0,9,0,0,31,0,1,0
181145,168,168,8,53,107,8,115,0,115,1,0,0,0,0,9,0,0,4,0,3,0,0,0,30,0,0,0,0,1,0,0,0,21,0,0,0,0,0,0,33,0,0,1,0,0,11,1,0,0
181146,264,267,6,108,151,5,156,0,156,2,1,0,0,0,11,0,0,7,1,2,0,0,0,38,0,0,0,0,0,0,0,0,23,0,0,0,0,0,1,43,0,0,3,0,0,20,1,2,1
181147,282,280,16,102,165,15,180,0,180,3,1,1,0,0,13,0,0,3,0,4,0,0,0,27,1,0,0,0,0,0,0,0,38,0,0,0,0,0,0,35,0,0,7,0,0,45,2,0,0
181148,129,124,15,44,71,14,85,0,85,2,0,0,1,0,10,0,0,1,0,1,0,0,0,8,0,0,0,0,0,0,0,0,9,0,0,0,0,0,0,12,0,0,0,0,0,40,1,0,0
181149,486,479,43,194,257,35,292,0,292,2,1,1,0,0,21,1,0,3,0,11,0,0,0,54,0,0,0,0,1,1,1,1,89,1,0,1,0,0,1,40,0,0,9,0,0,50,2,0,1
181150,288,285,10,110,169,9,178,0,178,1,1,1,0,1,7,0,0,6,0,7,1,0,0,32,0,0,1,0,3,0,0,1,42,0,0,0,0,0,2,31,0,0,11,0,0,25,5,0,0
181151,252,250,16,89,149,14,163,0,163,0,0,1,0,0,18,0,0,2,0,11,0,0,0,53,1,0,0,0,2,0,0,1,23,1,0,0,0,0,0,22,0,0,5,0,0,22,0,0,1
181152,273,271,18,86,169,18,187,0,187,3,0,5,1,0,3,0,0,3,0,2,0,1,1,34,1,0,0,0,0,1,0,0,21,0,0,0,0,0,0,53,0,0,4,0,0,48,3,0,3
181153,234,233,15,76,145,13,158,0,158,1,0,1,0,0,20,0,0,2,0,4,0,0,0,34,0,0,0,0,6,0,0,1,36,1,0,0,0,0,2,17,1,1,2,0,0,25,3,1,0
181154,159,156,20,39,103,17,120,0,120,0,0,0,0,0,21,0,0,1,0,1,0,0,0,23,0,1,0,0,3,0,0,0,27,0,0,0,0,0,0,18,0,0,1,0,0,20,1,1,2
181155,291,288,15,114,166,11,177,0,177,2,0,0,1,0,13,0,0,2,0,10,0,0,0,33,0,0,0,0,0,0,0,0,28,0,0,0,0,0,0,41,1,0,7,0,0,35,3,0,1
181156,144,146,11,41,96,7,103,0,103,2,1,3,0,0,2,0,1,2,0,3,0,0,1,17,0,0,0,0,0,0,0,1,21,0,0,0,0,0,1,26,0,0,2,0,0,18,2,0,0
181157,501,499,44,140,324,37,361,0,361,4,1,2,0,0,9,0,1,2,0,34,0,0,0,78,0,1,0,0,1,0,0,0,56,0,0,0,0,0,0,84,0,0,17,0,1,63,1,1,5
181158,96,97,1,33,62,1,63,0,63,1,0,0,0,0,1,0,0,3,0,3,0,0,0,14,0,1,0,0,0,0,0,0,11,0,0,0,0,0,0,18,1,0,0,0,0,10,0,0,0
181159,237,245,0,83,154,0,154,0,154,0,0,2,1,0,11,0,0,4,0,7,0,0,0,35,0,0,0,0,2,0,0,0,30,1,1,0,0,0,0,27,0,0,4,0,1,26,1,0,1
181160,141,148,8,28,106,7,113,0,113,0,0,0,0,0,8,0,0,1,0,6,0,0,0,24,0,0,0,0,0,0,0,2,30,0,0,0,0,0,0,10,0,0,11,0,0,18,2,0,1
181161,222,220,8,87,131,4,135,0,135,1,0,1,0,0,13,0,1,3,0,4,0,0,0,28,0,1,0,0,0,0,0,0,24,0,0,0,0,0,0,39,0,0,1,0,0,17,1,1,0
181162,174,172,2,70,102,2,104,0,104,1,0,0,0,0,18,0,0,4,0,1,0,0,0,14,0,0,0,0,1,0,0,0,17,0,0,0,0,0,0,22,0,0,0,0,1,25,0,0,0
181163,1227,1215,55,487,690,50,740,0,740,7,0,3,2,1,53,0,1,14,0,40,1,0,0,207,0,0,0,1,6,0,0,3,130,1,2,0,0,0,0,117,0,0,30,0,2,103,9,0,7
181164,399,396,33,151,217,31,248,0,248,2,0,1,0,0,23,0,0,5,0,7,0,0,0,50,0,1,0,0,0,0,0,1,47,1,0,0,0,0,0,47,2,1,5,0,1,50,1,1,2
181165,162,29,8,140,15,7,22,0,22,0,0,0,0,0,2,0,0,0,0,0,0,0,0,0,0,0,0,0,0,0,0,0,4,0,0,0,0,0,0,8,0,0,2,0,0,6,0,0,0
181300,2178,2169,23,793,1369,16,1385,0,1385,20,3,4,8,2,50,0,0,10,0,76,2,1,0,429,0,1,0,0,11,2,0,0,62,1,4,0,0,0,2,318,1,2,81,1,1,279,7,0,7
181301,2385,2362,15,853,1519,13,1532,0,1532,10,6,4,2,1,48,0,0,14,0,83,0,2,4,467,1,0,1,0,17,0,0,3,65,0,7,0,0,0,2,274,0,3,112,0,0,377,18,2,9
181302,2172,2163,4,761,1408,3,1411,0,1411,23,6,1,8,0,49,2,0,16,0,78,1,0,1,429,1,0,0,0,14,0,0,4,84,1,6,0,0,0,3,263,0,3,82,0,1,303,18,2,12
181303,1509,1493,5,573,931,5,936,0,936,14,4,0,2,1,27,1,0,7,0,48,0,0,0,295,1,1,0,0,13,0,0,0,72,0,5,0,0,0,0,177,0,0,33,0,0,205,18,2,10
181304,2070,2051,10,669,1391,10,1401,0,1401,20,2,5,6,2,35,0,1,19,1,109,0,0,1,426,1,0,0,0,16,0,0,2,56,1,3,0,0,1,1,316,1,0,105,1,0,243,13,0,14
181305,2268,2235,8,850,1412,6,1418,0,1418,16,3,0,7,0,63,1,0,22,0,98,0,1,1,411,0,2,1,0,15,2,1,2,50,0,4,1,1,1,1,283,1,2,77,0,3,324,16,0,8
181306,2385,2352,28,851,1508,26,1534,0,1534,23,1,2,2,0,49,1,0,12,0,121,0,0,0,431,0,3,0,0,12,0,0,1,61,1,5,1,0,0,2,329,0,2,94,0,2,366,3,1,9
181307,1818,1789,19,643,1160,15,1175,0,1175,7,7,2,2,0,45,0,1,9,0,80,0,2,0,320,0,1,0,0,11,1,0,0,59,0,6,1,0,0,3,259,0,1,67,0,0,269,10,1,11
181308,2370,2327,21,810,1545,15,1560,0,1560,17,1,6,8,0,62,1,0,24,1,119,1,1,0,424,0,2,1,0,14,2,0,2,73,0,7,1,1,0,0,317,1,1,132,1,1,297,17,1,24
181309,2364,2325,7,845,1514,5,1519,0,1519,21,6,1,0,0,51,0,0,18,1,120,0,0,0,427,1,1,0,1,22,0,0,1,85,2,7,0,1,0,1,274,0,1,120,0,1,316,22,2,16
181310,237,27,7,214,18,5,23,0,23,2,0,0,0,0,2,0,0,1,0,2,0,0,0,7,0,0,0,0,0,0,0,0,1,0,0,0,0,0,0,3,0,0,0,0,0,4,0,1,0
181463,2469,2422,4,990,1476,3,1479,0,1479,13,3,2,4,0,156,2,0,30,0,73,0,0,1,671,2,0,0,0,10,1,0,0,59,1,4,1,1,0,1,209,0,0,86,0,1,128,8,0,12,01,04,2019,08,20
