260048,1116,1095,26,434,661,21,682,0,682,14,0,0,1,0,12,1,0,11,0,85,0,11,0,153,0,0,0,0,24,8,0,0,30,0,8,0,0,0,0,136,0,0,16,1,0,130,3,3,35
260049,492,495,25,184,287,21,308,0,308,8,0,0,0,0,3,0,0,0,1,36,0,1,0,67,0,1,0,14,0,0,0,1,20,0,1,0,1,0,1,51,0,0,1,1,2,64,4,7,23
260050,975,965,43,392,544,39,583,0,583,5,1,1,1,0,8,0,0,10,2,56,0,4,1,136,0,0,0,0,14,2,0,2,37,1,7,0,0,0,1,79,0,2,9,0,0,160,6,5,33
260051,705,696,16,298,394,13,407,0,407,4,0,0,1,0,3,0,0,6,1,36,0,6,0,116,0,0,0,0,18,0,0,0,23,0,1,0,0,0,0,52,0,1,10,0,0,94,6,1,28
260052,1035,1020,19,470,551,14,565,0,565,6,0,2,1,0,8,0,0,11,0,67,1,9,0,137,0,2,0,0,24,3,0,0,35,1,1,0,0,0,0,89,0,0,22,0,0,108,6,3,29
260053,123,122,10,35,78,10,88,0,88,0,0,0,0,0,0,0,0,0,0,12,0,0,0,18,0,0,0,0,2,1,0,0,3,0,0,0,0,0,0,16,0,0,0,0,0,24,1,1,10
260054,888,878,45,342,510,36,546,0,546,12,0,0,1,0,0,0,0,0,1,35,0,10,0,126,0,0,0,0,24,5,0,2,50,0,0,0,1,1,3,75,1,0,13,0,0,154,5,4,23
260055,1494,1469,63,634,802,58,860,0,860,19,0,0,1,0,6,0,0,1,0,73,0,13,0,213,1,2,0,1,33,1,1,1,65,0,4,0,0,0,2,129,1,0,29,0,2,196,8,4,54
260056,1116,1098,54,533,536,47,583,0,583,11,0,2,0,0,1,1,0,0,0,62,0,11,0,142,0,1,1,0,36,1,0,1,52,0,4,0,0,0,0,85,0,0,16,0,0,122,8,1,25
260057,582,564,31,233,319,30,349,0,349,3,1,0,0,0,2,1,0,7,0,37,0,2,0,76,0,0,0,0,4,3,0,0,31,0,0,0,0,0,0,61,0,1,14,0,0,84,6,2,14
260058,132,132,10,41,82,9,91,0,91,1,0,0,1,0,0,0,0,1,0,7,0,1,0,6,0,0,0,0,8,2,0,1,9,0,0,0,0,0,0,22,0,0,4,0,0,23,1,0,4
260059,240,239,8,86,147,7,154,0,154,2,0,0,0,0,4,0,0,2,0,5,0,3,0,35,0,0,0,0,3,0,0,0,11,0,2,0,0,0,0,26,0,0,1,0,0,44,1,4,11
260060,243,241,31,103,115,25,140,0,140,2,0,0,0,0,3,0,0,1,0,9,0,0,0,23,0,0,0,0,7,1,0,0,6,0,0,0,1,0,0,23,0,0,0,0,0,41,5,3,15
260061,186,187,13,38,136,12,148,0,148,2,0,0,0,1,2,0,0,0,0,11,0,0,0,40,0,0,0,0,6,0,0,0,6,0,0,0,0,0,0,32,0,0,0,0,1,34,1,0,12
260062,1164,1170,53,433,680,51,731,0,731,7,2,0,0,0,1,0,0,1,0,74,0,5,0,179,0,1,0,0,31,1,0,1,48,0,2,0,0,1,0,174,1,0,15,0,0,141,10,3,33
260063,201,210,7,77,117,7,124,0,124,0,0,0,0,0,1,0,0,0,0,6,0,0,0,14,0,0,0,0,10,1,0,2,14,0,0,0,0,0,0,24,0,0,2,0,0,34,2,5,9
260064,582,577,37,265,287,30,317,0,317,3,0,0,0,0,1,0,0,0,0,20,0,0,0,59,0,0,0,0,3,2,0,0,20,0,1,0,2,0,0,68,0,0,2,0,0,103,5,3,25
260065,903,889,53,413,450,40,490,0,490,7,0,0,3,0,3,0,0,3,0,24,0,10,0,108,1,0,0,0,9,2,0,0,30,0,2,0,0,0,1,80,0,0,8,0,1,137,8,3,50
260066,390,381,15,132,249,9,258,0,258,4,0,1,0,0,1,0,0,0,0,24,0,1,1,60,0,0,0,0,3,0,0,2,26,1,0,0,0,0,0,32,0,0,2,0,1,66,4,3,26
260067,1101,1105,72,450,586,65,651,0,651,8,2,0,0,0,6,0,0,0,0,52,0,17,0,141,0,0,0,0,11,0,0,2,62,0,2,0,0,0,0,93,0,0,9,0,0,180,20,9,37
260068,381,375,30,130,222,29,251,0,251,3,0,0,0,1,4,0,0,1,0,24,0,1,0,31,0,0,0,0,11,1,0,1,23,0,1,0,0,1,0,42,0,3,0,0,1,86,7,1,8
260069,1101,1084,41,321,756,24,780,0,780,9,0,1,1,0,3,0,0,5,0,82,2,18,0,115,0,0,0,0,25,4,2,3,60,1,4,0,0,0,1,221,0,0,8,0,0,162,18,4,31
260070,321,316,20,90,212,19,231,0,231,0,0,0,0,0,2,0,0,3,0,31,0,1,0,35,0,0,0,0,3,3,0,0,24,0,0,0,0,0,1,38,0,0,5,0,0,74,4,1,6
260071,942,938,44,356,542,44,586,0,586,7,0,0,0,0,2,0,0,2,0,44,0,15,0,86,0,0,0,0,9,0,0,2,60,0,0,0,0,0,2,76,0,0,1,0,1,206,18,10,45
260072,603,600,38,191,377,35,412,0,412,4,0,0,0,0,2,0,0,1,0,34,0,1,0,91,0,0,0,0,11,0,0,0,35,0,0,0,0,0,1,69,0,1,12,0,0,117,15,4,14
260073,222,219,16,62,145,15,160,0,160,0,1,0,0,0,0,0,0,2,0,6,0,0,0,28,0,0,0,0,6,0,0,1,14,0,0,0,0,0,0,22,0,0,0,0,0,68,3,0,9
260074,351,349,23,121,208,22,230,0,230,3,1,0,0,0,1,0,1,3,0,23,0,0,0,57,0,1,1,1,4,1,0,3,21,0,1,1,1,1,0,53,0,0,0,0,0,36,10,0,6
260075,678,676,36,267,377,34,411,0,411,7,0,0,1,1,5,0,0,3,0,29,0,0,0,50,1,0,0,0,14,2,0,1,16,0,0,0,0,0,1,166,0,0,9,0,0,65,7,4,29
260076,204,199,31,48,125,31,156,0,156,2,0,0,0,0,0,0,0,0,0,6,0,0,0,9,0,0,0,0,1,0,0,0,13,0,0,0,0,0,0,45,0,0,0,0,0,68,4,2,6
260077,542,535,48,216,283,43,326,0,326,3,0,0,0,0,1,0,0,0,2,34,0,9,0,50,0,0,0,1,6,1,0,0,43,0,1,0,0,0,0,44,0,0,13,0,0,99,10,0,9
260078,1053,1043,97,416,546,91,637,0,637,13,0,0,1,0,21,0,0,0,0,39,0,4,1,94,0,1,0,0,13,3,0,0,65,0,1,0,0,0,3,115,0,0,9,0,1,210,6,1,36
260079,447,442,30,141,277,29,306,0,306,4,0,1,2,1,2,0,0,0,0,11,0,1,0,53,1,1,0,0,10,3,0,0,30,0,1,0,0,0,0,57,0,0,3,0,0,91,6,2,26
260080,669,666,32,160,478,31,509,0,509,3,0,0,0,0,2,0,2,1,0,18,1,7,0,134,0,0,0,0,3,5,0,2,43,0,2,0,0,0,4,84,0,0,7,0,0,160,12,0,19
260081,654,655,36,267,362,25,387,0,387,9,0,0,0,0,7,0,0,4,0,22,0,5,0,47,0,3,0,3,9,7,0,3,44,0,0,0,0,0,2,68,1,0,2,0,1,111,3,4,32
260082,102,106,8,28,66,8,74,0,74,0,0,0,0,1,0,0,0,2,0,9,0,1,0,3,0,0,0,0,1,0,0,0,7,0,0,0,0,0,0,14,0,0,0,0,0,33,1,0,2
260083,330,321,24,113,195,22,217,0,217,3,0,0,0,0,3,0,0,0,1,11,0,2,0,24,1,0,1,0,2,0,0,1,26,0,0,0,0,0,0,74,0,0,1,0,0,60,1,0,6
260084,306,305,20,104,186,16,202,0,202,0,0,0,1,0,1,0,0,0,0,11,0,0,0,29,1,2,0,0,1,1,0,0,27,0,0,0,0,0,0,41,0,1,8,0,1,65,4,1,7
260085,243,241,14,98,134,11,145,0,145,3,0,0,0,0,2,0,0,0,0,10,0,3,1,21,1,1,0,0,2,2,0,0,19,0,0,0,0,0,0,27,0,0,0,0,0,46,3,0,4
260086,171,29,4,147,20,4,24,0,24,0,0,0,0,0,0,0,0,1,0,3,0,1,0,3,0,0,0,0,1,1,0,0,4,0,0,0,0,0,0,3,0,0,1,0,0,5,0,0,1
260412,2277,2261,48,977,1256,44,1300,0,1300,19,0,9,4,1,15,1,0,4,0,165,0,1,0,198,1,0,0,0,111,8,0,1,36,1,6,0,0,0,1,300,0,0,117,0,0,236,9,3,53
260413,2007,1988,43,857,1113,37,1150,0,1150,8,2,0,1,0,19,1,0,0,2,169,0,4,0,222,0,3,0,2,77,3,0,3,28,1,6,0,1,0,0,285,0,1,82,0,0,179,6,6,39
260414,2262,2247,28,863,1374,25,1399,0,1399,17,7,4,3,0,17,0,0,11,1,194,0,12,0,233,0,2,0,0,157,11,0,2,16,0,4,0,0,0,2,338,0,0,74,0,1,232,9,5,47
260415,1365,1352,46,629,693,43,736,0,736,10,0,0,1,1,15,0,0,2,0,108,0,3,0,169,1,1,0,0,30,9,0,0,9,1,1,0,0,0,0,99,1,0,50,0,0,158,4,3,60
260416,1569,1557,48,665,861,43,904,0,904,17,1,2,1,1,13,0,1,1,0,109,0,1,0,200,0,0,0,1,28,26,0,4,24,0,3,0,1,0,2,151,0,2,46,0,0,199,9,7,54
260417,1305,1316,72,491,742,72,814,0,814,12,0,0,2,0,0,0,0,0,0,115,0,4,0,111,0,1,0,2,65,4,0,1,14,0,2,0,0,0,1,133,2,1,41,0,0,197,15,4,87
260418,618,604,42,334,248,36,284,0,284,0,0,0,1,0,0,0,0,0,0,42,0,0,0,42,1,4,0,0,21,0,0,0,29,0,4,0,0,0,0,58,0,0,7,0,0,52,0,4,19
260419,615,607,36,205,374,36,410,0,410,6,0,0,0,0,7,0,0,3,0,37,0,1,0,30,0,0,0,0,32,5,0,0,15,0,0,0,0,0,0,63,0,0,13,0,0,172,7,3,16
260420,855,845,25,253,578,24,602,0,602,6,0,0,1,1,0,0,0,0,0,45,0,16,0,68,0,0,0,0,141,2,0,1,53,0,0,0,0,0,0,97,0,0,9,0,0,111,0,5,46
260421,969,954,16,521,432,16,448,0,448,6,0,0,2,0,3,0,0,2,0,48,0,6,0,67,0,0,0,0,10,2,1,0,34,0,2,0,0,1,0,111,0,0,5,0,0,67,1,10,70
260422,1329,1332,39,576,716,37,753,0,753,4,1,0,2,1,12,0,0,0,2,102,0,4,1,214,0,1,0,2,34,0,0,0,23,0,2,0,0,0,1,95,0,0,30,0,0,180,13,5,24
260423,1482,1472,17,700,768,14,782,0,782,14,2,2,1,0,8,0,1,0,0,71,0,13,0,201,0,0,0,0,35,0,0,0,32,0,4,0,0,0,1,145,0,0,23,0,3,178,9,1,38
260424,1209,1195,27,512,670,27,697,0,697,3,1,0,1,0,9,0,0,2,0,98,0,1,1,186,0,1,0,2,31,0,0,0,26,0,1,0,0,0,0,108,0,2,36,0,1,158,2,2,25
260425,1203,1185,79,478,649,76,725,0,725,10,0,0,1,2,2,0,0,0,0,77,0,5,0,49,0,1,0,0,175,1,0,1,48,0,1,0,0,0,1,126,0,2,30,0,0,132,28,3,30
260426,1110,1102,79,467,567,76,643,0,643,12,1,2,2,0,4,0,1,0,0,42,0,0,1,123,1,2,0,1,9,9,0,1,26,0,0,0,0,0,1,85,0,0,9,0,1,172,18,14,106
260427,411,410,11,145,259,7,266,0,266,6,0,0,0,1,4,0,0,1,0,43,0,3,0,41,0,0,0,0,8,1,0,0,7,0,0,0,0,0,1,43,0,0,14,0,0,71,3,1,18
260428,2031,1997,32,1016,984,31,1015,0,1015,18,0,2,0,1,22,0,0,2,0,99,0,16,0,247,1,3,0,0,16,12,0,3,34,0,3,0,0,0,1,96,0,0,46,1,0,354,15,4,19
260429,1974,1951,38,1130,813,31,844,0,844,17,0,0,1,2,9,0,0,15,0,66,0,1,1,164,0,4,1,1,39,1,1,0,56,0,4,0,0,0,0,174,0,1,7,1,1,146,10,13,108
260430,486,482,21,172,293,21,314,0,314,4,0,0,0,0,1,0,0,2,0,15,0,8,0,29,0,0,0,0,27,1,0,0,16,0,3,0,0,0,1,120,0,0,0,0,1,52,2,3,29
260431,486,476,30,207,249,30,279,0,279,4,1,0,0,0,0,0,0,2,0,10,0,3,0,43,0,0,0,0,5,0,0,0,25,0,0,0,0,0,0,49,0,0,0,0,0,66,2,12,57
260432,921,913,21,502,400,19,419,0,419,17,0,2,0,1,3,0,1,3,0,34,0,0,0,63,0,0,0,0,13,1,0,0,58,0,1,0,0,0,1,83,0,0,2,0,0,68,0,10,58
260433,453,447,17,185,251,17,268,0,268,5,0,0,0,0,6,0,0,0,0,19,0,0,0,34,0,0,1,0,5,0,0,0,16,0,0,0,0,0,2,82,0,0,2,0,0,76,4,5,11
260434,339,334,22,162,156,21,177,0,177,1,0,0,0,0,1,0,0,0,0,21,0,1,0,20,0,0,0,0,9,2,0,0,13,0,0,0,0,0,0,40,1,0,1,0,0,38,0,0,29
260435,969,942,72,317,580,72,652,0,652,5,0,2,1,0,5,0,0,1,0,69,0,7,0,85,0,3,0,0,39,0,1,1,26,0,2,0,0,0,0,104,0,1,20,0,1,227,4,2,46
260436,384,389,8,118,258,8,266,0,266,4,0,0,0,0,0,0,0,0,0,26,0,3,0,12,0,1,0,2,31,2,0,1,15,0,1,0,0,0,0,35,0,0,2,0,0,28,1,7,95
260437,669,663,36,313,322,34,356,0,356,6,1,0,2,2,3,1,0,0,0,23,1,2,0,73,0,1,0,0,10,2,0,4,21,0,0,0,0,0,1,61,0,0,2,0,0,101,8,6,25
260438,585,586,21,251,313,21,334,0,334,2,1,0,0,0,2,0,0,1,1,31,0,40,0,34,0,0,0,0,14,1,0,1,18,0,1,0,0,0,0,76,0,0,7,0,0,87,1,4,12
260439,933,923,40,367,526,40,566,0,566,7,0,0,0,1,1,0,0,1,0,86,0,2,0,31,0,1,0,0,159,0,0,0,41,0,2,0,0,0,0,116,0,1,7,0,0,94,1,4,11
260440,1722,1701,14,892,817,13,830,0,830,7,2,0,0,0,1,0,0,0,0,77,0,7,1,176,0,2,0,0,36,3,0,2,52,0,7,0,1,0,1,180,1,0,19,0,0,220,5,2,28
260441,1425,1404,19,667,739,19,758,0,758,18,0,0,1,0,4,0,0,1,0,71,0,4,1,163,0,0,0,0,30,1,0,6,28,0,7,0,0,0,2,152,0,1,17,0,0,199,9,5,38
260442,921,910,21,457,443,21,464,0,464,7,0,1,0,0,0,0,0,0,0,34,0,9,0,64,0,1,1,0,33,3,0,1,21,0,0,0,0,0,0,75,0,0,6,0,0,81,7,9,111
260443,1590,1574,16,826,752,12,764,0,764,5,0,2,0,0,8,0,0,2,0,59,0,9,0,106,0,1,0,1,22,0,0,2,26,0,1,0,0,0,1,188,0,0,17,2,0,241,6,7,58
260444,1509,1489,43,612,855,42,897,0,897,6,0,0,1,0,19,0,0,1,0,120,0,6,0,197,1,0,0,0,56,1,0,0,33,2,2,0,0,0,3,123,0,0,26,0,1,270,9,2,18
260445,1035,1028,29,391,616,28,644,0,644,6,0,0,2,1,7,0,0,2,0,66,0,5,0,143,0,0,0,0,23,1,0,0,22,0,1,0,0,0,1,83,1,1,30,0,0,230,5,4,10
260446,1722,1705,27,706,992,24,1016,0,1016,11,0,1,1,1,17,0,0,3,1,61,2,3,0,231,0,0,0,0,62,1,0,3,49,0,5,0,0,0,0,159,2,0,40,0,1,333,11,0,18
260447,1497,1476,99,666,734,97,831,0,831,11,0,0,1,1,5,2,2,1,1,45,0,3,1,215,0,1,0,0,3,5,1,6,68,0,1,0,0,0,0,119,0,0,15,0,0,241,18,7,58
260448,903,893,53,391,461,51,512,0,512,3,0,0,1,1,16,0,0,1,0,42,0,1,0,111,0,0,0,1,22,13,0,2,25,0,1,0,0,0,1,66,0,0,9,0,1,170,7,4,14
260449,1374,1360,47,518,810,46,856,0,856,6,5,0,1,3,14,0,0,2,0,117,0,3,0,216,0,1,0,0,44,1,0,0,33,1,2,0,0,0,1,139,0,1,37,0,1,170,10,5,43
260450,594,592,43,235,316,43,359,0,359,4,0,0,1,1,2,0,0,3,0,44,0,2,0,68,1,2,0,0,16,4,0,0,12,0,1,0,0,1,1,62,0,0,14,0,0,89,9,4,18
260451,1644,1632,11,601,1032,11,1043,0,1043,16,3,0,0,0,7,0,0,0,0,99,1,13,0,162,0,1,0,0,32,1,1,3,32,0,0,0,0,0,0,123,1,0,15,0,0,463,22,5,43
260452,639,628,57,285,297,57,354,0,354,5,2,0,0,0,2,0,0,0,0,18,0,0,0,51,0,1,0,0,13,0,0,1,32,0,2,0,0,0,0,47,0,1,2,0,0,159,3,4,11
260453,1221,1214,43,505,673,43,716,0,716,10,0,1,1,0,2,0,0,1,0,113,0,2,2,110,0,1,0,1,95,0,0,0,34,2,0,0,0,1,0,100,1,0,17,0,1,174,6,3,38
260454,840,829,38,417,385,38,423,0,423,3,0,0,1,0,2,0,0,0,0,77,0,2,0,59,0,1,0,1,34,0,0,1,22,0,3,0,0,0,1,53,0,0,11,2,0,116,6,1,27
260455,1113,1099,49,476,588,49,637,0,637,7,0,0,2,0,3,0,0,0,0,60,0,1,1,63,0,0,0,3,162,2,0,1,33,0,0,0,0,0,0,112,0,0,10,0,0,108,9,6,54
260456,1332,1319,16,597,719,16,735,0,735,9,0,0,1,2,4,0,0,0,0,127,0,8,0,156,0,3,0,2,22,6,0,4,13,0,4,0,0,0,0,138,0,0,19,0,0,144,2,11,60
260457,1473,1463,41,643,793,37,830,0,830,17,0,0,0,0,8,0,0,0,0,147,0,2,0,180,1,1,1,1,51,14,0,2,13,0,4,0,0,0,0,121,0,1,28,0,0,150,10,10,68
260458,780,784,6,364,411,5,416,0,416,4,0,0,0,0,7,0,0,2,0,51,1,1,1,101,0,0,0,0,6,9,0,2,6,0,0,0,0,0,1,65,0,0,19,0,0,102,6,3,29
260459,684,676,18,292,374,18,392,0,392,3,0,0,1,1,4,0,0,0,0,45,0,0,0,72,0,1,0,0,26,4,0,1,11,0,0,0,0,0,0,114,0,0,5,0,0,56,3,4,41
260460,1065,1050,46,570,450,45,495,0,495,11,0,1,0,1,6,0,0,0,0,31,0,0,0,77,0,0,0,0,39,0,0,0,54,0,2,0,0,0,1,113,2,0,5,0,0,119,7,3,23
260461,1467,1455,44,673,750,44,794,0,794,8,0,1,3,0,5,0,0,0,0,110,0,3,0,149,0,1,0,0,31,23,0,1,23,0,2,0,0,0,1,130,0,0,30,0,0,214,15,3,41
260462,1104,1095,70,544,491,69,560,0,560,3,0,2,1,0,11,0,0,2,0,35,0,8,0,99,0,0,0,0,7,1,0,2,62,0,0,0,0,0,0,97,0,0,9,0,0,201,12,2,6
260464,1569,1551,80,786,708,75,783,0,783,1,0,0,3,0,4,0,0,0,0,122,0,5,0,124,0,0,0,0,32,6,1,2,75,1,1,0,1,0,1,129,1,0,14,0,1,187,14,6,52
260465,1197,1183,17,644,536,17,553,0,553,4,0,0,1,0,4,0,0,0,0,68,0,7,0,106,0,0,0,0,28,0,0,2,27,0,2,0,0,0,1,71,0,0,10,0,0,204,10,1,7
260466,1218,1207,19,693,507,18,525,0,525,3,0,0,1,0,6,0,0,1,1,69,0,9,0,109,0,1,0,1,21,0,1,0,28,0,0,0,0,0,0,59,0,0,6,0,0,177,7,3,22
260467,837,830,35,322,484,31,515,0,515,7,1,0,1,0,6,0,0,0,0,62,0,2,0,92,0,0,0,0,20,3,0,1,26,0,2,0,0,0,1,100,0,0,12,0,0,131,7,4,37
260468,1191,1183,12,431,748,12,760,0,760,5,0,0,0,0,5,0,2,6,0,54,0,17,0,92,0,1,0,1,14,0,0,2,46,0,0,0,0,0,2,171,1,0,13,0,1,127,10,16,174
260469,1524,1506,62,616,846,62,908,0,908,7,1,0,0,0,5,1,0,4,0,95,0,14,0,149,0,1,0,0,49,28,0,2,41,0,5,0,0,0,0,178,1,1,13,0,1,256,8,5,43
260470,873,864,23,416,434,23,457,0,457,5,2,0,2,0,6,0,0,1,0,37,1,12,0,115,0,1,0,0,10,7,0,1,25,0,0,0,0,0,1,65,0,0,6,0,0,121,8,5,26
260471,768,762,27,347,394,27,421,0,421,1,0,0,0,0,3,0,0,0,0,55,0,4,0,51,0,3,0,1,3,0,0,1,24,0,1,0,0,0,0,49,1,0,3,0,0,203,3,0,15
260472,159,52,29,111,20,28,48,0,48,0,0,0,0,1,1,0,0,2,0,3,0,0,0,6,0,0,0,0,2,0,0,0,5,0,0,0,0,0,0,14,0,0,2,0,0,10,0,0,2
260668,1881,1871,19,837,1027,17,1044,0,1044,7,2,1,1,1,20,2,1,3,0,149,1,1,1,223,1,0,0,0,48,2,1,0,20,0,2,0,0,0,1,250,2,2,63,0,1,222,10,1,5
260669,1917,1913,103,767,1062,88,1150,0,1150,42,8,3,7,2,13,1,0,4,0,120,2,1,2,218,1,0,1,2,62,1,1,5,28,4,6,0,0,0,2,139,0,2,67,0,2,375,21,0,8
260670,1488,1480,34,549,907,32,939,0,939,12,2,0,1,0,16,0,0,1,0,122,0,0,0,195,0,0,1,0,48,1,0,3,25,0,2,0,0,0,2,188,0,0,43,0,1,248,16,1,11
260671,993,991,12,376,606,11,617,0,617,21,1,0,2,0,5,0,0,1,0,95,0,0,0,138,0,0,0,0,23,2,0,0,14,0,3,0,1,0,0,100,0,0,29,0,1,166,9,1,5
260672,1551,1541,22,624,907,20,927,0,927,15,0,0,1,0,6,0,0,1,0,97,0,0,0,204,0,0,0,0,26,3,0,1,18,0,2,0,0,0,0,102,0,0,23,0,2,404,7,0,15
260673,1455,1437,34,634,787,34,821,0,821,13,1,1,2,0,5,0,0,0,0,96,0,1,0,183,0,2,0,0,56,2,0,0,27,0,0,0,0,0,0,105,0,0,42,0,1,254,7,1,22
260674,1452,1438,43,566,844,42,886,0,886,8,2,0,1,0,8,0,0,1,0,103,1,0,0,159,0,0,1,0,51,0,0,1,33,0,2,0,0,0,1,174,0,2,47,0,1,244,18,4,24
260675,918,910,56,365,497,56,553,0,553,5,0,0,1,0,6,1,0,0,0,68,0,0,0,77,1,0,0,0,34,3,1,0,47,0,0,0,0,0,2,68,0,0,14,0,0,204,13,0,8
260676,522,519,32,184,307,31,338,0,338,5,0,0,0,0,1,0,0,1,0,61,0,0,0,37,0,0,0,0,22,1,0,2,12,0,0,0,0,0,0,41,1,0,10,0,0,125,4,2,13
260677,531,533,34,222,275,34,309,0,309,3,0,1,0,1,2,0,0,0,0,40,1,0,0,34,0,0,0,2,35,1,0,0,21,0,0,0,1,0,0,65,0,0,6,0,0,83,11,0,2
260678,1125,1116,44,470,612,43,655,0,655,8,0,0,2,0,2,0,0,0,0,84,0,0,0,70,0,0,0,0,6,3,0,1,19,0,1,0,0,0,0,131,0,0,15,0,0,302,8,0,3
260679,672,658,43,225,404,43,447,0,447,13,0,2,0,0,6,0,0,2,0,28,0,1,0,63,1,0,0,0,8,0,0,0,22,0,1,0,0,0,0,58,0,0,2,0,0,230,2,1,7
260680,168,168,14,40,114,14,128,0,128,0,0,0,0,1,0,0,0,0,0,11,0,0,0,9,0,0,0,0,5,0,0,0,8,0,0,0,0,0,0,10,0,0,1,0,1,79,0,0,3
260681,423,410,10,187,227,9,236,0,236,3,0,1,1,0,2,0,0,0,0,23,0,1,0,41,0,0,0,0,8,0,0,0,10,0,0,0,0,0,0,37,0,0,12,0,0,91,4,0,2
260682,906,899,39,332,535,39,574,0,574,5,0,1,1,0,0,0,0,2,0,71,0,1,0,110,0,0,0,0,23,1,0,0,26,0,1,0,1,0,0,71,0,0,31,1,1,200,6,2,19
260683,765,762,36,326,403,36,439,0,439,5,0,0,0,0,0,0,0,0,0,82,0,0,0,67,1,0,0,1,22,0,0,0,24,0,1,0,0,0,0,43,0,0,31,0,1,153,0,2,6
260684,1689,1674,80,731,881,77,958,0,958,21,0,0,0,0,11,0,0,0,0,115,0,2,1,198,1,0,0,0,85,0,1,3,60,0,3,0,1,0,1,178,0,0,58,1,1,191,13,2,11
260685,1245,1233,38,488,719,38,757,0,757,4,1,0,3,0,0,0,0,0,1,91,0,2,0,129,2,2,0,1,41,0,1,2,54,0,2,1,1,2,1,163,2,0,10,0,1,211,11,3,15
260686,66,66,5,14,47,5,52,0,52,0,0,0,0,0,0,0,0,0,0,0,0,0,0,6,0,0,0,0,1,0,0,0,1,0,0,0,0,0,0,9,0,0,1,0,0,25,1,0,8
260687,954,935,39,399,522,33,555,0,555,3,1,1,0,1,4,0,0,0,0,61,1,0,0,111,1,0,0,2,45,0,2,2,36,0,1,0,0,0,1,102,2,0,13,0,0,143,11,0,11
260688,1353,1331,49,599,706,48,754,0,754,11,0,0,0,0,4,0,0,2,1,125,0,0,0,164,0,0,0,0,34,0,0,0,35,1,1,0,0,0,0,125,0,0,30,0,0,199,8,2,12
260689,1365,1356,68,506,795,64,859,0,859,9,1,1,0,0,10,0,1,1,0,107,0,0,1,127,0,0,1,0,57,10,0,2,40,1,0,0,0,0,3,164,0,0,30,1,0,263,9,2,18
260690,837,831,29,286,523,28,551,0,551,3,1,0,2,0,10,0,2,2,0,41,0,0,0,138,0,0,0,0,15,2,0,1,39,0,0,0,0,0,0,78,1,0,25,0,0,182,5,0,4
260691,159,157,5,40,114,5,119,0,119,0,0,0,0,0,1,0,0,0,0,13,0,0,0,13,0,0,0,0,3,0,0,1,6,0,0,0,0,0,0,5,0,0,6,0,0,64,5,0,2
260692,1386,1378,54,486,846,54,900,0,900,6,0,1,1,0,2,0,0,0,0,46,0,3,0,121,0,0,0,0,33,1,0,2,28,0,6,0,0,0,1,168,2,0,15,0,0,448,14,0,2
260693,918,907,73,377,468,73,541,0,541,4,1,0,0,0,3,0,0,0,1,74,0,0,0,85,0,0,0,0,21,0,0,0,29,0,4,0,0,0,2,57,0,0,13,0,0,219,14,0,14
260694,801,794,54,342,406,53,459,0,459,6,1,0,2,0,4,0,0,1,0,23,0,6,0,97,0,0,0,0,32,0,0,0,13,0,0,0,0,0,1,31,0,0,14,0,0,207,2,1,18
260695,1098,1084,56,451,594,53,647,0,647,5,0,0,1,0,4,1,0,1,0,62,0,0,1,167,0,0,1,0,23,1,0,1,42,0,1,1,0,0,1,65,0,0,20,0,1,225,14,0,9
260696,414,413,27,117,270,27,297,0,297,2,0,2,0,0,4,0,1,0,0,20,0,0,0,45,1,0,0,0,11,1,0,0,36,1,4,0,0,0,1,43,0,0,11,0,0,103,7,1,3
260697,735,735,40,256,440,39,479,0,479,3,0,0,2,0,3,0,0,0,0,43,0,0,0,54,0,0,0,0,24,0,0,0,16,0,1,0,0,0,0,214,1,0,5,0,0,100,8,0,5
260698,1008,1002,54,361,593,54,647,0,647,11,2,0,0,0,6,0,0,1,0,89,0,0,0,97,0,1,1,0,49,4,0,4,67,0,1,0,0,0,1,72,0,0,20,0,1,191,12,0,17
260699,723,718,43,109,571,43,614,0,614,14,2,0,2,0,1,0,0,0,0,64,0,0,0,100,0,1,0,0,32,5,0,0,87,1,0,0,1,0,0,52,0,0,7,0,2,188,15,4,36
260700,858,855,36,322,502,34,536,0,536,7,1,1,0,0,3,0,0,1,0,39,0,0,0,69,0,0,0,0,16,13,0,1,23,0,1,0,0,0,1,106,0,0,11,0,0,229,5,0,9
260701,444,440,9,149,286,9,295,0,295,7,0,0,1,0,1,0,0,0,0,19,0,1,0,53,0,0,0,0,14,1,0,0,9,0,0,0,0,0,0,37,0,0,7,0,1,123,5,0,16
260702,507,501,22,201,284,22,306,0,306,6,0,0,2,0,0,0,0,2,0,25,0,0,0,46,0,0,0,1,25,2,0,2,13,0,1,1,0,0,0,42,0,0,11,0,0,115,7,1,4
260703,1908,1902,31,622,1255,31,1286,0,1286,10,0,0,0,0,18,0,0,0,0,132,1,1,1,200,1,1,0,2,60,5,0,4,104,0,8,0,0,0,2,250,1,0,16,0,1,419,14,2,33
260704,1137,1129,52,347,738,52,790,0,790,6,0,2,1,0,8,0,1,0,0,77,0,0,0,136,0,0,0,0,69,1,0,3,52,0,6,0,0,0,3,134,0,0,21,1,0,220,13,1,35
260705,870,847,21,307,543,20,563,0,563,3,3,2,1,0,1,0,0,0,0,46,0,0,0,104,0,1,0,0,51,0,0,0,54,0,1,0,1,0,2,92,1,0,17,0,0,162,9,3,9
260706,1044,1038,58,391,595,58,653,0,653,6,0,1,1,0,4,0,0,0,0,67,0,0,0,167,0,1,0,0,20,1,0,1,46,0,5,0,0,0,0,127,0,0,13,0,1,169,12,2,9
260707,996,980,48,344,604,48,652,0,652,7,1,0,0,0,9,0,0,2,1,98,1,0,0,124,0,0,0,0,24,5,0,0,40,0,1,0,0,0,0,89,0,0,20,1,1,200,6,2,20
260708,831,821,32,362,439,30,469,0,469,6,1,0,0,0,4,0,0,0,0,44,0,0,0,60,0,0,0,1,14,2,0,0,34,0,0,0,1,0,2,88,0,0,22,0,2,178,5,0,5
260709,1491,1484,31,662,802,27,829,0,829,11,4,0,0,0,9,0,1,0,0,121,0,0,0,186,1,0,0,0,15,2,0,1,40,0,5,0,0,0,0,144,0,0,47,0,2,215,13,0,12
260710,1101,1094,27,495,583,23,606,0,606,12,0,0,0,0,11,0,1,2,0,111,0,0,0,92,1,1,0,0,14,1,0,1,40,1,3,0,0,0,0,106,1,0,41,0,0,142,10,0,15
260711,732,728,50,316,369,47,416,0,416,7,3,0,0,0,1,0,0,2,0,13,0,0,0,65,0,0,0,0,8,0,0,4,21,0,0,0,0,0,0,34,0,0,3,0,0,239,9,0,7
260712,669,662,38,236,395,38,433,0,433,8,0,0,2,0,0,0,0,2,0,24,0,3,0,87,0,0,1,0,20,0,0,2,18,0,3,0,0,0,1,51,0,1,6,0,1,180,6,1,16
260713,963,955,41,445,477,41,518,0,518,8,0,0,0,0,1,0,0,0,0,108,2,0,0,117,1,0,0,0,24,2,0,2,31,0,1,0,0,0,0,66,0,0,4,0,0,129,2,4,16
260714,708,701,29,262,417,29,446,0,446,4,0,2,2,0,0,0,0,0,0,48,0,2,0,99,0,0,0,0,18,0,0,1,20,1,0,0,0,0,0,48,0,0,26,0,0,160,3,0,12
260715,276,274,6,109,161,6,167,0,167,1,0,0,0,0,2,0,0,0,0,26,0,1,0,26,1,0,0,0,16,0,0,0,9,0,0,0,0,0,0,31,0,0,1,0,1,44,4,1,3
260716,405,402,13,131,261,13,274,0,274,5,0,2,0,0,2,0,0,1,0,23,0,1,0,44,0,0,0,0,10,1,0,2,18,0,0,0,0,0,0,86,0,0,4,0,0,64,6,1,4
260717,945,939,46,334,566,45,611,0,611,10,0,0,0,0,12,0,0,0,0,67,0,0,0,103,0,1,1,1,21,0,0,3,32,0,2,0,0,0,0,77,1,0,10,0,0,247,11,0,12
260718,594,583,23,206,365,23,388,0,388,2,0,0,0,0,1,0,0,0,0,35,0,0,0,78,0,0,0,0,40,1,0,0,18,0,2,1,0,0,0,75,0,0,11,0,0,111,6,0,7
260719,651,640,24,194,433,24,457,0,457,8,0,2,1,0,1,0,0,0,0,63,0,0,0,95,1,1,0,0,58,6,0,0,21,0,4,0,0,0,1,60,0,0,12,0,0,107,10,1,5
260720,900,884,21,356,523,21,544,0,544,8,1,0,0,0,2,0,1,3,0,57,0,1,0,102,0,1,0,0,30,1,0,0,21,0,4,0,0,0,0,89,0,1,28,0,0,179,10,0,5
260721,303,305,13,115,176,12,188,0,188,3,0,0,1,1,1,0,0,2,0,18,0,2,0,27,0,1,0,0,11,0,0,0,6,0,1,0,0,0,0,37,1,1,3,0,1,65,1,0,5
260722,546,540,28,241,277,28,305,0,305,2,0,0,0,0,1,0,0,1,0,19,0,0,0,51,1,0,1,0,10,1,0,0,15,0,0,0,0,0,0,60,0,0,12,0,1,120,5,0,5
260723,264,257,15,117,132,15,147,0,147,1,0,0,0,0,1,0,0,0,0,12,0,1,0,15,1,0,1,0,3,0,0,0,21,0,0,0,0,0,2,24,0,0,0,0,0,56,0,0,9
260724,81,23,10,61,11,9,20,0,20,0,0,0,0,0,0,0,0,0,0,1,0,0,0,4,0,0,0,0,2,0,0,0,2,0,0,0,0,0,0,1,0,0,2,0,0,8,0,0,0
260725,60,14,4,46,10,4,14,0,14,0,0,0,0,0,0,0,0,0,0,0,0,0,0,0,0,0,0,0,0,1,0,0,2,0,0,0,0,0,0,3,0,0,1,0,0,6,0,0,1,01,04,2019,00,15
