050130,1704,1686,112,583,1031,90,1121,0,1121,20,3,2,2,0,32,0,0,11,0,73,0,2,1,232,0,0,0,0,17,0,0,1,45,1,2,0,0,1,0,370,1,1,120,0,0,169,11,1,3,01.04.2019,01:30
050131,2148,2109,17,790,1348,10,1358,0,1358,17,1,2,1,2,47,1,1,33,0,97,0,0,0,319,1,1,1,1,23,0,1,1,46,0,4,0,0,0,1,365,0,2,147,0,2,213,19,0,9,01.04.2019,00:50
050132,1294,1282,4,453,837,4,841,0,841,12,1,0,2,1,41,0,0,10,0,48,0,1,1,204,0,0,3,0,12,0,0,1,35,0,1,0,0,0,2,247,0,0,95,2,0,104,9,1,1,02.04.2019,23:45
050133,2439,2434,15,845,1582,12,1594,0,1594,12,2,0,4,2,55,1,1,29,0,94,1,1,0,320,0,0,1,0,31,2,0,2,61,1,7,0,1,0,0,524,0,3,186,0,0,231,10,1,12,01.04.2019,19:00
050134,222,225,0,82,140,0,140,0,140,0,1,0,1,0,1,0,0,1,0,12,0,0,0,36,0,0,0,0,3,0,0,0,3,1,1,0,0,0,0,39,0,0,14,0,0,26,0,1,0,01.04.2019,00:10
050135,2418,2416,30,757,1638,23,1661,0,1661,18,2,6,4,2,49,2,0,22,0,109,1,1,1,347,1,0,0,0,16,0,1,2,38,1,6,2,0,0,1,511,1,3,265,0,2,224,11,3,9,01.04.2019,02:54
050137,1659,1642,22,535,1102,22,1124,0,1124,8,1,2,6,1,27,1,0,15,0,88,0,1,0,230,1,0,1,0,16,0,1,0,42,1,0,1,1,0,0,324,0,2,138,0,3,190,14,2,7,01.04.2019,00:30
050145,465,463,2,128,335,2,337,0,337,8,0,0,0,0,13,0,0,2,0,19,0,0,0,74,0,0,0,0,1,0,0,0,12,0,0,0,0,0,0,122,0,0,23,1,0,56,5,0,1,01.04.2019,00:50
050149,375,372,14,111,250,14,264,0,264,4,1,0,3,1,25,1,0,2,0,28,0,0,0,60,0,0,0,0,4,0,0,0,13,0,1,0,0,0,0,73,0,0,14,0,0,27,4,1,2,01.04.2019,01:00
050154,459,466,12,148,299,12,311,0,311,2,0,0,1,1,7,0,0,8,0,15,1,1,0,67,0,0,1,0,1,0,0,0,27,1,2,0,0,0,0,87,0,0,38,0,0,46,4,0,1,01.04.2019,01:00
050155,687,679,35,179,475,33,508,0,508,4,0,0,2,0,15,1,0,12,0,28,0,0,0,88,0,0,1,0,4,0,0,1,36,0,0,0,0,0,2,184,0,0,25,0,0,98,7,0,0,01.04.2019,00:10
050156,291,292,24,72,195,24,219,0,219,3,0,0,0,0,11,0,0,5,0,11,0,0,0,43,0,0,1,0,3,1,0,0,14,0,0,0,0,0,1,61,0,0,11,0,0,49,5,0,0,01.04.2019,00:30
050161,378,377,19,123,238,17,255,0,255,3,0,0,0,0,22,0,0,7,0,11,0,0,0,45,1,0,0,0,2,0,0,1,22,0,0,0,0,0,2,69,0,0,19,0,0,49,2,0,0,01.04.2019,00:45
050162,294,301,14,73,207,14,221,0,221,1,0,0,1,0,3,0,0,9,0,21,0,1,0,41,1,0,0,0,1,0,0,1,14,1,0,0,0,0,0,64,0,0,28,0,0,33,1,0,0,31.03.2019,23:15
050164,1368,1357,33,407,931,30,961,0,961,7,1,3,1,1,23,1,0,10,1,87,0,0,1,190,0,0,2,0,10,0,1,1,46,1,5,1,0,0,1,307,1,0,71,0,1,162,16,1,8,01.04.2019,00:24
050165,1779,1767,70,615,1096,68,1164,0,1164,13,4,3,1,0,25,1,1,5,0,69,0,1,0,227,0,5,0,0,6,0,0,1,108,0,4,0,0,1,4,350,2,0,92,0,2,218,8,2,11,01.04.2019,00:50
050166,540,537,39,201,304,35,339,0,339,5,0,0,0,0,6,0,0,6,0,18,0,3,0,54,0,0,0,0,6,0,0,1,35,0,0,0,0,0,1,125,0,0,24,0,0,52,3,0,0,01.04.2019,00:30
050167,738,738,11,300,428,10,438,0,438,9,0,0,0,0,28,0,0,7,0,25,2,0,0,89,0,1,0,0,5,0,0,0,39,1,0,0,0,0,0,119,0,0,18,0,0,88,3,3,1,01.04.2019,08:00
050185,1947,1933,18,615,1316,16,1332,0,1332,17,3,2,0,0,46,2,0,24,0,100,0,2,0,314,0,1,1,1,20,2,0,2,45,2,3,0,0,0,2,328,0,1,187,0,0,208,13,1,5,01.04.2019,03:00
050186,1128,1119,5,391,734,3,737,0,737,9,2,0,3,0,38,0,1,28,0,42,0,0,0,157,1,0,0,0,7,0,0,0,32,0,2,0,0,0,1,211,1,0,69,0,3,121,6,0,3,01.04.2019,03:20
050187,132,141,1,34,98,0,98,0,98,0,0,0,0,0,3,0,1,2,0,0,0,0,0,23,0,0,0,0,0,0,0,0,2,0,0,0,0,0,2,41,0,0,8,0,0,9,3,0,4,01.04.2019,00:15
050188,2451,2463,16,786,1651,14,1665,0,1665,13,2,2,4,1,28,0,0,42,0,131,1,1,1,369,0,0,0,0,19,1,0,0,47,0,9,0,0,0,5,548,1,0,197,0,2,228,11,1,1,01.04.2019,02:10
050189,369,377,2,99,268,2,270,0,270,4,1,2,1,1,10,0,0,5,0,24,0,0,0,61,0,0,0,0,7,0,0,0,3,0,1,0,0,0,1,89,1,1,24,0,0,30,1,0,3,01.04.2019,00:20
050190,501,169,60,393,67,41,108,0,108,1,1,0,0,0,1,0,0,1,1,4,0,0,0,22,0,0,0,0,0,0,0,0,8,1,1,0,1,1,2,23,0,0,16,0,0,20,2,1,1,31.03.2019,23:50
050191,456,75,3,382,72,2,74,0,74,2,4,0,2,0,4,1,0,2,0,2,0,0,1,18,1,0,0,0,0,0,0,0,8,0,0,0,0,0,0,14,0,0,2,0,0,9,2,0,2,01.04.2019,00:20
050192,561,508,0,55,506,0,506,0,506,28,1,1,3,1,5,1,0,0,0,5,0,1,0,93,0,0,2,0,1,0,0,2,10,1,0,0,0,0,0,14,0,0,3,0,2,298,32,0,2,31.03.2019,23:45
051477,2199,2169,18,798,1390,11,1401,0,1401,13,5,0,2,0,65,2,0,21,0,138,0,1,0,324,1,1,1,0,25,0,0,2,29,1,2,0,1,0,0,393,1,1,174,0,1,182,9,3,3,01.04.2019,02:30
051478,2403,2389,15,794,1598,11,1609,0,1609,23,3,5,2,1,62,0,0,47,0,126,1,1,0,377,0,2,0,0,26,0,0,5,30,1,1,0,0,1,1,447,0,1,210,1,0,211,18,2,4,01.04.2019,02:23
051479,2043,2031,9,826,1210,7,1217,0,1217,20,3,3,3,1,56,2,0,17,1,93,0,1,2,283,2,4,0,0,18,1,0,0,43,0,4,0,0,0,3,322,0,1,146,0,1,173,10,1,3,01.04.2019,02:50
051480,1623,1614,7,548,1069,6,1075,0,1075,9,2,8,1,0,55,0,0,36,0,84,0,1,0,249,0,1,0,0,12,0,0,0,14,1,1,0,0,0,3,294,1,0,154,3,0,137,4,1,4,31.03.2019,23:59
051481,1521,1518,13,423,1087,11,1098,0,1098,11,9,5,2,1,71,0,0,28,1,89,0,1,0,226,0,0,0,0,17,0,0,0,19,0,5,0,2,0,1,327,0,2,162,0,0,110,5,1,3,01.04.2019,07:02
051482,2370,2397,13,689,1671,10,1681,0,1681,14,1,5,2,0,72,0,0,44,0,119,0,1,0,451,0,0,1,0,27,3,0,3,40,1,7,0,1,0,1,499,0,2,182,2,0,195,5,0,3,01.04.2019,01:20
051483,2139,2119,19,618,1509,12,1521,0,1521,9,4,4,3,0,67,0,0,24,1,133,0,0,0,330,1,0,0,0,21,0,0,0,25,1,7,0,2,0,1,409,0,1,227,1,0,234,7,0,9,01.04.2019,05:15
051484,2067,2054,11,614,1443,10,1453,0,1453,5,2,1,3,2,58,0,0,28,1,116,0,0,0,313,3,0,0,0,23,2,0,2,25,2,12,0,0,0,1,479,1,2,202,0,0,157,9,1,3,01.04.2019,00:45
051485,2196,2168,8,663,1525,8,1533,0,1533,14,0,4,3,1,77,0,1,26,0,125,0,3,0,286,0,0,0,0,24,1,0,0,30,1,3,1,1,0,4,484,0,0,210,0,0,224,4,0,6,01.04.2019,01:40
051486,1740,1721,5,511,1226,3,1229,0,1229,6,2,1,0,1,76,0,1,20,0,104,0,2,0,249,0,0,0,0,14,0,0,0,20,1,2,0,0,0,0,369,0,3,195,0,1,151,6,1,4,01.04.2019,01:21
051487,1617,1608,5,439,1173,5,1178,0,1178,10,0,0,5,2,53,1,0,25,1,100,0,3,0,211,0,0,0,0,18,2,0,0,12,0,5,0,0,0,3,373,0,1,193,1,1,153,4,1,0,01.04.2019,00:10
051488,1929,1897,7,604,1321,4,1325,0,1325,15,2,4,7,1,64,0,1,21,0,119,0,5,1,256,0,0,0,0,34,0,0,0,17,3,4,0,2,0,2,407,0,1,189,0,1,160,8,0,1,01.04.2019,00:40
051489,1878,1868,17,634,1227,17,1244,0,1244,15,3,6,6,0,82,1,0,30,0,91,0,1,0,297,0,0,2,0,11,1,1,1,37,2,5,0,0,0,4,353,0,0,163,1,2,122,4,1,2,01.04.2019,00:50
051490,1992,1966,12,698,1284,10,1294,0,1294,14,7,1,4,0,77,3,0,22,0,99,0,5,0,361,1,0,1,0,25,0,0,1,26,2,3,0,0,1,5,315,1,0,167,0,2,142,6,0,3,01.04.2019,01:20
051491,1551,1541,2,492,1058,1,1059,0,1059,9,3,1,4,1,66,0,0,29,0,100,0,1,0,204,1,1,0,0,17,0,0,1,12,1,4,0,1,1,0,312,1,3,140,0,0,143,2,0,1,01.04.2019,01:15
051492,2034,2019,16,654,1365,15,1380,0,1380,14,2,6,3,2,91,1,0,32,0,138,0,0,1,324,0,0,0,0,15,0,0,1,21,0,6,0,0,0,4,363,0,1,195,5,1,146,3,0,5,01.04.2019,01:35
051493,2025,2021,19,670,1337,18,1355,0,1355,18,0,1,7,1,102,2,1,34,0,73,0,0,0,322,1,0,1,0,14,0,0,1,28,2,1,1,0,0,1,356,1,1,212,0,2,153,15,1,3,01.04.2019,01:30
051494,1899,1879,21,656,1223,20,1243,0,1243,14,3,0,2,0,90,5,0,36,0,90,0,0,0,277,0,0,0,0,12,0,1,1,21,1,1,0,0,0,1,343,0,1,172,1,1,160,5,1,4,01.04.2019,01:40
051495,210,212,35,32,167,11,178,0,178,13,0,0,1,0,13,1,1,6,0,12,0,0,0,8,0,0,1,0,3,2,1,1,24,0,0,0,0,0,0,37,1,0,26,0,0,24,2,1,0,01.04.2019,14:38
051496,1641,1625,8,525,1109,7,1116,0,1116,8,2,6,0,2,61,0,0,19,0,90,0,4,0,304,0,0,0,0,23,0,0,1,13,1,4,0,0,0,1,303,2,2,137,0,0,125,2,0,6,01.04.2019,01:30
051497,2109,2085,6,685,1419,5,1424,0,1424,11,4,3,2,0,77,1,0,36,0,110,1,1,0,337,0,1,1,0,24,1,0,0,36,0,4,1,0,0,2,423,0,0,183,0,0,148,8,3,6,01.04.2019,02:15
051498,1845,1833,10,567,1268,10,1278,0,1278,23,4,5,1,2,74,0,1,26,1,88,1,3,0,290,0,0,0,2,22,0,0,2,18,0,8,0,0,0,2,374,0,1,189,0,0,133,6,2,0,01.04.2019,02:45
051499,1797,1776,8,525,1265,7,1272,0,1272,17,4,0,2,1,87,2,0,25,0,98,0,5,1,250,0,0,1,0,12,1,0,1,17,2,5,0,1,0,1,393,0,2,191,1,0,144,3,2,3,01.04.2019,01:35
051500,2136,2118,10,613,1515,8,1523,0,1523,16,5,1,5,1,70,3,0,21,0,113,1,0,2,309,0,2,0,1,22,0,0,0,27,0,2,0,1,2,3,431,1,1,239,1,2,231,3,2,5,01.04.2019,02:30
051501,2079,2066,10,628,1443,8,1451,0,1451,14,1,2,5,1,64,0,0,25,0,126,2,0,0,312,2,0,0,0,19,0,1,0,27,2,5,0,0,0,3,463,1,1,187,0,0,174,9,1,4,01.04.2019,05:00
051502,2301,2270,8,695,1598,8,1606,0,1606,11,5,9,5,2,94,0,0,25,0,137,0,1,0,334,1,0,0,0,23,0,1,1,25,2,9,0,1,2,1,469,0,0,267,2,1,168,5,0,5,01.04.2019,02:30
051503,2420,2391,2,702,1716,2,1718,0,1718,19,6,1,3,1,66,0,0,30,0,142,0,0,0,434,2,0,0,0,24,0,3,3,29,1,3,0,0,1,0,504,0,0,250,1,2,181,5,1,6,01.04.2019,03:00
051504,2022,1989,10,714,1300,8,1308,0,1308,17,14,4,2,1,52,2,0,20,0,83,0,4,0,476,1,0,1,0,9,0,0,0,12,1,6,0,1,0,3,293,0,1,177,0,1,121,2,0,4,01.04.2019,05:15
051505,2034,2015,14,714,1310,10,1320,0,1320,17,2,3,0,0,56,1,1,32,0,92,0,0,0,435,1,0,0,0,23,0,0,3,19,1,3,0,0,0,2,314,0,1,175,0,1,130,4,2,2,01.04.2019,00:20
051506,2292,2257,27,783,1489,20,1509,0,1509,15,4,3,3,1,93,0,0,31,0,109,0,1,0,370,1,2,0,0,23,0,0,0,35,1,3,0,0,1,0,418,1,0,169,0,0,207,8,2,8,01.04.2019,02:10
051507,2289,2259,12,745,1532,12,1544,0,1544,26,2,0,1,0,61,1,0,29,0,123,1,5,0,342,2,0,1,0,24,0,0,0,32,0,1,0,1,0,2,474,1,2,231,0,1,170,5,1,5,01.04.2019,02:40
051508,1878,1864,18,602,1262,14,1276,0,1276,7,2,0,0,0,73,1,1,25,0,112,0,3,0,283,1,0,0,1,12,0,0,2,30,2,3,1,2,0,0,368,0,1,194,0,0,145,1,1,5,01.04.2019,00:05
051509,2016,1988,10,758,1249,9,1258,0,1258,21,3,2,2,1,93,1,0,16,1,99,1,0,0,269,0,2,0,0,26,0,0,2,24,2,3,0,0,1,1,325,0,1,185,1,0,163,6,1,6,31.03.2019,22:00
051510,1869,1834,28,584,1262,23,1285,0,1285,11,2,3,6,0,80,0,0,26,0,129,1,3,0,272,1,1,0,0,14,0,0,1,24,4,3,1,0,0,0,356,2,2,178,1,0,153,7,0,4,01.04.2019,03:30
051511,1959,1929,15,600,1348,11,1359,0,1359,14,4,2,7,1,107,0,2,27,1,114,1,1,0,267,3,3,0,0,17,0,0,1,25,0,1,0,0,0,0,399,2,0,203,0,3,146,6,0,2,01.04.2019,02:30
051512,2079,2060,12,620,1448,11,1459,0,1459,24,5,7,2,2,68,0,0,29,0,122,0,1,1,281,2,3,0,0,22,0,0,1,36,2,7,0,0,0,1,421,0,0,226,0,2,189,3,0,2,01.04.2019,00:30
051513,1962,1943,25,628,1313,21,1334,0,1334,12,0,1,6,2,109,0,0,45,1,88,0,0,1,244,1,0,0,0,16,0,1,0,16,1,3,1,1,0,0,410,0,1,196,0,0,168,3,1,6,01.04.2019,05:30
051514,1998,1989,15,576,1408,14,1422,0,1422,16,8,3,5,0,130,2,0,39,0,107,0,4,0,282,0,1,0,0,17,0,0,0,35,2,4,0,1,0,3,353,0,3,227,0,3,170,1,1,4,02.04.2019,17:30
051515,1995,1991,25,605,1372,18,1390,0,1390,18,4,3,2,2,104,0,0,40,0,98,0,0,0,308,0,1,0,0,14,0,0,2,15,2,6,2,0,0,1,408,1,0,182,0,0,164,9,0,4,01.04.2019,01:00
051516,1875,1866,33,648,1200,27,1227,0,1227,18,4,3,1,4,120,2,0,29,1,84,0,0,0,265,0,0,0,0,15,0,0,0,19,0,4,0,2,1,0,297,1,0,161,0,2,184,5,2,3,01.04.2019,01:30
051517,1986,1965,18,602,1372,12,1384,0,1384,16,3,0,1,1,115,1,0,36,0,100,0,1,0,297,1,1,3,0,18,1,0,0,25,0,1,0,1,0,3,382,1,3,205,0,0,152,8,2,6,01.04.2019,01:10
051518,2145,2124,9,637,1501,7,1508,0,1508,15,6,3,5,1,84,2,0,38,0,119,0,0,0,309,1,0,0,0,22,0,1,1,20,1,6,0,2,0,0,485,0,1,217,0,1,157,5,0,6,01.04.2019,02:10
051519,2142,2120,6,694,1443,5,1448,0,1448,16,4,2,3,2,58,0,0,23,0,108,1,0,2,309,1,1,0,1,22,1,0,0,19,0,1,0,0,0,0,445,0,0,226,0,0,193,4,3,2,01.04.2019,01:30
051520,2259,2230,10,804,1450,5,1455,0,1455,14,3,2,4,0,67,0,0,32,1,103,0,4,1,339,1,0,0,0,23,2,0,0,22,3,2,0,0,0,2,432,0,2,210,1,0,166,10,1,8,01.04.2019,01:00
051521,1851,1878,7,648,1199,4,1203,0,1203,18,5,4,2,3,66,1,0,17,0,108,1,1,0,257,0,1,0,0,12,0,0,1,19,2,6,0,0,0,0,337,0,0,151,1,1,172,10,1,6,01.04.2019,04:26
051522,1818,1813,9,527,1284,7,1291,0,1291,15,3,0,5,1,52,1,0,31,0,92,1,4,0,256,0,0,0,1,17,1,0,0,31,1,2,0,2,0,1,374,1,2,209,0,0,178,6,0,4,01.04.2019,00:05
051523,1875,1885,10,523,1343,9,1352,0,1352,9,3,4,3,4,81,1,0,18,0,128,1,1,0,267,1,1,0,1,25,0,0,0,21,1,6,0,0,0,0,366,1,1,236,1,0,164,5,1,1,01.04.2019,01:30
051524,1491,1497,23,473,1001,17,1018,0,1018,13,1,5,3,1,55,0,0,20,0,96,0,0,0,229,0,0,1,0,13,0,0,1,13,1,1,0,0,0,1,281,0,0,139,1,0,138,4,0,1,01.04.2019,01:33
051525,1050,1036,0,349,701,0,701,0,701,7,0,0,2,0,26,0,0,19,0,51,0,0,1,140,0,0,0,0,11,0,0,0,11,2,2,0,1,0,1,211,0,0,92,0,1,115,5,3,0,01.04.2019,00:20
051526,1866,1859,6,582,1279,5,1284,0,1284,11,2,1,5,2,62,1,0,18,0,98,1,7,1,334,0,1,0,0,12,1,0,1,19,0,3,0,0,0,1,366,0,1,175,0,0,147,5,4,5,01.04.2019,00:50
051527,2073,2060,2,654,1417,2,1419,0,1419,16,3,4,2,0,72,0,0,23,0,110,0,3,0,322,0,0,0,0,21,1,0,1,17,1,4,0,0,0,1,416,0,1,243,1,1,146,1,3,6,01.04.2019,02:30
051528,1944,1933,6,646,1293,5,1298,0,1298,19,1,7,6,3,86,2,1,35,0,112,0,3,0,277,3,1,1,0,19,0,0,0,30,1,4,0,0,1,0,316,0,3,203,1,2,150,8,1,2,01.04.2019,02:05
051529,1968,1946,8,820,1141,7,1148,0,1148,12,1,1,1,1,55,0,1,30,0,105,0,0,0,270,1,0,1,0,17,2,0,0,12,1,6,1,0,0,0,289,0,0,179,1,2,151,8,0,0,01.04.2019,00:10
051530,2544,2517,10,783,1756,5,1761,0,1761,7,1,1,3,0,70,0,0,46,2,131,1,1,2,466,0,2,0,0,15,0,0,2,11,0,11,0,0,0,1,581,0,2,243,0,2,149,5,0,6,01.04.2019,01:02
051531,1596,1594,8,540,1051,5,1056,0,1056,11,1,4,2,1,58,1,0,31,0,73,1,0,2,237,1,0,0,0,10,0,0,0,22,0,3,1,0,1,0,280,0,4,179,0,2,122,6,0,3,01.04.2019,00:05
051532,2139,2122,11,647,1485,7,1492,0,1492,7,2,2,2,1,87,1,0,27,0,126,0,5,0,323,2,0,0,0,18,1,0,2,20,3,4,0,0,0,1,452,0,3,199,0,0,190,8,0,6,01.04.2019,04:00
051533,2169,2156,11,665,1498,6,1504,0,1504,19,1,3,4,0,100,2,0,31,0,114,1,1,0,315,0,2,0,1,20,1,0,2,35,3,4,0,0,2,1,409,0,0,239,0,1,183,5,1,4,01.04.2019,02:30
051534,2337,2345,12,707,1619,11,1630,0,1630,14,1,3,2,2,87,3,0,31,0,142,0,4,0,350,2,2,0,3,20,0,1,2,34,0,2,0,0,0,1,524,0,3,206,0,0,172,10,1,8,01.04.2019,08:00
051535,1683,1666,8,532,1144,7,1151,0,1151,10,2,3,3,0,104,1,0,16,0,95,1,2,0,256,1,2,0,0,17,0,0,0,16,1,4,0,0,0,1,297,0,1,179,2,0,131,3,0,3,01.04.2019,00:45
051536,2073,2048,9,623,1443,7,1450,0,1450,13,3,2,5,2,101,1,0,37,0,127,0,4,0,282,0,1,1,0,27,1,0,1,25,4,2,0,0,0,2,429,0,2,205,0,0,159,10,2,2,01.04.2019,02:15
051537,1347,1339,0,469,878,0,878,0,878,7,6,3,4,0,17,0,0,17,0,80,1,0,0,335,0,0,0,0,13,0,0,0,10,0,1,0,0,2,4,184,0,0,124,1,0,64,1,0,4,01.04.2019,00:15
051538,2109,2109,28,631,1454,24,1478,0,1478,10,6,2,5,0,93,2,0,47,0,110,0,9,0,329,1,0,1,1,23,0,1,2,23,1,2,0,0,0,1,391,0,1,223,0,1,184,7,0,2,01.04.2019,03:30
051539,1503,1496,16,424,1065,14,1079,0,1079,10,4,5,4,2,118,0,0,26,0,88,1,3,1,204,1,1,0,0,26,1,0,0,21,0,4,1,1,0,1,258,1,1,166,0,0,120,6,0,4,01.04.2019,03:39
051540,2064,2076,15,645,1404,15,1419,0,1419,18,13,4,4,4,120,0,0,36,1,90,1,0,0,308,0,0,0,0,25,0,0,0,13,0,7,1,1,0,1,412,1,1,195,1,3,148,5,1,5,01.04.2019,05:00
051541,1818,1807,17,617,1185,16,1201,0,1201,19,6,2,0,1,126,0,0,28,1,76,0,7,0,274,1,1,0,2,9,0,0,1,14,1,1,0,0,0,1,317,0,1,180,1,1,123,3,0,4,01.04.2019,03:15
051542,1722,1694,10,638,1075,9,1084,0,1084,17,3,1,1,1,59,1,0,31,0,71,0,1,0,266,0,0,0,0,17,0,1,1,23,3,5,0,0,0,4,315,1,2,117,0,2,138,2,1,0,01.04.2019,02:15
051543,1989,2002,11,720,1260,9,1269,0,1269,12,7,6,2,1,79,0,0,42,0,89,0,0,0,308,1,3,1,0,18,0,0,2,16,0,2,0,0,0,1,321,1,0,175,0,1,179,0,0,2,01.04.2019,03:08
051544,2025,2012,5,652,1368,5,1373,0,1373,19,5,0,3,3,48,0,0,28,1,136,1,5,0,277,0,1,1,0,21,2,1,0,32,0,6,0,0,0,2,376,0,1,165,0,1,227,8,0,3,01.04.2019,03:28
051545,2760,2748,4,809,1948,3,1951,0,1951,15,1,6,1,1,44,1,0,31,0,158,1,3,0,517,4,1,1,1,31,0,0,1,19,0,1,0,0,0,3,622,0,5,258,0,1,212,5,3,3,01.04.2019,02:14
051546,2145,2171,3,645,1497,3,1500,0,1498,14,0,3,3,0,33,0,2,22,0,93,1,0,0,608,0,0,0,0,18,0,0,1,27,0,9,0,1,0,4,339,0,1,178,0,1,128,4,2,6,01.04.2019,02:54
051547,2007,1987,39,579,1391,37,1428,0,1428,19,1,3,3,1,73,1,0,29,0,109,1,1,0,323,2,0,1,0,15,1,5,3,39,0,2,0,0,2,2,309,0,4,192,1,0,255,24,2,5,01.04.2019,02:00
051575,141,61,0,95,46,0,46,0,46,1,0,0,0,0,3,0,0,0,0,1,0,0,0,8,0,0,0,0,1,0,0,0,3,0,0,0,0,0,0,13,1,0,6,0,0,8,0,0,1,01.04.2019,00:10
051576,351,61,3,294,54,3,57,0,57,0,0,0,0,0,3,0,0,2,0,4,0,0,0,12,0,0,0,0,1,0,0,0,1,0,0,0,0,0,0,18,0,0,9,0,0,6,1,0,0,01.04.2019,00:10
051577,111,39,0,72,39,0,39,0,39,0,0,0,0,0,2,0,0,1,0,3,0,0,0,10,0,0,0,0,1,0,0,0,0,0,0,0,0,0,0,12,0,0,7,0,0,3,0,0,0,01.04.2019,00:05
051578,291,59,15,233,43,15,58,0,58,2,1,0,0,0,1,0,0,4,0,5,0,0,0,8,0,0,0,0,3,0,0,1,8,0,0,0,0,0,0,8,0,0,8,0,0,8,0,0,1,01.04.2019,00:10
051579,402,158,65,248,91,63,154,0,154,1,0,0,0,0,13,0,0,3,0,12,0,0,0,30,0,0,0,0,0,0,0,0,11,0,0,0,0,0,0,33,0,0,17,0,0,28,5,0,1,01.04.2019,01:10
051580,483,97,0,407,76,0,76,0,76,0,0,0,0,0,2,0,0,0,0,0,0,0,0,28,0,0,0,1,2,0,0,0,6,0,0,1,0,0,0,15,0,0,6,0,0,12,0,1,2,01.04.2019,00:10
051581,1059,543,75,597,402,60,462,0,462,39,11,4,4,4,21,6,2,4,1,28,5,0,3,50,1,1,1,1,3,0,0,5,33,7,1,0,3,1,2,107,0,0,19,0,1,73,11,3,7,01.04.2019,01:30
051582,261,115,13,154,95,12,107,0,107,0,0,0,0,0,5,0,0,1,0,11,0,0,0,15,1,1,0,0,2,0,0,0,8,0,3,1,0,0,0,24,0,0,17,0,0,17,1,0,0,01.04.2019,00:15
051583,159,43,0,123,36,0,36,0,36,1,0,0,0,0,1,0,0,0,1,2,0,0,0,10,0,0,0,0,0,0,0,0,3,0,0,0,0,0,1,7,0,0,3,0,0,7,0,0,0,01.04.2019,00:20
051584,759,178,72,617,71,71,142,0,142,2,0,0,0,1,6,0,0,0,0,16,0,0,1,28,0,1,0,0,1,0,0,0,11,1,2,0,0,0,0,34,0,2,8,0,2,23,2,0,1,01.04.2019,00:01
051585,141,25,6,116,19,6,25,0,25,0,0,0,0,0,1,0,0,1,0,2,0,0,0,5,0,0,0,0,0,0,0,0,1,0,1,0,0,0,0,8,0,0,3,0,0,3,0,0,0,01.04.2019,00:16
051586,90,18,0,73,17,0,17,0,17,0,0,0,0,0,0,0,0,0,0,3,0,0,0,5,0,0,0,0,0,0,0,0,1,0,0,0,0,0,0,4,0,0,3,0,0,1,0,0,0,01.04.2019,00:30
051669,2358,2361,3,709,1648,1,1649,0,1649,16,6,3,5,0,63,1,0,42,0,134,0,3,0,407,1,0,0,0,20,0,0,0,6,1,5,0,0,1,4,546,0,2,235,0,0,141,3,0,4,01.04.2019,02:55
051671,342,64,20,280,42,20,62,0,62,1,0,0,0,0,2,0,0,1,0,7,1,0,0,15,0,0,0,0,0,0,0,0,5,0,0,0,0,0,0,9,0,0,8,0,0,10,3,0,0,01.04.2019,00:30
051672,156,57,23,106,32,18,50,0,50,0,0,0,0,0,3,0,0,0,0,5,0,0,0,10,0,0,0,0,0,0,0,1,2,0,0,0,0,0,1,13,0,0,5,0,0,8,1,1,0,01.04.2019,00:35
051673,2001,1972,8,711,1282,8,1290,0,1290,7,1,2,1,1,35,1,0,16,0,86,0,0,0,362,1,2,1,0,20,2,0,2,38,3,2,0,0,0,1,338,0,2,178,0,0,181,6,0,1,02.04.2019,18:15
051675,318,336,1,64,253,1,254,0,254,2,0,0,0,0,12,0,0,3,0,21,0,0,0,76,0,0,0,0,6,0,0,0,1,0,0,0,0,0,0,91,0,0,22,0,0,20,0,0,0,01.04.2019,00:20
