350214,1710,1693,99,676,961,73,1034,0,1034,12,2,1,1,0,147,3,2,13,1,35,1,2,1,372,0,2,0,0,10,0,1,2,73,1,3,0,1,1,1,156,0,0,64,0,1,115,5,0,5
350215,1848,1791,67,706,1083,59,1142,0,1142,11,5,0,0,0,104,0,3,20,0,42,0,0,1,586,1,1,1,0,13,0,0,1,76,4,2,0,1,0,0,128,1,1,46,0,1,83,1,0,9
350217,810,799,64,365,387,58,445,0,445,2,1,0,1,0,65,0,0,8,0,13,0,2,1,139,1,0,0,0,0,0,0,1,43,0,2,1,0,0,0,57,1,0,14,0,0,87,5,0,1
350218,363,355,30,146,190,27,217,0,217,1,0,0,0,0,12,2,0,3,0,6,1,0,0,97,0,0,0,0,4,0,0,0,33,0,0,0,0,0,1,19,0,0,5,0,0,29,2,0,2
350219,186,185,21,65,101,20,121,0,121,1,0,1,0,0,18,0,0,7,0,2,0,2,0,21,0,0,0,0,1,0,0,1,20,0,0,0,0,0,0,22,0,0,1,0,2,19,2,0,1
350220,963,966,98,438,442,83,525,0,525,5,0,0,0,0,63,1,0,9,0,16,0,0,1,162,0,1,1,0,1,0,0,2,64,0,0,0,0,0,0,54,1,0,9,0,0,132,2,0,1
350221,948,940,76,344,539,65,604,0,604,11,0,1,1,0,59,1,0,18,0,24,0,1,0,216,0,0,0,0,3,0,0,0,41,0,2,0,0,0,2,54,0,0,26,0,1,133,9,0,1
350222,837,821,76,315,459,63,522,0,522,3,1,3,3,2,62,0,1,4,1,29,0,1,0,141,0,0,0,0,2,0,0,0,40,0,1,0,2,0,0,51,0,0,24,0,0,146,4,0,1
350223,408,406,30,199,184,25,209,0,209,3,0,0,0,0,28,0,0,1,0,7,0,2,0,51,0,0,0,0,7,0,0,0,26,1,0,0,0,0,0,14,0,0,8,0,2,57,0,0,2
350224,726,713,60,261,410,55,465,0,465,5,0,0,1,1,29,0,0,4,1,10,0,8,0,138,0,2,0,0,3,0,0,0,29,0,1,0,0,0,0,41,0,1,12,0,0,170,9,0,0
350225,165,162,7,68,93,4,97,0,97,1,0,0,0,0,12,0,0,5,0,0,0,0,0,45,0,0,0,0,1,0,1,0,19,0,0,0,0,0,0,6,0,0,0,0,0,7,0,0,0
350226,99,104,16,28,56,15,71,0,71,1,0,0,0,0,7,0,0,0,0,6,0,0,0,11,0,0,0,0,0,0,0,0,4,0,0,0,0,0,0,6,0,0,0,0,1,34,1,0,0
350227,183,183,20,75,88,20,108,0,108,2,0,0,1,0,7,0,0,0,0,6,0,3,0,41,0,0,0,1,5,0,0,0,8,0,1,0,0,0,0,6,0,0,4,0,2,19,2,0,0
350228,603,598,34,206,366,31,397,0,397,0,0,0,0,0,31,1,0,1,0,6,0,2,0,174,1,0,0,0,1,1,0,0,49,0,0,0,0,0,0,26,0,0,3,0,1,95,3,0,2
350229,120,122,8,46,67,7,74,0,74,0,0,0,0,0,10,0,0,0,0,1,0,1,0,23,0,0,1,0,0,0,0,1,18,0,0,0,0,0,0,6,0,0,5,0,0,8,0,0,0
350230,441,435,39,124,279,38,317,0,317,4,0,0,1,0,38,0,0,1,0,12,0,1,0,87,0,0,0,0,5,0,0,2,39,0,0,0,0,0,0,35,0,0,5,1,1,81,1,0,3
350231,186,188,10,52,124,10,134,0,134,3,0,0,1,1,12,0,0,1,0,2,0,0,0,39,0,0,0,0,0,0,0,0,14,0,0,0,0,0,0,23,0,0,3,0,0,34,1,0,0
350232,312,311,41,98,177,37,214,0,214,5,0,0,0,0,9,0,0,6,0,4,0,0,0,55,0,0,0,0,1,0,0,0,33,0,0,0,0,0,0,25,0,0,2,0,0,71,2,0,1
350233,1188,1169,158,507,537,144,681,0,681,5,0,0,0,0,54,0,0,2,1,25,0,2,0,238,0,0,0,1,4,0,0,0,115,1,1,0,0,0,2,57,0,1,21,0,1,139,10,0,1
350234,120,118,17,31,74,15,89,0,89,1,0,0,0,0,12,0,0,3,0,0,0,0,0,39,0,0,0,0,0,0,0,0,5,0,0,0,0,0,0,5,0,0,2,0,0,21,0,1,0
350235,606,597,58,230,332,44,376,0,376,4,2,0,1,1,27,1,0,0,0,12,0,1,1,160,0,0,0,0,2,0,1,0,47,0,1,0,0,0,0,39,0,0,6,0,0,61,5,1,3
350236,1254,1240,68,535,671,48,719,0,719,8,0,1,0,0,105,2,0,11,0,21,0,0,0,294,2,2,2,0,20,1,0,1,62,1,2,1,0,0,1,51,0,0,17,0,0,106,6,0,2
350239,1071,1043,66,453,560,58,618,0,618,6,0,1,0,0,39,0,0,5,0,17,0,1,0,266,0,1,2,0,3,0,1,0,46,0,0,0,0,0,2,52,0,0,22,0,1,142,3,2,6
350240,1302,1282,76,495,745,62,807,0,807,13,0,1,0,2,63,0,0,12,0,12,0,1,1,359,1,4,0,0,7,0,0,0,58,1,1,0,0,0,1,84,0,0,23,0,1,150,7,1,4
350241,261,259,19,118,125,18,143,0,143,2,0,0,0,1,23,1,0,0,0,5,0,2,0,44,0,0,0,0,1,0,0,0,11,0,0,0,0,0,0,29,0,0,3,0,0,18,3,0,0
350243,1050,1026,84,366,616,68,684,0,684,4,0,0,0,2,70,0,0,8,0,32,0,0,0,256,0,0,0,0,1,0,0,2,58,1,2,0,0,0,2,71,0,1,36,0,2,125,6,1,4
350244,144,142,10,64,70,10,80,0,80,2,0,0,0,0,15,0,0,2,0,2,0,0,0,27,0,0,0,0,0,0,0,0,9,0,0,0,0,0,0,4,0,0,1,0,0,17,1,0,0
350245,222,226,8,65,149,8,157,0,157,0,0,0,1,0,9,0,0,1,0,3,0,0,1,58,0,0,0,0,0,0,0,2,23,1,1,0,0,0,0,23,0,0,10,0,0,23,1,0,0
350246,138,144,25,46,71,21,92,0,92,0,0,0,0,0,32,0,0,2,1,1,0,0,0,15,0,0,0,0,0,0,0,0,19,0,0,0,0,0,0,9,0,1,3,0,1,8,0,0,0
350247,51,61,4,15,32,4,36,0,36,0,0,0,0,0,3,0,0,0,0,0,0,0,0,12,0,0,0,0,0,0,0,0,6,0,0,0,0,0,0,4,0,0,0,0,0,10,1,0,0
350248,933,923,61,377,501,55,556,0,556,10,1,0,1,1,35,0,0,5,0,9,0,2,0,179,0,2,1,0,6,0,0,0,103,0,0,0,0,0,0,74,0,0,10,0,0,106,6,2,3
350364,321,314,33,122,167,32,199,0,199,2,0,0,0,0,10,0,0,3,0,3,0,0,0,48,0,0,1,0,3,0,0,0,52,1,1,0,0,0,0,16,0,0,6,0,2,49,0,1,1
350365,696,686,66,289,344,63,407,0,407,4,1,1,1,1,16,2,0,10,0,13,0,0,0,134,0,0,0,0,10,0,0,0,57,0,0,0,0,0,0,37,0,1,6,2,0,106,4,0,1
350366,591,588,18,217,357,17,374,0,374,2,0,0,0,1,39,0,0,7,0,8,0,0,0,143,0,1,0,0,3,0,0,1,32,0,2,0,0,0,0,43,0,0,4,0,0,80,8,0,0
350367,1701,1693,27,558,1122,21,1143,0,1143,18,4,0,3,1,80,3,0,15,0,53,0,0,0,408,0,1,0,1,27,0,1,0,68,1,3,0,0,0,2,124,0,0,46,2,1,265,11,0,5
350368,921,907,25,331,567,23,590,0,590,3,1,0,1,1,57,0,1,1,0,18,0,0,1,198,0,0,0,0,6,0,0,0,50,1,1,0,0,1,0,70,0,0,19,1,1,150,7,0,1
350369,534,531,11,205,319,10,329,0,329,4,0,0,0,1,20,0,0,2,0,9,0,0,0,123,0,1,0,0,4,0,0,0,49,1,1,0,0,0,2,35,0,0,7,0,2,64,4,0,0
350370,444,435,14,142,288,14,302,0,302,5,0,0,0,0,22,0,0,2,0,17,0,0,0,98,1,0,0,0,13,0,0,0,29,0,1,0,0,0,0,26,1,0,10,0,1,71,4,0,1
350371,1341,1334,13,480,853,8,861,0,861,20,1,0,1,0,54,0,0,18,0,31,1,0,1,325,0,0,0,0,14,0,0,0,60,1,2,0,0,0,0,60,0,0,42,0,0,217,9,1,3
350372,213,212,14,64,138,11,149,0,149,1,0,0,0,0,6,0,0,0,0,5,0,0,0,30,0,0,0,0,3,0,0,0,29,0,0,0,0,0,1,30,0,0,5,1,3,33,1,1,0
350373,375,370,14,136,228,11,239,0,239,2,0,0,0,0,13,0,0,5,0,6,0,0,0,68,0,0,0,0,8,0,0,0,31,0,2,0,0,0,0,22,1,0,4,0,1,73,3,0,0
350374,114,116,6,39,69,6,75,0,75,1,0,2,0,0,11,0,0,2,0,4,0,0,0,12,0,0,0,0,1,0,0,1,10,0,0,0,0,1,0,15,0,0,0,0,0,14,0,0,1
350375,687,677,66,229,393,65,458,0,458,2,0,0,1,0,31,0,1,5,0,13,1,0,0,118,1,2,1,0,6,0,1,1,68,1,0,0,0,0,1,42,1,0,8,0,2,143,3,0,5
350376,426,420,28,160,243,23,266,0,266,1,0,1,0,0,11,0,0,2,0,7,0,0,0,77,0,0,0,1,10,0,0,1,53,0,0,0,0,0,0,38,0,0,9,1,1,49,2,0,2
350377,582,575,18,263,302,17,319,0,319,9,0,0,1,1,18,1,0,1,0,10,0,0,0,112,0,0,0,0,5,0,0,1,38,0,0,0,0,0,0,36,1,0,9,0,1,72,2,0,1
350378,564,562,13,232,319,13,332,0,332,9,0,0,0,0,23,0,0,5,0,12,0,0,0,117,0,1,0,0,5,0,0,1,40,1,0,0,0,0,0,26,0,1,10,0,0,77,3,1,0
350379,519,508,42,189,293,37,330,0,330,3,1,1,1,1,35,0,0,10,0,2,0,0,0,106,0,2,0,0,4,0,0,1,46,0,2,0,0,0,0,36,0,0,6,0,3,66,3,0,1
350380,444,448,32,150,267,27,294,0,294,2,0,1,0,1,12,1,0,5,0,11,0,0,0,114,0,0,0,0,3,0,0,1,47,0,0,0,0,0,0,34,0,0,11,1,1,44,2,1,2
350381,135,139,16,40,82,13,95,0,95,4,0,0,0,0,3,1,0,0,0,2,0,0,0,22,0,0,0,0,1,0,0,0,19,0,0,0,0,0,0,12,0,0,5,0,2,21,3,0,0
350382,375,373,4,147,224,4,228,0,228,2,0,0,0,0,10,0,0,0,0,2,0,0,0,79,0,0,0,0,4,0,0,1,38,0,0,0,0,0,0,18,0,1,7,0,0,65,1,0,0
350383,414,411,8,174,232,8,240,0,240,1,0,0,0,0,21,0,0,6,0,8,0,0,0,55,0,1,0,0,2,0,0,0,54,0,2,0,0,0,1,27,0,0,0,0,1,55,6,0,0
350384,333,330,13,87,233,13,246,0,246,1,0,0,1,0,13,0,1,3,0,4,0,0,0,73,0,0,0,0,7,0,0,0,29,0,0,0,0,0,0,50,0,1,14,0,0,47,1,0,1
350385,117,116,14,39,66,12,78,0,78,3,0,0,0,0,2,0,0,1,0,3,0,0,0,23,0,0,0,0,1,0,0,0,7,0,0,0,0,0,0,15,0,0,1,0,2,20,0,0,0
350501,1782,1738,19,794,972,16,988,0,988,15,0,0,1,1,59,0,0,11,0,45,0,1,0,354,1,2,0,0,4,0,1,3,77,0,2,0,0,1,0,73,0,2,87,2,4,231,7,1,3
350502,1668,1634,20,751,897,20,917,0,917,14,1,0,3,2,65,0,0,8,0,51,0,5,0,301,0,3,0,0,8,0,0,0,54,2,0,0,0,0,0,98,0,4,86,0,2,190,13,0,7
350503,2259,2229,29,930,1308,21,1329,0,1329,17,3,1,2,0,93,0,0,9,0,68,2,5,1,496,3,2,1,1,12,1,0,1,68,1,5,0,0,0,1,148,0,3,99,2,4,253,15,1,11
350504,1479,1470,24,602,861,16,877,0,877,16,1,0,0,4,56,1,0,15,0,64,0,5,0,282,0,2,0,0,14,0,0,0,67,0,2,0,0,0,1,116,1,2,62,0,1,156,6,1,2
350505,873,866,16,465,397,11,408,0,408,6,0,0,1,0,17,0,0,4,0,17,0,1,2,160,0,0,0,0,4,0,0,2,42,0,0,0,0,0,1,36,0,2,28,0,0,81,2,0,2
350506,78,79,7,31,41,6,47,0,47,0,0,0,0,0,2,0,0,1,0,1,0,0,0,1,0,0,0,0,0,0,0,0,7,1,0,0,0,0,0,10,0,0,1,0,1,21,1,0,0
350507,510,507,16,204,294,12,306,0,306,3,0,0,1,0,24,1,0,1,1,15,0,2,1,119,0,0,0,0,0,0,0,0,35,0,0,0,0,0,0,22,0,0,10,1,4,65,1,0,0
350508,549,534,124,217,218,114,332,0,332,5,0,0,1,0,23,0,0,6,0,10,0,0,1,97,0,0,1,0,1,0,0,0,42,0,0,0,0,0,2,50,0,0,4,0,3,82,4,0,0
350509,342,336,15,146,183,13,196,0,196,2,3,1,0,0,33,0,0,4,0,7,0,0,0,32,3,0,0,0,2,0,0,0,30,0,0,0,0,0,0,21,0,0,3,0,1,47,5,1,1
350511,867,854,27,354,493,20,513,0,513,3,0,0,1,1,39,0,0,3,1,36,0,3,0,142,0,2,0,0,5,0,0,1,58,0,1,0,0,0,0,49,0,0,36,0,2,119,8,0,3
350512,348,344,15,165,172,11,183,0,183,1,0,0,0,1,25,0,0,2,0,9,0,2,0,60,0,0,0,0,0,0,0,0,18,0,0,0,0,0,0,18,0,0,5,0,0,33,8,0,1
350513,249,246,12,104,135,10,145,0,145,0,0,1,1,1,19,0,0,0,0,4,0,0,0,47,0,1,0,0,0,0,0,0,30,0,2,0,0,0,0,22,0,2,0,0,2,10,1,1,1
350514,231,226,6,77,148,6,154,0,154,1,0,0,0,0,17,0,0,0,0,4,0,0,0,47,0,0,0,0,0,0,0,1,21,0,0,0,0,0,0,16,0,0,1,0,2,41,3,0,0
350515,120,119,0,48,72,0,72,0,72,1,0,0,0,0,8,0,0,0,0,3,0,0,0,11,0,0,0,0,0,0,0,0,21,0,0,0,0,0,0,10,0,0,0,0,1,14,2,1,0
350516,162,163,6,57,99,6,105,0,105,0,0,2,0,0,3,0,0,2,0,2,0,0,0,23,0,0,0,0,0,0,0,1,34,1,0,0,0,0,0,3,0,0,6,0,1,23,3,0,1
350517,420,413,39,117,264,39,303,0,303,2,0,0,0,0,17,0,0,2,0,31,0,0,0,46,0,0,0,0,1,0,0,0,62,3,0,0,0,0,0,48,0,4,18,0,0,60,4,1,4
350518,189,186,17,46,126,17,143,0,143,0,0,0,0,0,11,0,0,3,0,5,0,0,0,32,1,0,0,0,1,0,1,1,31,0,0,1,0,0,0,18,0,0,5,0,0,32,1,0,0
350519,273,271,16,89,168,16,184,0,184,1,0,0,0,1,8,0,0,0,0,5,0,2,0,54,0,1,0,0,2,0,0,0,34,0,2,0,0,0,1,29,0,0,6,0,2,33,2,0,1
350520,138,143,0,56,82,0,82,0,82,0,0,0,0,0,17,0,0,0,0,1,0,0,0,17,0,0,0,0,0,0,0,0,17,0,0,0,0,0,0,8,0,0,2,0,1,17,2,0,0
350521,642,630,30,286,328,28,356,0,356,4,0,0,0,0,17,0,0,5,0,23,0,2,0,96,0,1,0,0,5,0,0,1,47,0,0,0,0,0,0,43,1,0,6,1,3,91,5,0,5
350522,126,125,8,56,62,8,70,0,70,0,0,0,0,0,9,1,0,0,0,1,0,0,1,19,0,1,0,0,0,0,0,1,10,0,0,0,0,0,0,14,0,0,2,0,2,8,1,0,0
350523,492,491,60,139,293,60,353,0,353,3,2,1,1,0,23,3,0,7,0,18,0,0,0,73,0,0,0,0,3,0,0,0,58,0,0,0,0,0,0,35,0,0,15,0,0,103,8,0,0
350524,159,157,8,45,106,8,114,0,114,0,0,0,0,0,10,0,0,1,0,0,0,1,0,28,0,0,0,0,0,0,0,0,30,0,0,0,0,0,0,11,0,0,3,0,3,26,1,0,0
350525,855,849,52,315,489,51,540,0,540,6,1,3,0,0,39,1,0,3,0,14,0,0,1,200,0,0,2,0,10,0,1,1,63,1,3,0,0,0,0,30,0,0,15,0,2,135,6,1,2
350527,750,741,20,323,409,18,427,0,427,4,0,1,0,3,44,1,1,2,0,17,0,0,0,194,1,1,0,0,5,1,0,1,41,0,0,0,0,1,1,24,1,0,13,0,1,57,7,0,5
350528,507,500,16,241,253,13,266,0,266,7,0,0,1,0,24,0,0,4,0,20,0,0,1,113,0,0,0,0,2,0,1,0,27,0,0,0,0,1,0,12,0,1,10,0,0,39,2,0,1
350529,615,601,19,223,375,17,392,0,392,4,0,0,0,1,28,0,0,2,0,21,0,5,0,99,0,3,0,0,3,0,0,1,26,0,2,0,0,0,0,50,0,0,19,0,5,116,7,0,0
350530,624,620,38,225,366,33,399,0,399,8,1,0,0,0,26,0,0,4,0,8,0,2,0,107,0,1,0,1,8,0,2,1,57,0,1,0,0,0,0,53,0,0,25,0,3,86,3,1,1
350531,399,393,44,135,223,41,264,0,264,1,0,0,0,0,41,0,0,0,0,10,0,0,0,63,1,0,0,0,1,0,0,1,73,1,0,0,0,0,0,29,0,0,7,0,1,34,0,1,0
350532,63,63,0,27,36,0,36,0,36,0,0,0,0,0,8,0,0,0,0,0,0,0,0,7,0,0,0,0,0,0,0,0,6,0,0,0,0,0,0,0,0,0,3,0,2,10,0,0,0
350533,405,408,51,89,273,43,316,0,316,1,0,0,0,0,32,0,0,4,0,5,0,0,0,80,0,1,0,0,1,0,0,0,38,1,0,0,0,0,0,36,0,0,13,0,8,89,1,2,4
350534,306,305,18,115,176,15,191,0,191,1,0,0,0,0,10,0,0,2,0,12,0,0,1,60,1,0,0,0,4,0,0,1,24,0,3,0,0,0,0,25,1,0,10,0,4,28,2,1,1
350535,96,99,11,47,40,9,49,0,49,1,0,0,0,0,6,0,0,0,0,2,0,0,0,10,0,0,0,0,0,0,0,0,6,0,0,0,0,0,0,4,0,0,3,0,1,16,0,0,0
350536,258,261,22,76,163,19,182,0,182,2,1,0,1,0,9,0,0,0,0,3,0,0,0,57,0,0,0,0,0,0,0,0,41,0,0,0,0,0,1,31,0,0,1,0,2,32,1,0,0
350537,873,856,15,361,502,10,512,0,512,7,0,0,1,0,18,1,1,5,0,8,0,2,0,153,0,4,0,0,3,0,0,0,77,1,1,0,0,0,0,42,0,0,42,0,0,134,6,0,6
350538,513,512,28,169,321,23,344,0,344,2,0,0,1,0,34,1,0,1,1,7,0,1,0,77,0,1,0,0,0,0,0,0,71,0,0,0,1,0,1,28,0,0,14,0,3,90,7,0,3
350539,213,212,18,70,125,18,143,0,143,2,0,0,0,0,13,1,0,0,0,7,0,0,0,30,0,1,0,0,1,0,0,1,41,0,0,0,0,0,0,4,0,0,7,0,0,32,3,0,0
350540,81,80,17,27,37,17,54,0,54,1,0,0,0,0,6,0,0,0,1,3,0,0,0,3,0,0,0,0,0,0,0,0,15,1,0,0,1,0,0,11,0,0,0,0,0,12,0,0,0
350541,201,200,12,85,104,12,116,0,116,0,0,0,0,0,10,0,0,2,0,5,0,0,0,23,0,0,0,0,0,0,0,0,37,0,0,0,0,0,0,14,0,0,3,0,1,18,2,0,1
350543,636,625,43,278,317,41,358,0,358,2,0,0,0,0,32,1,0,6,0,20,0,1,0,106,0,1,0,2,4,0,0,1,69,0,2,0,0,0,0,19,0,1,23,2,2,56,3,0,5
350544,273,273,106,68,106,99,205,0,205,0,1,0,0,0,6,0,0,0,1,2,0,0,0,59,0,0,0,0,0,0,0,0,35,0,1,0,1,0,1,67,0,0,2,0,1,20,3,0,5
350545,912,889,5,341,568,3,571,0,571,6,0,1,1,0,48,0,0,11,0,42,0,0,1,294,1,0,0,0,1,0,0,2,34,0,2,0,1,0,0,57,2,0,17,0,1,44,0,0,5
350546,120,86,0,34,86,0,86,0,86,6,1,0,0,0,2,0,0,2,0,0,0,0,0,25,0,0,0,0,2,0,0,0,6,0,0,0,0,1,0,8,0,0,0,0,1,27,4,1,0
350595,771,769,50,291,432,48,480,0,480,4,0,0,0,0,76,1,0,18,0,13,0,0,0,146,1,0,0,0,3,0,0,0,53,0,0,0,0,0,0,24,0,0,6,0,0,134,1,0,0
350596,444,442,11,157,276,11,287,0,287,8,0,0,0,0,21,0,0,5,0,6,0,0,0,86,1,0,0,0,3,0,0,0,27,0,0,0,0,0,0,24,0,0,5,0,1,95,5,0,0
350597,459,456,34,180,246,33,279,0,279,2,1,0,0,1,16,0,1,4,1,25,0,0,0,66,1,0,0,0,1,0,0,0,34,0,3,0,0,0,0,28,1,0,16,0,0,75,2,0,1
350598,693,698,21,277,397,19,416,0,416,0,0,1,1,0,33,0,0,4,0,14,0,0,0,144,0,1,0,0,4,0,0,0,31,0,1,0,0,0,1,44,0,0,18,0,2,113,3,1,0
350599,81,85,5,37,39,5,44,0,44,1,0,0,0,0,6,0,0,1,0,1,0,0,0,9,0,0,0,0,0,0,0,0,7,0,0,0,0,0,0,3,0,0,0,0,0,16,0,0,0
350600,1497,1484,26,679,794,24,818,0,818,12,0,3,0,0,59,0,0,5,0,26,0,0,0,319,0,0,2,0,17,0,0,2,64,1,1,0,0,0,0,87,1,0,48,0,0,167,3,0,1
350601,1680,1658,54,668,961,51,1012,0,1012,10,2,3,0,0,108,0,0,12,1,42,0,0,1,365,1,0,1,0,15,0,0,0,56,0,1,0,1,0,1,116,1,0,55,0,3,209,4,1,3
350602,492,493,7,216,269,7,276,0,276,2,0,0,0,0,32,1,0,5,0,15,0,1,0,87,0,1,0,0,3,0,0,1,39,1,0,0,0,1,0,27,0,0,5,0,0,51,2,0,2
350603,102,107,10,34,58,10,68,0,68,1,0,0,0,0,8,0,0,2,0,2,0,0,0,18,0,0,0,0,2,0,0,0,3,0,0,0,0,0,0,6,0,0,1,0,1,21,3,0,0
350604,768,761,22,311,436,21,457,0,457,4,0,1,0,0,89,0,0,12,0,10,0,0,0,156,0,0,0,0,2,0,0,1,44,0,0,0,0,0,0,17,0,0,13,0,1,97,5,2,3
350605,879,866,40,301,540,38,578,0,578,3,0,0,0,1,31,0,0,10,0,27,0,0,0,177,2,1,0,0,5,0,0,0,39,0,2,0,0,0,0,66,0,0,21,0,1,188,1,1,2
350606,594,588,34,243,317,34,351,0,351,2,0,0,0,0,21,1,0,4,0,12,0,0,0,113,0,0,1,0,4,0,0,0,51,0,0,0,0,0,0,57,0,0,2,0,1,78,4,0,0
350607,516,508,29,189,298,29,327,0,327,2,0,1,0,1,30,0,0,3,0,9,0,0,0,112,0,2,0,0,2,0,0,0,23,0,3,0,0,0,2,53,0,0,7,0,2,70,3,1,1
350608,681,674,37,255,390,36,426,0,426,3,3,0,0,0,51,2,0,4,0,9,0,0,0,124,0,1,0,0,6,0,0,0,62,2,0,0,0,0,0,45,0,0,23,0,0,87,3,0,1
350609,456,460,28,135,293,28,321,0,321,3,2,0,1,1,23,1,0,3,0,6,0,0,0,52,0,0,0,0,2,0,0,0,26,0,0,0,0,0,0,6,0,0,10,0,1,175,9,0,0
350610,1752,1745,29,724,1004,24,1028,0,1028,13,0,2,3,0,116,2,0,11,0,46,0,0,1,372,1,0,1,0,6,0,1,0,86,0,8,0,0,0,0,99,0,0,53,0,1,187,16,1,2
350611,1509,1486,61,620,839,50,889,0,889,9,2,1,2,0,58,1,0,18,0,22,1,0,0,278,1,3,0,1,10,0,0,1,99,1,3,0,1,0,0,103,0,0,45,0,2,208,9,3,7
350612,525,524,28,212,291,22,313,0,313,0,1,0,0,0,42,2,1,2,0,13,0,0,0,76,2,0,0,0,3,0,0,0,20,1,2,0,0,0,0,44,0,0,7,0,1,90,6,0,0
350613,99,97,6,32,61,6,67,0,67,0,0,0,0,0,7,0,0,0,0,3,0,0,0,12,0,0,0,0,0,0,0,0,7,0,1,0,0,0,0,12,0,0,0,0,0,24,1,0,0
350614,186,183,4,71,111,4,115,0,115,0,0,0,0,0,27,0,0,2,1,2,0,0,0,24,0,0,0,0,2,0,0,0,19,0,0,0,0,0,0,19,0,0,0,0,2,17,0,0,0
350649,1056,1050,22,489,547,20,567,0,567,2,0,0,0,0,25,0,0,10,0,20,0,0,0,208,0,0,0,0,6,0,0,0,42,0,0,0,0,0,0,62,0,1,37,0,2,133,17,0,2
350650,279,287,13,98,169,12,181,0,181,4,0,0,1,0,17,0,0,4,0,12,0,0,0,57,0,1,0,0,4,0,0,0,24,1,1,0,0,0,0,17,0,0,1,0,1,33,3,0,0
350651,372,371,24,125,226,21,247,0,247,1,0,0,0,0,38,0,0,2,0,7,0,0,0,103,0,0,0,0,2,1,0,1,11,0,0,0,0,0,1,24,0,0,9,0,0,47,0,0,0
350652,975,958,37,418,525,32,557,0,557,6,0,1,0,2,95,3,0,11,0,11,0,2,0,145,0,1,0,0,6,1,0,1,73,0,0,0,0,0,0,86,0,1,18,0,1,89,3,0,1
350655,783,771,22,323,439,21,460,0,460,3,0,0,0,0,15,0,0,4,0,11,0,0,0,176,0,1,0,0,2,0,0,2,55,0,1,0,0,0,1,58,0,0,35,0,3,87,5,0,1
350656,639,630,57,223,360,56,416,0,416,0,1,0,0,0,31,0,1,4,1,13,0,1,0,128,0,1,0,1,5,1,0,1,63,1,1,0,0,0,0,37,0,0,9,0,0,108,7,1,0
350657,315,315,25,100,190,25,215,0,215,2,0,0,0,0,23,0,0,5,0,11,0,0,0,52,0,0,0,0,1,2,0,1,52,1,0,0,0,0,0,16,0,0,2,0,0,46,1,0,0
350658,726,715,59,264,408,54,462,0,462,2,0,1,0,0,115,2,0,12,0,6,0,0,0,156,0,0,0,0,1,0,1,0,47,0,0,0,0,0,0,21,0,1,16,1,1,74,1,3,1
350659,426,426,48,175,206,45,251,0,251,2,0,0,0,0,54,1,0,6,0,4,0,0,0,72,1,0,0,0,2,0,0,2,14,0,0,0,0,0,0,21,1,0,7,0,1,56,6,1,0
350660,459,459,42,146,272,41,313,0,313,1,0,0,0,0,6,0,0,3,0,15,0,0,0,90,0,0,0,0,3,0,0,0,18,0,1,0,0,0,0,47,0,0,6,0,3,114,4,0,2
350661,459,451,35,150,278,31,309,0,309,2,0,0,0,1,23,1,0,3,0,13,0,0,0,94,0,0,0,0,7,1,0,1,32,0,0,0,0,0,1,33,1,0,5,0,0,82,5,0,4
350662,72,70,6,41,25,6,31,0,31,0,0,0,0,0,2,0,0,0,0,0,0,0,0,6,0,0,1,0,0,0,0,0,4,0,0,0,0,0,1,8,0,0,0,0,3,6,0,0,0
350663,1578,1545,38,687,860,31,891,0,891,8,0,0,3,1,79,0,0,17,1,30,0,0,1,326,2,0,1,0,11,0,0,1,79,1,4,0,0,0,0,94,0,1,54,1,0,160,13,1,2
350664,321,316,20,101,201,19,220,0,220,1,0,0,0,0,14,0,0,3,0,2,0,0,2,80,0,0,0,0,4,1,0,2,21,0,0,0,0,0,0,20,0,0,9,0,0,59,0,0,2
350665,1266,1249,7,546,713,7,720,0,720,4,0,2,2,0,57,0,0,6,0,47,0,0,0,254,0,1,0,1,11,0,0,1,48,1,1,0,0,0,1,76,0,0,33,3,1,160,7,1,2
350666,192,194,9,74,110,8,118,0,118,4,0,0,1,0,14,1,0,6,1,4,0,0,0,22,0,0,0,0,2,0,0,0,4,0,0,0,0,0,0,19,0,0,9,0,1,27,3,0,0
350667,270,264,19,48,203,19,222,0,222,0,0,0,0,0,38,0,0,6,0,8,0,0,0,41,0,0,1,0,7,6,0,0,27,0,0,0,0,0,1,31,0,1,8,0,1,43,3,0,0
350668,48,45,4,14,30,4,34,0,34,0,0,0,0,0,3,0,0,1,0,1,0,0,0,4,0,0,0,0,1,1,0,1,2,0,0,0,0,0,0,11,0,0,1,0,1,6,1,0,0
350718,1245,1231,19,466,762,17,779,0,779,5,2,1,2,0,109,0,0,27,0,25,0,1,0,323,0,0,0,0,10,0,0,1,33,0,1,1,1,0,0,71,0,0,59,0,1,100,4,1,1
350719,1434,1412,35,444,958,32,990,0,990,10,3,0,3,1,152,2,0,18,0,41,0,3,0,373,1,0,1,0,15,0,0,0,21,1,1,0,0,1,0,127,0,0,63,0,1,142,5,1,4
350720,1236,1214,39,448,757,31,788,0,788,11,3,2,1,1,113,0,0,19,0,29,0,3,1,321,0,0,0,0,8,0,0,0,18,0,3,0,1,0,0,75,0,0,60,0,1,111,3,0,4
350721,1437,1424,31,509,902,26,928,0,928,3,1,1,1,0,130,0,0,16,1,38,0,2,1,369,1,0,0,0,10,0,0,5,24,0,1,0,0,0,2,103,1,0,86,0,1,125,4,0,2
350722,1131,1120,27,409,699,23,722,0,722,4,2,1,1,4,114,1,0,16,0,30,0,2,1,295,1,0,2,0,4,1,0,1,30,0,3,0,0,0,1,58,0,2,52,0,1,88,2,0,5
350723,1206,1194,36,441,737,28,765,0,765,11,0,0,1,0,81,1,0,16,1,20,0,2,0,294,1,1,0,0,4,0,0,0,53,2,1,0,0,0,0,51,0,2,44,0,1,167,2,2,7
350724,888,905,26,323,546,19,565,0,565,1,0,3,0,1,89,0,0,7,0,30,0,1,0,234,1,0,0,0,9,0,0,0,26,0,3,0,0,0,0,49,0,0,38,0,1,67,2,0,3
350725,1014,1002,34,404,584,26,610,0,610,8,0,0,0,0,72,1,0,12,0,23,0,2,0,268,1,0,0,0,5,0,0,0,37,3,1,0,0,0,0,56,0,0,34,0,2,79,2,1,3
350726,1056,1050,19,348,692,16,708,0,708,4,0,1,2,0,126,1,0,27,1,21,0,1,0,267,1,0,0,0,8,0,0,0,33,1,2,0,0,0,0,66,0,1,50,0,1,87,3,0,4
350727,1074,1068,13,353,710,11,721,0,721,8,0,3,2,1,75,1,0,18,0,25,0,3,0,308,0,0,0,0,8,0,0,1,27,0,1,1,0,1,1,66,0,0,47,0,0,110,8,2,4
350728,1587,1567,36,609,951,27,978,0,978,11,2,1,3,1,137,0,1,36,0,31,0,5,0,440,0,2,1,0,6,0,0,1,40,1,2,0,0,0,1,90,0,0,68,0,1,90,4,2,1
350729,729,722,4,249,476,4,480,0,480,2,1,0,0,0,63,0,0,16,0,17,0,1,0,198,1,0,0,0,1,0,1,0,14,0,0,0,0,0,0,54,0,1,47,0,0,62,1,0,0
350730,1095,1071,29,470,604,21,625,0,625,7,0,0,0,1,87,0,0,15,0,16,0,4,0,255,0,1,0,0,9,0,0,1,37,2,1,0,0,0,1,58,0,0,32,1,0,89,3,1,4
350731,1053,1041,24,382,652,19,671,0,671,12,0,1,2,1,107,2,0,15,0,12,1,2,0,283,0,3,0,0,5,1,0,0,49,0,3,0,0,0,0,52,0,0,35,0,0,77,3,1,4
350732,1086,1074,73,510,549,27,576,0,576,5,1,0,1,0,62,1,0,13,0,20,0,1,1,305,0,1,0,0,5,0,0,0,22,0,1,0,0,0,0,24,0,1,27,0,1,77,2,2,3
350733,1728,1695,51,668,1022,38,1060,0,1060,11,4,0,1,0,155,0,0,23,0,32,1,2,3,446,0,0,0,0,7,0,0,1,50,1,2,0,1,0,0,85,0,0,64,0,1,157,6,0,7
350734,1713,1703,47,666,1010,37,1047,0,1047,17,0,0,4,1,183,0,1,29,0,29,1,4,1,427,0,1,0,0,15,0,0,1,59,0,3,0,0,2,0,71,0,0,45,0,3,137,9,0,4
350735,1242,1236,32,492,723,27,750,0,750,11,0,0,0,0,175,1,1,26,0,23,0,2,2,300,0,0,1,0,2,0,0,3,42,0,1,0,0,0,0,39,0,0,15,0,1,101,2,0,2
350736,1533,1525,32,613,895,25,920,0,920,13,1,0,1,1,158,0,1,18,0,23,0,2,2,421,0,0,0,0,5,0,0,0,46,0,3,0,1,0,0,52,0,0,35,0,1,131,4,1,0
350737,1152,1141,31,489,638,25,663,0,663,9,0,0,3,0,122,1,0,12,0,27,0,0,0,253,0,0,0,0,5,0,0,0,35,0,1,0,0,1,0,51,0,0,27,0,0,107,3,1,5
350738,204,212,8,47,149,8,157,0,157,2,0,0,0,0,9,0,0,2,0,2,0,1,0,58,0,0,0,0,4,1,0,0,13,1,0,0,0,0,0,30,0,0,11,1,0,20,1,0,1
350739,159,46,18,122,26,11,37,0,37,1,0,0,1,0,5,0,0,1,0,0,0,0,0,12,0,0,0,0,2,0,0,0,2,0,1,0,0,0,0,3,0,0,2,0,0,6,1,0,0
350740,387,52,14,341,36,10,46,0,46,0,0,0,0,0,3,0,0,2,1,2,0,0,0,12,0,0,0,0,1,0,0,0,4,0,1,0,0,0,0,2,0,1,3,0,0,14,0,0,0
350785,1164,1152,4,393,767,4,771,0,771,16,4,2,1,0,87,0,0,11,0,38,0,3,1,226,0,0,0,0,8,0,0,0,28,0,1,1,0,0,0,111,0,0,83,1,1,144,4,0,0
350786,1401,1371,9,487,908,6,914,0,914,10,0,1,0,1,89,1,0,29,0,60,0,1,0,331,0,1,0,0,8,0,0,0,44,0,0,0,0,0,0,106,0,0,80,0,1,141,6,0,4
350787,1176,1156,14,430,735,11,746,0,746,5,1,0,1,1,66,1,0,21,0,44,0,0,0,265,0,1,1,0,20,0,0,0,22,0,1,0,0,0,1,84,1,0,67,0,1,136,5,0,1
350788,1428,1416,12,482,935,11,946,0,946,7,0,1,2,0,95,1,0,14,0,49,0,3,0,333,0,1,0,0,10,1,1,1,33,0,0,0,0,0,0,111,0,1,96,0,4,165,14,0,3
350789,1398,1387,10,523,867,8,875,0,875,10,1,0,4,0,113,3,0,22,0,60,0,0,0,293,1,0,0,0,11,0,1,0,26,1,4,0,0,0,0,78,0,0,94,0,0,142,8,0,3
350790,969,952,6,379,586,4,590,0,590,7,0,1,0,0,88,0,0,9,0,31,0,1,1,181,0,0,0,0,8,0,0,1,25,0,1,0,0,1,0,74,0,0,69,1,0,83,6,0,2
350791,1548,1512,8,583,960,5,965,0,965,6,3,2,3,1,142,0,0,21,0,66,0,3,0,299,1,1,0,0,11,0,0,1,33,2,2,0,0,0,1,111,1,2,116,1,0,135,1,0,0
350792,1794,1781,9,611,1175,8,1183,0,1183,12,0,0,0,0,164,0,0,21,0,64,0,0,0,373,1,0,0,0,4,0,0,2,35,1,8,0,0,1,0,145,0,1,148,0,1,185,11,1,5
350793,1731,1702,10,680,1043,8,1051,0,1051,14,0,2,1,0,124,0,0,22,0,65,0,3,1,325,1,2,0,0,13,0,1,1,44,0,2,0,0,0,0,124,1,1,137,2,0,154,8,0,3
350794,1788,1773,10,700,1084,4,1088,0,1088,17,2,1,1,1,145,1,0,27,0,66,0,1,0,336,2,1,1,0,12,0,0,0,49,0,2,0,0,0,3,131,1,1,109,0,0,165,8,1,4
350795,1917,1904,12,731,1177,9,1186,0,1186,16,0,1,1,2,187,1,0,28,0,56,0,2,2,379,0,1,0,1,9,1,0,0,38,2,2,0,0,0,0,141,1,1,130,1,2,171,7,0,3
350796,1311,1299,5,524,783,4,787,0,787,10,2,0,2,1,98,1,0,23,0,39,0,1,0,270,0,0,0,0,8,1,1,2,26,0,4,0,0,0,0,87,0,0,97,0,1,104,5,1,3
350797,1524,1526,19,509,998,17,1015,0,1015,9,1,0,1,1,155,1,0,33,0,55,0,1,0,298,0,0,0,1,8,0,1,0,30,1,2,0,0,0,0,125,0,1,137,0,0,147,6,0,1
350798,1593,1587,9,590,996,7,1003,0,1003,16,0,1,2,0,114,1,0,25,0,36,0,1,0,325,0,0,0,1,10,0,0,0,37,0,3,0,0,0,0,126,0,0,118,0,2,178,3,1,3
350799,1395,1387,11,516,871,8,879,0,879,11,0,2,1,0,113,1,0,36,0,33,0,1,0,271,0,0,1,0,12,0,0,1,33,1,2,1,0,0,1,122,1,1,117,0,1,112,3,0,1
350800,1374,1367,13,506,858,10,868,0,868,5,0,2,2,0,154,0,0,28,0,30,0,0,0,235,0,1,0,1,10,0,0,0,28,1,1,0,0,0,1,112,0,1,135,1,1,111,7,0,1
350801,2100,2076,10,725,1368,7,1375,0,1375,13,1,0,2,0,185,0,1,56,0,59,0,0,0,483,0,2,1,0,17,0,0,3,53,1,4,0,1,0,2,142,0,2,177,0,1,162,5,0,2
350802,2073,2026,12,855,1209,9,1218,0,1218,18,5,4,1,0,129,0,0,43,0,61,1,1,0,400,1,1,0,0,13,0,0,0,61,0,3,0,0,0,1,127,0,1,108,0,2,224,6,1,6
350803,1914,1891,24,758,1137,19,1156,0,1156,11,1,2,0,0,126,0,0,35,1,61,0,0,1,403,0,2,1,0,15,1,0,0,55,3,1,1,0,1,1,105,0,2,125,0,0,197,5,0,0
350804,1893,1859,7,791,1096,6,1102,0,1102,20,1,2,3,0,108,1,0,28,0,37,1,3,3,378,0,0,0,2,8,0,0,3,57,1,0,0,0,0,1,134,0,1,57,0,2,232,12,2,5
350805,1359,1344,6,494,860,5,865,0,865,8,0,1,0,1,118,1,0,30,0,42,0,1,0,272,0,0,0,0,11,0,0,1,45,0,2,0,2,0,2,108,0,0,99,1,0,115,5,0,0
350807,1155,1145,16,458,687,10,697,0,697,15,1,0,1,0,91,3,0,15,0,22,0,1,1,270,2,0,0,1,9,0,0,2,40,0,0,0,0,0,1,82,0,1,52,0,2,80,4,0,1
350808,1620,1613,4,558,1058,4,1062,0,1062,15,2,0,1,1,135,0,0,29,0,55,1,0,0,393,1,0,0,0,16,0,0,3,51,2,1,1,0,0,1,104,0,0,99,0,3,138,5,2,3
350809,1557,1535,10,576,975,6,981,0,981,12,3,3,3,3,96,1,1,30,0,20,0,0,2,420,0,1,0,0,8,0,0,2,54,2,3,1,0,0,0,92,0,1,92,1,2,119,6,0,3
350810,1209,1199,6,403,801,5,806,0,806,12,0,0,0,1,74,0,0,23,1,39,0,1,0,346,1,0,0,0,8,0,1,0,33,0,0,0,0,0,0,77,0,0,75,0,3,101,4,1,5
350811,156,158,9,10,138,8,146,0,146,4,2,0,0,3,8,0,1,2,0,2,0,0,0,37,0,1,1,0,0,0,0,0,14,0,0,0,0,0,0,16,1,0,7,0,0,40,7,0,0
350812,180,42,22,143,22,15,37,0,37,0,0,0,0,0,10,0,0,0,1,2,0,0,0,4,0,0,0,0,0,0,0,1,1,0,0,0,0,0,0,6,0,0,5,0,0,5,2,0,0
350813,201,69,6,135,60,6,66,0,66,0,0,0,0,0,5,0,0,2,0,2,0,0,0,26,0,0,0,0,1,0,0,0,5,0,0,0,0,0,0,4,0,0,6,0,0,15,0,0,0,01,04,2019,00,35
