350172,1425,1390,7,564,855,6,861,0,861,8,1,0,1,0,60,1,0,32,1,41,0,0,0,356,0,0,0,0,10,0,0,1,26,0,3,0,0,0,0,107,0,0,95,1,0,113,2,0,2
350173,1539,1521,12,559,971,9,980,0,980,5,8,1,1,1,70,0,0,32,0,58,0,0,0,423,3,3,0,0,12,0,0,2,28,1,0,0,2,0,1,120,0,0,70,0,1,134,2,0,2
350174,1974,1955,18,762,1201,11,1212,0,1212,14,4,2,3,1,87,0,0,28,0,72,1,0,1,568,0,2,1,0,14,0,0,1,36,0,4,0,1,0,0,124,1,1,74,0,1,159,5,2,5
350175,1356,1336,19,501,838,17,855,0,855,12,1,2,1,2,92,0,0,15,1,36,0,1,0,381,1,0,0,0,9,1,0,0,34,0,0,0,0,0,0,87,0,0,43,0,2,124,4,1,5
350176,741,733,20,293,431,17,448,0,448,8,0,0,0,1,31,0,0,10,0,17,0,0,2,164,0,2,0,0,9,0,0,1,23,0,2,0,0,0,0,66,0,1,25,0,0,81,4,0,1
350177,1143,1133,15,425,706,12,718,0,718,12,1,2,0,0,57,1,0,25,0,28,0,0,1,292,0,5,0,0,8,0,0,0,31,1,1,0,0,0,1,82,0,0,43,0,0,125,1,0,1
350178,519,516,6,227,287,5,292,0,292,10,0,0,0,0,16,0,0,5,0,15,0,0,0,111,0,0,0,0,4,0,0,1,20,0,0,0,0,0,0,35,0,0,12,0,1,58,3,0,1
350179,549,542,9,195,348,6,354,0,354,2,0,0,0,0,22,0,0,7,0,17,0,0,0,146,0,0,0,0,2,0,0,0,18,0,0,0,0,0,0,35,0,1,21,0,2,76,5,0,0
350180,963,955,19,328,618,17,635,0,635,5,0,0,0,0,45,0,0,8,0,21,1,0,0,236,1,1,0,0,8,0,0,0,39,0,0,0,0,0,2,77,0,0,17,0,0,168,6,0,0
350181,1131,1112,28,532,581,18,599,0,599,16,1,0,0,0,41,0,0,19,1,23,0,0,0,230,0,0,0,2,6,0,0,1,22,1,0,0,0,0,0,51,0,0,35,0,0,137,8,3,2
350182,1074,1064,21,412,643,19,662,0,662,15,0,0,0,0,56,0,0,12,0,17,0,0,0,282,2,1,1,0,8,0,0,0,40,0,0,0,0,0,0,56,0,0,31,0,1,133,4,0,3
350183,1050,1031,15,428,608,14,622,0,622,8,0,0,1,0,45,1,0,11,0,24,0,1,0,234,0,0,0,0,6,0,0,0,48,0,1,1,0,0,0,68,0,0,32,0,0,135,5,0,1
350184,969,954,27,331,613,25,638,0,638,2,0,0,0,1,60,0,0,9,0,17,0,0,0,193,0,0,0,0,8,0,0,1,84,1,0,0,1,0,0,43,1,0,43,0,1,168,2,1,2
350185,156,157,12,44,100,12,112,0,112,0,0,1,0,0,10,0,0,0,0,11,0,0,0,31,0,0,0,0,4,0,0,0,15,0,0,0,0,0,0,7,0,0,1,0,2,28,2,0,0
350186,144,149,8,34,102,8,110,0,110,1,0,0,0,0,3,0,0,2,0,3,0,0,0,25,0,0,0,0,0,0,0,0,12,0,0,0,0,0,0,7,0,1,0,0,1,52,2,0,1
350187,258,256,23,87,151,20,171,0,171,3,0,0,0,0,26,0,0,6,0,4,0,0,0,46,0,0,0,0,1,0,0,0,10,0,1,0,1,1,0,24,0,0,7,0,2,39,0,0,0
350188,420,419,26,155,240,25,265,0,265,9,0,0,0,0,35,1,0,6,0,11,0,0,0,87,0,1,0,0,4,0,0,0,22,0,0,0,0,0,0,33,0,0,6,0,1,41,2,1,5
350189,591,586,37,208,351,32,383,0,383,8,0,1,0,0,40,0,0,6,1,14,0,0,0,103,0,0,0,0,2,0,0,0,26,0,1,0,0,0,0,45,0,0,21,0,1,110,2,0,2
350190,525,529,54,118,357,50,407,0,407,11,0,0,1,0,31,0,0,4,0,25,0,0,1,161,1,0,0,0,1,0,0,0,31,1,0,0,0,0,0,36,0,0,11,1,5,80,4,0,2
350191,471,471,56,164,257,50,307,0,307,0,0,0,0,0,19,0,0,8,0,9,0,0,0,109,0,1,0,0,3,0,0,0,50,1,0,0,0,0,0,28,0,0,1,0,0,75,3,0,0
350192,378,382,29,107,243,28,271,0,271,0,0,0,0,0,16,0,0,6,0,1,0,0,0,78,0,0,0,0,1,0,0,0,45,0,0,0,0,0,0,32,0,0,5,0,1,78,5,0,3
350193,921,905,32,393,502,26,528,0,528,2,0,0,1,0,39,0,0,13,0,10,0,0,0,220,0,2,0,0,3,0,1,0,75,1,2,0,0,0,0,63,0,0,15,0,0,75,4,0,2
350194,69,73,5,26,40,3,43,0,43,0,0,0,0,0,6,0,0,0,0,0,0,0,0,8,0,0,0,0,0,0,0,0,3,0,0,0,0,0,1,10,0,0,0,0,0,13,2,0,0
350195,483,475,32,182,270,31,301,0,301,2,1,0,0,0,14,0,0,5,0,4,0,0,0,130,0,0,0,0,1,0,0,0,27,0,0,0,0,0,0,30,0,0,6,0,0,76,4,1,0
350196,414,421,25,136,253,25,278,0,278,0,0,0,0,0,23,1,0,13,0,1,0,0,0,106,0,0,0,0,1,0,0,0,38,1,0,0,0,0,0,12,0,0,7,0,1,74,0,0,0
350197,582,577,24,227,331,24,355,0,355,4,0,0,0,0,45,1,0,6,0,10,0,0,0,124,0,0,0,0,1,0,0,0,54,0,0,0,1,0,0,44,0,0,7,0,1,51,5,1,0
350198,480,477,42,192,252,36,288,0,288,0,0,0,0,0,24,0,0,11,0,3,0,1,0,119,0,1,0,0,0,0,0,0,31,0,0,0,0,0,0,37,0,0,6,0,1,52,2,0,0
350199,147,150,9,70,68,9,77,0,77,0,0,0,0,0,2,0,0,0,0,2,0,0,0,24,0,0,0,0,2,0,0,0,18,0,0,0,0,0,0,13,0,0,1,0,0,15,0,0,0
350200,861,857,36,339,489,33,522,0,522,3,0,0,3,1,44,2,0,14,0,10,1,0,0,225,0,0,0,0,4,1,0,0,28,0,1,0,0,0,1,65,0,0,17,0,1,89,8,0,4
350201,333,336,14,139,180,14,194,0,194,1,0,0,0,0,22,0,0,2,1,3,0,0,0,78,0,0,0,0,0,1,0,1,25,0,0,0,0,0,0,12,1,0,4,0,0,40,3,0,0
350202,231,229,23,73,137,21,158,0,158,1,0,0,0,0,16,0,0,1,0,2,0,0,0,71,0,1,0,0,1,0,0,0,27,0,0,0,0,0,0,8,0,0,1,0,0,29,0,0,0
350203,585,579,57,233,303,49,352,0,352,3,0,1,0,0,20,1,0,2,1,12,0,0,0,115,0,0,0,0,4,0,0,1,26,0,1,0,0,0,0,32,0,2,17,0,0,107,7,0,0
350204,219,217,10,45,166,8,174,0,174,0,0,0,0,0,9,0,0,1,0,3,0,0,0,70,0,0,0,0,0,0,0,0,17,0,0,0,0,0,0,24,0,0,1,0,1,46,0,0,2
350205,213,214,3,78,132,3,135,0,135,1,0,0,0,0,23,1,0,15,0,0,0,0,0,30,0,0,0,0,5,0,0,0,7,0,0,0,0,0,0,10,0,0,0,0,0,41,2,0,0
350206,165,165,11,46,108,11,119,0,119,0,0,0,0,0,7,0,0,3,0,2,0,0,0,35,0,0,0,0,2,0,0,0,11,0,0,0,0,0,0,24,0,0,4,0,1,28,2,0,0
350207,489,494,34,158,301,30,331,0,331,0,0,0,0,0,13,0,0,7,0,7,0,0,0,143,0,0,0,0,0,0,0,0,29,0,0,0,0,0,0,34,0,0,7,0,0,87,3,0,1
350208,225,223,7,96,122,7,129,0,129,0,0,0,0,0,7,0,0,6,0,2,0,0,0,46,0,0,0,0,2,0,0,1,11,0,0,0,0,0,0,17,0,0,2,0,0,31,2,0,2
350209,300,299,7,115,178,7,185,0,185,0,0,0,0,0,20,0,0,5,2,7,0,0,0,51,0,1,0,0,2,0,0,1,19,0,0,1,0,0,1,17,0,0,6,0,2,48,2,0,0
350210,207,211,4,66,137,4,141,0,141,3,0,0,0,0,8,0,0,5,0,1,0,0,0,57,0,0,0,0,1,0,0,0,15,1,0,0,0,0,0,13,0,0,9,0,2,21,4,1,0
350211,153,157,8,58,87,8,95,0,95,0,0,0,0,0,4,0,0,1,1,1,1,0,0,34,0,0,0,0,1,0,0,0,21,0,0,0,1,0,0,16,0,0,2,0,1,10,1,0,0
350212,351,348,14,149,191,11,202,0,202,2,0,0,0,0,5,0,0,4,0,7,0,0,0,62,0,0,0,0,1,0,0,1,30,0,0,1,0,0,0,18,0,0,11,0,0,53,6,1,0
350213,63,71,0,26,37,0,37,0,37,1,0,0,0,0,3,0,0,0,0,3,0,0,0,7,0,0,0,0,3,0,0,0,1,0,0,0,0,0,0,5,0,0,1,0,0,13,0,0,0
350547,63,72,4,23,37,3,40,0,40,0,0,0,0,0,1,0,0,1,0,2,0,0,0,10,0,0,0,0,1,0,0,0,5,0,0,0,0,0,0,4,0,0,2,0,0,13,1,0,0
350548,498,488,14,220,264,14,278,0,278,0,0,0,0,0,41,1,0,2,0,5,0,0,0,80,0,1,0,0,2,0,0,0,45,0,0,0,0,0,0,32,0,0,6,0,1,57,5,0,0
350549,582,577,31,240,316,26,342,0,342,8,0,0,0,0,26,0,0,2,0,13,0,0,0,128,0,0,0,0,6,0,0,0,29,0,1,0,0,0,0,32,0,0,19,0,0,73,3,0,2
350550,1299,1261,45,582,673,44,717,0,717,3,0,1,2,1,72,1,0,15,0,23,0,0,0,262,1,2,0,0,6,0,1,2,67,0,0,0,0,0,0,73,0,0,30,0,0,143,6,2,4
350551,996,983,65,445,491,60,551,0,551,6,0,0,0,1,47,0,0,12,0,14,0,0,0,189,0,1,0,0,3,0,0,1,41,0,1,0,1,0,0,65,0,0,20,0,0,143,3,0,3
350552,819,821,30,321,470,28,498,0,498,2,1,0,0,0,30,0,0,3,0,6,0,1,0,212,0,2,0,0,2,0,0,0,53,0,0,0,0,0,0,53,1,1,26,0,2,99,1,1,2
350553,1128,1127,27,425,679,24,703,0,703,6,1,0,0,0,93,2,0,21,2,21,0,0,1,227,2,0,0,0,4,0,0,0,49,0,3,0,0,0,0,89,0,0,41,0,1,131,4,0,5
350554,1143,1132,37,437,670,36,706,0,706,6,1,0,4,0,65,1,0,9,0,37,0,0,0,174,0,2,0,0,6,0,0,2,39,0,2,0,0,0,1,141,0,0,56,0,0,155,3,0,2
350555,561,553,35,240,290,31,321,0,321,7,0,0,0,0,38,2,0,4,0,15,0,0,0,110,0,0,0,0,0,0,0,1,48,1,0,0,0,0,0,27,0,0,9,0,0,49,9,0,1
350556,351,350,41,136,176,39,215,0,215,2,0,0,1,1,25,0,0,5,0,7,0,0,0,44,0,0,0,0,2,0,0,0,28,1,1,0,0,0,0,52,0,0,4,0,0,34,8,0,0
350557,96,96,11,38,49,9,58,0,58,1,0,0,0,0,2,0,0,0,0,2,0,0,0,9,0,0,0,0,5,0,0,0,7,0,0,0,0,0,0,10,0,0,1,0,0,20,1,0,0
350558,381,375,25,155,204,22,226,0,226,2,1,0,0,1,14,0,0,2,1,7,0,0,0,79,0,0,0,0,1,0,0,0,26,0,0,0,0,0,0,30,0,1,4,0,0,54,3,0,0
350559,807,792,36,287,487,33,520,0,520,4,0,1,0,0,61,0,0,9,0,28,0,0,1,178,0,1,0,0,3,0,0,2,58,0,1,0,0,0,1,57,1,0,29,0,0,81,2,0,2
350560,768,759,32,283,456,29,485,0,485,0,0,0,0,1,72,0,0,4,0,8,0,0,0,158,1,0,0,0,1,0,0,2,64,0,2,0,0,0,1,60,1,0,27,0,5,70,5,1,2
350561,801,796,49,299,455,47,502,0,502,4,1,0,0,2,52,0,0,9,0,10,0,0,0,173,1,2,0,0,2,0,0,0,63,1,4,0,0,0,1,93,0,0,15,0,1,60,7,0,1
350562,639,627,29,237,377,25,402,0,402,1,2,0,0,0,32,0,0,3,0,5,0,0,0,127,0,1,0,1,1,0,0,0,54,0,0,0,0,0,0,98,0,0,9,0,0,65,1,1,1
350563,336,340,29,116,193,27,220,0,220,1,0,0,1,0,16,0,0,5,0,7,0,0,0,65,0,0,0,0,0,0,0,0,34,0,0,0,0,0,0,43,0,0,5,0,0,41,2,0,0
350564,651,641,45,222,387,42,429,0,429,2,0,1,0,1,46,0,0,7,0,13,0,0,0,174,0,0,0,0,3,0,0,0,63,0,0,0,0,1,0,37,0,1,18,0,0,61,0,0,1
350565,141,140,2,49,91,1,92,0,92,1,1,0,0,0,1,0,0,1,0,0,0,0,0,13,0,1,0,0,0,0,0,0,13,0,0,0,0,0,1,34,0,0,1,0,0,24,1,0,0
350566,399,401,34,142,223,34,257,0,257,1,0,0,0,1,17,0,0,1,0,8,0,0,0,69,0,0,0,0,2,0,0,0,49,0,0,0,1,0,0,41,1,0,10,0,1,51,3,0,1
350567,219,218,25,89,107,23,130,0,130,2,0,0,0,0,7,0,1,4,0,6,0,0,0,42,0,0,0,0,1,0,0,0,22,0,0,0,0,0,0,13,0,0,3,0,1,26,2,0,0
350568,696,689,35,241,422,33,455,0,455,3,0,0,0,0,74,0,0,2,0,9,0,0,1,155,2,1,0,0,1,0,0,0,55,3,0,0,0,0,2,48,0,0,18,0,1,73,5,0,2
350569,801,791,47,303,454,44,498,0,498,4,0,0,0,0,38,1,0,9,0,18,0,1,0,164,0,1,0,1,2,0,0,1,101,0,0,0,0,0,0,43,0,0,20,0,1,87,3,0,3
350570,252,247,17,114,122,16,138,0,138,0,0,1,0,0,6,0,0,1,0,4,0,0,0,32,0,0,0,1,1,0,0,0,15,0,0,0,0,0,0,17,0,0,7,0,1,51,1,0,0
350571,357,357,33,98,226,33,259,0,259,3,0,0,1,0,12,0,0,2,0,7,0,0,0,95,0,0,0,0,4,0,0,2,22,0,0,0,0,0,0,26,0,0,12,0,0,65,3,1,4
350572,603,600,57,212,335,56,391,0,391,4,0,0,0,1,49,1,0,6,0,9,0,0,0,134,0,2,2,0,0,0,0,0,51,0,0,0,0,0,2,28,0,0,6,0,2,89,2,1,2
350573,537,534,3,269,265,3,268,0,268,2,0,1,1,0,20,0,1,3,0,11,0,0,0,84,0,0,0,0,2,0,0,1,24,0,1,0,0,0,1,28,0,1,15,0,0,67,3,0,2
350574,114,114,7,37,70,7,77,0,77,0,0,0,0,0,2,0,0,1,0,1,0,1,1,15,0,0,0,0,0,0,0,0,19,0,0,0,0,0,1,18,0,0,2,0,0,14,2,0,0
350575,186,182,3,55,129,2,131,0,131,2,0,0,0,0,7,0,0,0,0,1,0,0,0,22,0,3,0,0,0,0,0,0,13,0,0,0,0,0,0,60,1,0,1,0,0,21,0,0,0
350576,129,128,6,43,82,4,86,0,86,1,0,0,0,0,7,0,0,3,0,3,0,0,0,17,0,0,0,0,0,0,0,0,5,0,0,0,0,0,0,12,0,0,4,0,0,34,0,0,0
350577,537,531,41,214,286,37,323,0,323,0,0,1,0,1,31,0,0,2,0,15,0,0,0,111,1,1,0,0,2,0,0,0,53,0,0,0,1,0,0,24,0,0,24,0,0,49,6,1,0
350578,498,497,36,204,265,29,294,0,294,3,0,0,0,1,40,2,0,12,0,3,0,0,2,100,0,0,0,0,1,0,0,3,35,0,0,0,0,0,0,24,0,0,9,1,0,52,4,0,2
350579,78,79,7,26,45,7,52,0,52,1,0,0,0,0,6,0,0,0,0,3,0,0,0,16,1,0,0,0,0,0,0,0,6,0,0,0,0,0,0,7,0,0,0,0,0,12,0,0,0
350580,687,680,70,218,401,68,469,0,469,2,2,1,0,1,42,0,0,8,0,8,0,0,0,179,0,1,0,0,0,0,0,0,45,0,0,0,0,0,0,64,0,0,6,0,0,103,4,1,2
350582,285,285,14,121,150,14,164,0,164,2,0,1,0,0,9,0,0,4,0,3,0,0,0,25,0,1,0,0,1,0,0,1,25,0,1,0,0,0,0,23,0,0,0,0,0,66,2,0,0
350583,621,612,21,292,312,17,329,0,329,7,0,0,1,0,52,0,0,5,0,8,0,0,0,108,0,0,0,0,1,0,0,0,44,0,1,1,0,0,0,22,0,0,17,0,1,59,0,0,2
350584,990,978,19,435,536,19,555,0,555,5,0,0,0,1,71,0,0,7,0,35,0,0,0,209,0,0,0,0,2,0,0,0,49,0,1,0,0,0,0,56,0,2,34,1,3,75,2,1,1
350585,399,400,26,157,219,23,242,0,242,1,0,0,0,0,28,0,0,6,0,5,0,0,0,93,0,0,0,0,0,0,0,0,45,0,0,0,0,0,0,17,0,0,14,1,2,27,2,0,1
350586,129,129,11,43,75,11,86,0,86,0,0,1,1,0,11,0,0,1,0,1,0,0,0,33,0,0,0,0,0,0,0,0,10,0,0,0,0,0,0,8,0,0,1,0,0,17,2,0,0
350587,447,445,20,171,257,19,276,0,276,5,0,0,1,0,49,0,0,4,0,9,0,0,0,87,0,1,0,0,0,0,0,0,43,0,0,0,0,0,0,32,0,0,9,0,0,32,2,0,2
350588,105,106,6,43,56,6,62,0,62,0,0,1,0,0,4,0,0,1,0,3,0,0,0,9,0,0,0,0,0,0,0,1,22,0,0,0,0,0,0,4,0,0,6,0,0,9,2,0,0
350589,1188,1168,107,423,664,101,765,0,765,12,0,0,2,1,122,0,0,25,0,16,0,1,0,272,0,0,0,0,6,0,0,0,115,1,3,0,0,0,0,66,0,0,24,0,1,93,3,1,1
350590,135,143,12,42,81,12,93,0,93,1,0,0,0,0,14,0,0,2,0,0,0,0,0,35,0,2,0,0,0,0,0,0,17,0,0,0,0,0,0,7,0,0,0,0,1,13,1,0,0
350591,510,498,29,180,302,28,330,0,330,9,0,0,0,0,38,0,0,2,0,6,0,1,1,124,1,0,0,0,5,0,0,0,43,0,0,0,1,0,0,43,0,0,5,0,1,42,4,0,4
350592,180,185,11,64,106,10,116,0,116,1,0,1,0,0,10,0,0,0,0,2,0,0,0,32,0,0,0,0,0,0,1,0,14,0,0,0,0,0,0,26,1,0,2,0,2,23,1,0,0
350593,186,186,7,66,113,7,120,0,120,1,0,0,0,0,24,1,0,1,0,5,0,0,0,28,0,0,0,0,0,0,0,1,9,0,0,0,0,0,0,27,0,0,4,0,1,18,0,0,0
350594,477,477,31,167,283,27,310,0,310,4,1,0,0,0,30,0,0,0,0,3,0,0,0,87,0,0,0,0,5,1,0,1,53,0,0,0,0,0,0,28,0,0,13,0,0,84,0,0,0
350615,1389,1360,49,500,845,44,889,0,889,7,0,1,0,1,60,1,1,42,0,36,0,0,1,332,0,3,0,0,9,0,0,0,64,0,1,0,0,0,4,92,1,1,39,0,1,179,8,1,4
350616,1683,1655,20,593,1073,17,1090,0,1090,21,0,1,4,2,57,0,0,72,0,56,0,1,2,472,5,1,0,1,6,0,0,1,54,1,3,0,0,0,0,118,0,1,38,0,1,165,2,0,5
350617,1617,1591,24,572,1029,16,1045,0,1045,14,0,0,0,1,54,0,0,62,1,43,0,0,1,469,1,4,0,0,4,1,0,2,61,0,4,0,1,0,1,81,0,2,48,0,4,173,9,0,4
350618,1170,1157,19,457,699,14,713,0,713,9,0,0,2,0,41,0,1,33,0,24,0,1,0,277,0,0,0,0,1,0,2,2,75,0,1,0,0,0,0,65,0,1,18,0,1,151,6,0,2
350619,294,293,12,89,193,12,205,0,205,4,0,0,0,0,9,0,0,9,0,4,0,0,1,61,0,1,0,0,2,0,0,0,13,0,0,0,0,0,1,28,0,0,4,1,0,61,4,0,2
350620,630,622,21,264,347,19,366,0,366,4,0,0,1,0,60,0,0,11,0,9,0,0,1,125,1,0,0,2,6,0,0,0,41,0,0,0,0,1,0,27,0,0,15,0,2,56,2,0,2
350621,333,331,8,96,229,8,237,0,237,0,0,0,2,0,13,0,0,10,0,7,0,0,0,84,0,0,0,0,5,0,0,1,33,0,0,0,0,0,1,26,0,1,5,0,0,47,2,0,0
350622,261,254,12,87,162,12,174,0,174,3,0,0,0,0,6,0,1,4,0,8,0,0,1,53,0,1,0,0,0,0,0,0,25,0,0,0,0,0,1,33,0,0,1,0,1,33,3,0,0
350623,681,679,60,235,389,57,446,0,446,4,0,0,0,0,40,0,0,21,0,6,1,0,1,179,1,0,1,0,5,0,0,0,50,0,1,0,0,0,0,42,0,0,24,0,2,65,3,0,0
350624,750,742,29,237,485,28,513,0,513,7,0,0,1,0,38,0,0,23,1,6,0,0,0,183,0,0,0,0,3,0,0,2,42,0,0,0,0,0,0,114,0,0,14,0,0,73,6,0,0
350625,252,250,4,67,181,4,185,0,185,3,1,0,0,0,13,0,0,2,0,3,0,0,0,85,0,0,0,0,0,0,0,0,22,0,0,0,0,0,0,39,0,0,1,0,0,14,1,0,1
350626,291,285,9,96,186,9,195,0,195,1,0,0,1,0,13,0,0,11,0,5,0,0,0,90,0,0,0,0,1,0,0,0,23,0,0,0,0,0,0,22,1,0,8,0,0,17,1,1,0
350627,393,392,20,161,216,16,232,0,232,1,1,0,0,0,14,0,0,19,0,9,0,0,1,64,0,0,0,0,2,1,0,0,45,1,0,0,0,0,0,39,0,1,4,0,0,25,4,0,1
350628,132,142,8,29,98,5,103,0,103,2,0,0,0,0,9,0,0,4,0,2,0,0,0,38,0,0,0,0,0,0,0,0,13,0,0,0,0,0,0,20,0,0,4,0,0,11,0,0,0
350629,711,695,5,295,411,5,416,0,416,6,0,0,0,0,18,0,0,18,0,6,0,0,0,142,0,0,0,0,2,0,0,1,47,0,0,0,0,0,1,31,0,0,6,0,2,123,13,0,0
350630,177,179,9,64,104,9,113,0,113,2,0,0,1,0,18,0,0,7,0,4,0,0,0,24,1,0,0,0,1,0,0,0,24,0,0,0,0,0,1,13,0,0,0,0,0,15,2,0,0
350631,936,917,35,352,550,34,584,0,584,13,0,0,1,0,40,1,0,14,0,27,0,0,0,188,0,2,0,0,23,0,0,0,91,1,2,0,0,0,0,49,0,0,15,0,0,108,7,1,1
350632,174,175,7,64,103,7,110,0,110,1,0,0,0,0,5,0,0,0,0,1,0,0,0,34,1,0,0,0,1,0,0,0,26,0,0,0,0,0,0,14,0,0,3,0,2,21,1,0,0
350633,273,275,3,79,191,3,194,0,194,2,0,1,0,0,6,0,0,2,0,2,1,0,0,19,0,0,0,0,2,0,0,0,61,0,0,0,0,0,0,25,0,0,8,0,1,60,4,0,0
350634,540,544,6,217,319,4,323,0,323,1,0,0,0,0,21,0,0,9,0,26,1,0,0,111,0,0,3,0,0,0,0,0,53,1,1,0,0,0,0,48,0,0,9,0,1,35,3,0,0
350635,828,809,4,347,477,4,481,0,481,3,2,1,0,1,41,0,1,16,0,34,0,0,0,190,0,1,0,0,10,1,0,0,49,0,1,0,0,0,0,57,0,0,10,0,1,58,4,0,0
350636,549,548,18,244,290,15,305,0,305,3,0,0,0,1,20,0,0,6,0,9,0,0,0,88,0,0,0,0,2,0,0,0,59,1,1,0,0,0,1,20,0,0,8,0,1,80,3,1,1
350637,561,563,10,257,295,9,304,0,304,1,0,0,0,0,19,0,0,6,0,8,0,0,0,94,0,0,0,0,2,0,0,0,55,1,0,0,0,0,0,25,0,0,5,0,2,80,5,1,0
350640,99,99,6,27,66,6,72,0,72,0,0,0,0,0,7,0,0,4,0,0,0,0,0,24,0,0,0,0,0,0,0,0,12,0,0,0,0,0,0,11,0,0,0,0,0,13,1,0,0
350641,183,184,11,76,97,10,107,0,107,0,0,0,0,0,7,0,0,3,0,1,0,0,0,31,0,0,0,0,0,0,0,1,27,0,1,0,0,0,1,10,0,0,4,0,0,21,0,0,0
350642,738,750,43,221,476,41,517,0,517,2,0,1,0,0,40,2,1,33,0,21,0,0,1,195,0,0,0,0,4,0,0,1,59,0,0,0,0,0,1,54,0,0,20,0,0,74,8,0,0
350643,513,510,14,158,344,11,355,0,355,0,2,0,0,1,13,1,0,10,1,21,0,0,0,135,1,0,0,0,5,0,0,0,47,0,1,0,0,0,0,44,0,0,17,0,0,53,2,0,1
350644,315,313,3,111,201,3,204,0,204,0,0,0,0,0,8,0,0,4,1,4,0,0,0,87,0,0,0,0,3,0,0,0,25,0,0,0,0,0,0,25,0,0,5,0,0,40,2,0,0
350645,516,503,4,204,309,3,312,0,312,4,0,0,0,0,15,1,0,3,0,11,0,0,0,79,0,0,0,0,3,0,0,0,54,0,1,0,0,0,0,51,1,0,5,0,3,78,2,0,1
350646,342,342,5,102,235,5,240,0,240,3,0,0,0,1,13,0,0,10,0,9,0,0,0,81,0,1,0,0,1,0,0,0,42,0,0,0,0,0,0,26,0,0,2,0,0,51,0,0,0
350647,171,37,23,136,14,21,35,0,35,0,0,0,0,0,0,0,0,0,0,1,0,0,0,9,0,0,0,0,2,0,0,0,4,0,0,0,0,0,0,4,0,0,0,0,2,13,0,0,0
350648,381,345,0,42,339,0,339,0,339,14,1,2,0,1,4,0,0,5,0,2,0,1,0,92,0,0,0,0,0,0,0,3,6,0,0,0,0,0,0,2,0,1,0,0,0,186,19,0,0
350694,1134,1122,28,405,704,25,729,0,729,8,0,0,3,0,50,0,1,16,0,14,0,0,0,285,0,0,0,0,21,1,0,2,40,1,1,0,0,0,0,71,0,2,31,1,0,170,6,1,4
350695,657,652,13,253,394,10,404,0,404,2,0,0,1,0,21,0,0,10,0,6,0,0,0,130,0,1,0,1,3,4,0,1,42,0,2,0,0,0,1,39,0,0,22,0,2,103,6,1,6
350696,1002,993,23,407,580,15,595,0,595,6,0,0,0,2,42,0,0,19,0,16,0,0,0,234,0,0,0,0,7,0,0,2,64,0,1,0,0,0,0,49,0,4,15,0,0,113,13,0,8
350697,402,393,28,157,219,26,245,0,245,0,0,0,0,0,5,0,0,8,0,8,0,0,0,42,0,0,0,0,1,0,0,4,34,0,3,0,0,0,1,40,0,0,10,0,3,80,4,1,1
350698,270,264,15,97,159,14,173,0,173,4,0,0,0,0,6,0,0,3,0,3,0,0,0,53,0,0,0,0,0,0,0,0,21,0,0,0,0,0,0,13,0,0,1,0,0,63,5,0,1
350699,243,240,5,122,117,4,121,0,121,0,0,0,0,0,12,0,0,2,0,3,0,1,1,37,0,0,0,0,0,0,0,0,14,0,0,0,0,0,1,16,0,0,0,0,1,30,3,0,0
350700,348,343,6,116,226,6,232,0,232,1,0,1,1,0,12,0,0,5,0,4,0,0,0,53,0,0,0,0,0,0,0,0,33,0,0,0,0,0,1,22,0,0,17,0,3,78,1,0,0
350701,720,715,37,293,393,34,427,0,427,12,0,0,1,0,32,0,0,7,1,9,0,0,0,120,1,1,0,2,3,0,1,0,48,1,1,0,0,0,0,47,0,0,10,0,2,121,7,0,0
350702,171,171,12,68,92,11,103,0,103,0,0,0,0,0,3,0,0,4,0,0,0,0,0,28,0,0,0,0,0,0,0,1,9,0,0,0,0,0,0,4,1,0,0,0,0,52,0,0,1
350703,102,99,6,33,63,6,69,0,69,0,0,0,0,0,5,0,0,0,0,4,0,0,0,22,0,0,0,0,0,0,0,0,7,0,0,0,0,0,0,10,0,0,2,0,0,17,2,0,0
350704,783,770,42,310,432,41,473,0,473,10,2,0,0,1,37,0,0,7,0,4,1,0,1,97,0,1,0,1,34,0,1,1,49,0,0,0,0,0,0,42,0,0,12,0,2,158,9,0,3
350705,147,146,12,59,79,9,88,0,88,1,0,0,0,0,12,0,0,8,0,1,0,0,0,21,0,0,0,0,0,0,0,0,12,0,0,0,0,0,1,7,0,0,1,0,0,23,0,0,1
350706,336,332,24,104,208,24,232,0,232,3,0,0,0,0,16,1,0,3,0,7,0,0,0,68,0,0,0,0,0,0,0,2,25,1,1,0,0,0,0,23,1,0,3,0,1,69,5,0,3
350707,390,397,19,112,259,19,278,0,278,0,1,0,0,0,17,0,0,8,0,10,0,0,0,70,0,2,0,0,8,0,0,0,24,0,0,0,0,0,0,32,0,0,21,0,0,76,6,0,3
350708,90,88,9,32,49,9,58,0,58,0,0,0,0,0,9,0,0,2,0,2,0,0,0,10,0,0,0,0,0,0,0,0,9,0,0,0,0,0,0,7,0,0,0,0,0,19,0,0,0
350709,768,759,40,269,461,38,499,0,499,3,2,0,0,0,33,0,0,7,0,14,0,0,1,144,1,0,0,0,6,0,0,1,82,0,1,0,0,0,0,46,0,2,7,0,1,139,9,0,0
350710,204,198,5,74,127,3,130,0,130,2,0,0,0,0,12,1,0,1,0,8,0,0,0,35,0,0,0,0,6,0,0,1,20,0,0,0,0,0,0,15,0,0,0,0,2,26,1,0,0
350711,393,390,9,135,249,9,258,0,258,3,1,0,0,0,14,0,0,6,0,3,0,1,0,73,0,1,0,0,1,0,0,0,33,2,1,0,1,0,0,27,0,0,9,0,1,72,7,0,2
350712,243,235,24,83,137,23,160,0,160,3,0,0,0,1,21,0,0,3,0,0,0,0,0,56,0,0,0,0,2,1,0,0,17,0,0,0,0,0,0,8,0,0,0,0,2,43,3,0,0
350713,267,266,4,90,173,4,177,0,177,0,0,0,0,0,12,0,0,10,1,7,0,0,0,34,0,0,0,0,6,0,0,0,27,0,0,0,0,0,1,28,0,0,1,0,0,49,0,1,0
350714,513,508,12,201,300,12,312,0,312,1,1,0,0,0,18,0,0,6,0,11,0,0,0,126,0,1,0,0,2,0,0,1,48,1,1,0,0,0,1,17,0,2,2,0,0,67,6,0,0
350715,168,159,10,67,94,7,101,0,101,2,0,0,0,0,3,0,0,8,0,1,0,0,0,31,0,0,0,1,0,0,0,2,13,1,0,0,0,0,0,15,0,0,0,0,2,22,0,0,0
350716,390,384,22,133,238,19,257,0,257,4,0,0,0,0,8,0,0,5,0,9,0,0,0,80,0,2,0,0,3,0,0,0,41,0,0,0,0,0,0,27,0,0,3,0,0,65,10,0,0
350717,63,19,0,44,19,0,19,0,19,0,0,0,0,0,0,0,0,0,0,0,1,0,0,9,0,0,0,0,0,0,0,0,0,0,0,0,0,0,0,1,0,0,0,0,0,6,1,1,0
350741,1905,1878,12,699,1199,7,1206,0,1206,14,1,3,2,2,191,1,0,33,0,53,2,0,2,416,0,0,1,1,4,0,0,0,72,1,9,0,0,0,1,124,0,1,71,0,0,187,14,0,0
350743,2286,2277,30,927,1337,22,1359,0,1359,17,1,2,2,2,156,0,1,49,0,47,0,1,0,531,2,4,0,0,5,0,0,1,99,2,5,0,0,0,0,145,0,3,112,0,2,159,8,0,3
350744,1692,1677,23,693,982,17,999,0,1000,19,2,2,3,1,158,1,1,27,0,37,0,0,0,399,0,0,0,0,12,0,1,0,62,2,0,0,0,1,0,79,0,1,65,1,2,117,7,0,0
350745,1614,1602,26,597,996,21,1017,0,1017,8,1,0,0,2,133,0,0,27,0,62,0,0,1,382,0,1,0,1,11,0,0,2,64,0,0,0,0,0,0,95,0,0,81,1,0,130,10,0,5
350746,1839,1820,26,650,1169,20,1189,0,1189,14,1,0,1,1,227,1,0,44,1,47,0,1,0,416,3,1,0,0,7,1,0,1,49,0,5,0,0,0,1,145,0,0,81,0,3,131,6,0,1
350747,1992,1973,22,696,1278,18,1296,0,1296,16,1,3,3,2,209,3,1,30,0,61,0,0,0,454,2,1,0,0,14,1,0,0,44,0,1,0,0,0,2,132,0,1,93,0,0,212,6,1,3
350748,1605,1621,31,672,918,15,933,0,933,11,1,1,4,1,139,0,0,22,1,39,0,1,0,349,1,1,0,0,6,0,0,0,26,0,0,0,0,0,1,110,0,0,89,0,0,121,4,1,4
350749,1530,1515,30,617,889,24,913,0,913,5,1,2,3,2,142,1,0,48,0,45,0,0,0,320,0,3,1,1,13,0,0,0,33,0,6,0,0,0,0,91,0,0,79,1,0,108,5,0,3
350750,1578,1560,20,577,985,16,1001,0,1001,7,3,0,2,0,176,0,0,56,0,51,0,2,1,326,0,2,0,0,12,0,0,2,47,1,1,0,0,1,0,96,0,1,68,0,0,134,7,3,2
350751,2316,2278,19,876,1424,16,1440,0,1440,14,6,2,3,1,179,2,0,59,0,61,0,0,1,596,0,3,1,0,17,0,0,1,56,0,1,0,0,0,0,139,0,1,128,0,2,153,9,2,3
350752,2433,2413,27,884,1525,24,1549,0,1549,11,2,0,2,0,178,1,0,53,0,61,0,2,0,724,1,1,0,0,19,2,2,0,68,4,4,0,0,0,2,143,0,0,103,0,0,151,10,4,1
350753,1752,1748,13,623,1121,8,1129,0,1129,11,2,0,1,0,191,1,0,32,0,45,0,0,0,436,2,1,0,0,20,0,0,0,46,0,3,0,0,0,0,102,0,2,79,0,1,144,4,1,5
350754,2055,2033,23,824,1213,18,1231,0,1231,15,2,1,3,1,171,2,1,42,0,52,0,1,0,460,0,2,0,1,8,0,0,1,55,0,2,0,0,0,1,142,2,0,94,0,2,164,3,0,3
350755,1911,1882,21,737,1157,17,1174,0,1174,11,0,1,3,0,183,1,0,43,0,59,1,0,2,416,1,0,2,0,13,1,0,1,52,1,3,0,0,0,0,114,0,0,91,0,2,164,5,0,4
350756,1830,1797,31,672,1131,27,1158,0,1158,14,0,2,4,3,166,0,0,22,0,50,0,0,0,482,1,3,0,0,3,0,0,1,42,0,4,0,0,0,0,114,0,1,86,0,3,145,5,1,6
350757,2040,2007,10,780,1252,8,1260,0,1260,12,1,2,1,1,205,0,1,43,0,58,0,0,0,473,0,2,0,0,8,0,0,2,53,3,5,0,1,0,0,127,1,0,91,0,3,163,3,0,1
350758,1893,1864,15,656,1227,10,1237,0,1237,9,3,0,1,2,181,4,0,40,0,58,0,0,0,450,1,2,0,1,12,0,0,2,57,1,4,0,0,0,0,136,0,1,98,1,1,154,11,1,6
350759,2328,2310,17,943,1372,13,1385,0,1385,9,2,1,3,4,198,1,0,48,0,60,2,1,1,559,2,0,0,0,9,0,0,0,63,0,7,1,0,0,2,135,0,3,112,0,1,153,1,4,3
350760,2322,2281,14,1036,1276,10,1286,0,1286,11,0,0,1,1,141,1,0,29,0,62,0,1,0,535,2,0,1,0,11,1,0,1,70,2,2,0,0,0,2,121,0,1,115,0,0,162,12,0,1
350761,2277,2253,10,862,1409,6,1415,0,1415,16,2,0,2,2,217,1,1,43,1,53,0,2,1,527,2,3,0,0,17,0,0,2,68,2,2,0,1,0,0,160,0,0,97,0,1,180,11,1,0
350762,2241,2205,14,859,1370,12,1382,0,1382,7,2,2,2,2,192,0,0,61,0,72,0,0,0,571,0,0,0,1,18,0,1,0,55,0,4,0,1,1,1,140,0,1,88,0,1,152,5,0,2
350763,1560,1543,11,596,956,8,964,0,964,8,1,1,0,1,134,0,0,33,0,52,1,0,0,364,0,1,0,1,7,0,0,0,63,0,3,0,0,1,0,96,0,1,58,0,3,122,7,1,5
350764,2322,2275,12,949,1365,8,1373,0,1373,13,1,2,2,3,185,0,1,43,0,53,0,0,1,562,1,2,0,0,11,1,0,3,83,1,6,0,0,2,1,119,0,1,102,0,1,169,3,1,0
350765,2232,2196,15,875,1347,10,1357,0,1357,17,3,2,2,2,176,0,0,53,0,55,0,0,2,506,1,2,2,1,12,0,0,1,80,0,4,1,0,0,0,144,0,0,104,1,0,178,4,1,3
350766,1419,1404,11,523,886,10,896,0,896,7,2,1,0,1,95,0,0,18,0,39,0,1,0,383,0,0,1,0,8,0,0,1,68,1,1,0,0,0,0,66,0,0,49,0,2,138,9,0,5
350768,1344,1317,17,657,674,13,687,0,687,12,0,0,0,0,131,0,0,22,1,25,0,0,1,238,1,0,0,0,2,0,0,2,51,1,0,0,0,0,1,46,1,1,45,0,0,98,5,1,2
350769,1473,1456,8,619,849,5,854,0,854,12,0,2,4,1,92,0,0,23,0,40,0,0,1,362,3,0,0,0,4,0,0,0,47,0,2,0,0,0,1,68,1,0,58,0,2,119,7,1,4
350770,2109,2084,23,879,1213,17,1230,0,1229,13,0,1,1,0,151,0,0,26,0,58,2,0,1,482,0,1,0,0,13,0,0,0,73,0,2,0,0,0,2,121,1,0,79,0,3,189,6,2,2
350771,2094,2070,26,859,1212,23,1235,0,1235,15,0,5,1,2,158,0,0,28,0,52,0,0,1,455,0,1,0,0,20,0,0,2,64,1,5,0,0,0,0,100,1,0,94,0,6,213,5,4,2
350772,2010,1982,25,881,1109,20,1129,0,1129,10,0,2,2,4,184,2,4,31,1,57,0,0,1,438,2,5,3,1,8,1,1,0,78,0,3,0,0,0,1,88,0,0,66,0,2,123,5,0,6
350773,1113,1100,22,479,612,22,634,0,634,3,0,1,0,1,125,0,0,18,0,32,0,0,0,230,2,0,0,0,8,0,0,1,27,2,1,0,0,0,1,68,0,0,27,0,0,81,3,1,2
350774,1260,1243,4,559,697,4,701,0,701,8,1,2,2,2,120,0,0,13,0,13,0,0,0,251,0,0,0,1,9,0,1,0,56,0,1,0,0,1,1,67,0,0,49,0,0,98,4,0,1
350775,1521,1508,12,716,795,10,805,0,805,9,0,0,1,1,129,1,1,16,0,32,1,0,0,331,0,0,0,0,9,0,0,2,48,0,1,0,1,0,0,45,0,1,56,0,2,108,8,0,2
350776,1452,1437,14,648,793,11,804,0,804,9,0,1,1,1,142,2,0,19,0,29,0,0,0,302,1,2,0,0,1,0,0,0,58,0,2,0,0,0,0,50,0,0,58,0,2,115,5,0,4
350777,510,510,10,246,259,5,264,0,264,4,0,1,0,0,43,2,0,2,0,13,0,0,0,95,0,1,0,0,3,0,0,0,13,0,0,0,0,0,0,24,0,0,11,0,1,47,3,1,0
350778,843,838,20,312,514,17,531,0,531,3,0,0,0,0,104,0,0,8,0,17,0,0,1,197,0,0,1,1,7,0,0,1,40,1,0,0,0,0,0,39,0,0,16,0,1,87,7,0,0
350779,780,779,5,295,482,3,485,0,485,7,0,1,0,0,90,1,0,11,0,11,0,0,1,158,0,0,0,0,0,0,0,0,52,0,0,0,0,0,0,40,0,0,17,1,1,91,2,0,1
350780,1728,1699,43,704,982,42,1024,0,1024,13,2,2,3,2,162,1,0,24,0,49,0,1,0,365,3,0,1,0,4,0,0,1,53,3,3,0,0,0,0,103,0,3,42,0,2,175,6,0,1
350781,171,183,39,0,132,39,171,0,171,3,0,0,0,1,14,1,0,3,0,7,0,0,1,25,1,0,0,1,1,1,0,2,51,1,0,1,0,0,0,26,0,0,1,0,0,25,3,0,2
350782,432,68,37,366,30,36,66,0,66,2,1,0,0,0,13,0,0,0,0,2,0,0,0,26,0,0,0,0,0,0,0,0,1,0,0,0,0,0,0,6,0,0,4,0,1,10,0,0,0
350783,216,59,9,158,49,9,58,0,58,0,0,0,0,0,4,0,0,1,1,1,0,0,0,16,0,0,0,0,1,0,0,1,8,0,0,0,0,1,0,8,0,0,5,0,1,8,1,0,1
350784,81,41,0,42,39,0,39,0,39,2,1,0,0,0,7,1,0,0,0,0,0,1,0,10,0,0,0,0,0,0,0,1,5,0,0,0,0,0,0,3,0,0,1,0,1,4,1,0,1,31,03,2019,23,58
