000001,492,419,0,73,419,0,419,0,419,22,0,0,0,2,45,3,1,4,0,2,0,0,0,163,1,0,1,0,2,0,1,0,7,0,0,0,0,0,0,83,0,1,0,0,1,67,10,1,2
000002,1041,1036,0,89,952,0,952,0,952,22,4,2,3,0,9,0,0,2,1,61,0,6,2,250,0,0,0,2,38,1,1,2,9,1,0,0,0,0,5,441,1,0,31,0,0,40,8,1,9
000003,552,553,0,96,456,0,456,0,456,8,1,2,0,2,13,0,1,6,0,14,1,0,1,236,1,0,0,0,13,1,0,0,12,1,2,0,1,2,1,115,0,0,9,0,0,9,2,0,2
440065,2196,2173,51,915,1238,43,1281,0,1281,18,2,0,0,1,433,0,0,55,0,40,0,2,1,368,0,2,0,0,8,0,0,0,88,3,3,0,0,0,0,103,0,0,51,0,0,93,5,1,4
440066,1359,1338,35,464,863,32,895,0,895,7,3,1,0,0,340,2,0,44,0,17,0,0,0,246,0,1,1,0,11,0,1,1,75,1,0,0,0,0,0,49,0,0,20,0,1,72,2,0,0
440067,1845,1803,43,771,1038,36,1074,0,1074,10,1,1,1,2,413,0,0,51,0,24,0,0,0,300,0,0,0,0,10,0,0,1,78,0,0,0,0,0,0,63,0,0,37,0,1,77,1,0,3
440068,480,475,52,170,264,46,310,0,310,2,0,0,0,0,143,0,0,11,0,10,0,0,0,44,0,0,2,0,0,0,0,2,46,0,0,0,0,0,0,16,0,0,4,0,1,27,2,0,0
440069,429,426,24,161,244,24,268,0,268,1,0,0,1,0,111,0,0,13,0,9,0,0,0,45,0,0,0,0,0,0,0,1,33,1,0,0,0,0,0,13,0,1,2,0,0,36,1,0,0
440070,153,160,11,33,109,11,120,0,120,0,0,0,0,0,59,0,0,10,0,2,0,0,0,23,0,0,0,0,0,0,0,0,10,0,0,0,0,0,2,0,0,2,1,0,1,9,1,0,0
440071,312,312,14,103,196,13,209,0,209,3,0,0,0,1,75,1,0,5,0,8,0,0,0,29,0,2,0,0,2,0,3,0,31,0,0,0,0,0,0,25,0,0,1,0,0,20,3,0,0
440072,906,894,63,335,512,59,571,0,571,4,0,0,1,0,250,2,0,20,0,5,0,1,0,159,0,0,0,0,1,0,0,0,45,1,0,0,0,0,0,36,0,0,6,1,0,34,1,0,4
440073,378,376,41,114,234,30,264,0,264,0,0,0,0,4,82,0,0,17,0,16,0,0,0,61,0,0,0,0,2,0,0,0,30,0,0,0,0,0,0,15,0,1,9,0,0,24,2,0,1
440074,249,255,22,61,169,19,188,0,188,2,0,0,1,0,55,0,0,3,0,8,0,0,0,42,0,0,0,0,0,0,0,0,24,0,0,0,0,0,0,16,0,0,14,0,0,22,0,0,1
440075,342,344,27,113,203,26,229,0,229,1,0,2,0,0,45,0,0,5,1,10,0,0,0,23,0,0,0,0,0,0,0,0,96,1,0,0,0,0,0,31,1,0,1,0,0,12,0,0,0
440076,294,293,28,70,201,23,224,0,224,1,0,0,0,0,39,0,0,5,0,5,0,0,0,56,0,0,1,0,0,0,0,0,66,1,0,0,0,0,0,20,0,0,6,0,1,21,1,0,1
440077,294,290,25,110,162,22,184,0,184,0,0,0,0,0,78,1,0,15,0,5,0,0,0,18,0,0,0,0,0,0,0,0,25,0,0,0,0,0,0,17,0,0,7,0,0,17,0,1,0
440079,495,492,36,190,272,33,305,0,305,1,0,0,0,0,85,0,0,16,0,7,0,0,0,79,0,0,0,0,1,0,0,0,50,2,0,0,0,0,0,29,0,0,4,0,0,28,3,0,0
440080,207,203,23,75,112,20,132,0,132,2,0,0,1,1,52,0,0,5,0,1,0,0,0,26,0,0,0,0,0,0,0,0,18,0,0,0,0,0,0,6,1,0,2,0,0,16,1,0,0
440081,720,700,51,278,394,48,442,0,442,2,1,1,1,0,188,2,0,16,0,4,1,0,1,88,0,0,1,0,1,0,0,1,54,0,0,0,0,0,0,23,1,0,7,0,0,43,4,0,2
440082,132,136,11,36,85,11,96,0,96,1,0,0,0,0,18,0,0,0,0,0,0,0,0,11,0,0,0,0,0,0,0,0,20,0,0,0,0,0,0,28,0,0,2,0,0,15,0,0,1
440083,543,540,68,189,296,58,354,0,354,6,1,2,0,0,164,0,0,26,0,4,0,0,0,65,0,0,0,0,0,0,1,0,36,0,0,0,0,0,0,14,0,0,4,0,0,31,0,0,0
440084,213,218,13,67,134,12,146,0,146,0,0,0,0,0,53,0,0,6,0,8,0,0,0,34,0,0,0,0,2,0,0,0,12,0,1,0,0,0,0,8,0,0,1,0,0,20,1,0,0
440085,504,491,50,184,271,49,320,0,320,3,1,0,0,0,182,0,0,12,0,6,0,0,0,57,0,0,0,0,0,0,1,17,0,0,0,0,0,0,0,17,1,0,2,0,0,18,1,0,2
440086,240,242,18,86,136,18,154,0,154,0,0,0,0,0,70,0,0,2,0,2,0,0,0,25,0,2,0,0,0,0,0,0,18,1,0,0,0,0,0,14,0,0,2,0,0,17,1,0,0
440087,363,361,31,156,178,29,207,0,207,1,0,0,0,0,110,0,0,6,0,1,0,0,0,28,0,0,0,0,0,0,0,0,13,0,0,0,0,0,0,11,0,0,1,0,0,34,0,0,2
440089,330,324,34,119,179,32,211,0,211,0,0,0,0,0,118,0,0,9,0,6,0,0,0,31,0,0,0,0,0,0,0,0,21,0,0,0,0,0,0,10,1,0,0,0,0,13,1,0,1
440090,87,92,7,42,39,6,45,0,45,1,0,0,0,0,16,0,0,0,0,0,0,0,0,8,0,0,0,0,0,0,0,0,8,0,0,0,0,0,0,3,0,0,0,0,0,8,1,0,0
440091,516,512,27,248,245,23,268,0,268,0,0,1,1,1,139,0,0,8,0,2,0,0,0,46,0,0,0,0,0,0,0,0,17,0,0,0,0,0,0,13,0,0,3,1,0,34,2,0,0
440092,378,376,12,140,226,12,238,0,238,2,0,1,0,0,80,0,1,3,0,5,0,1,0,79,0,1,0,0,0,0,0,0,17,1,0,0,0,0,0,22,0,0,1,0,0,24,0,0,0
440093,132,132,5,51,76,5,81,0,81,3,0,0,0,1,29,0,0,4,0,0,0,0,0,18,0,0,0,0,0,0,0,0,7,0,0,0,0,0,0,11,0,0,0,0,0,8,0,0,0
440094,843,848,48,320,477,46,523,0,523,7,1,0,0,0,286,3,0,24,0,7,0,0,0,95,2,0,0,0,0,0,1,1,28,0,0,0,0,1,0,30,0,0,5,0,1,25,0,0,6
440095,69,68,2,25,42,2,44,0,44,1,0,0,0,0,15,0,0,0,0,1,0,0,0,6,0,0,0,0,0,0,0,0,4,0,0,0,0,0,0,5,0,0,0,0,0,12,0,0,0
440096,363,361,31,126,211,26,237,0,237,1,0,0,1,0,132,0,0,11,0,8,0,0,0,20,0,0,0,0,0,0,0,0,11,0,0,0,0,0,0,11,0,0,4,0,0,37,0,1,0
440134,1578,1571,36,683,865,30,895,0,895,15,0,3,3,1,391,1,0,56,0,14,0,0,0,277,1,0,0,0,5,0,0,0,10,0,0,0,0,0,2,64,0,0,19,0,0,27,1,1,4
440135,1494,1479,22,678,799,17,816,0,816,7,0,0,1,1,342,2,0,40,0,7,0,0,0,276,2,0,0,0,1,0,0,0,17,0,0,0,0,0,0,56,0,0,15,0,0,47,2,0,0
440136,1434,1435,26,584,830,20,850,0,850,10,2,2,4,0,370,1,0,56,0,15,0,0,0,264,1,3,0,0,3,0,1,0,18,0,0,0,0,0,1,53,0,0,11,0,1,32,1,0,1
440137,1416,1397,12,599,810,7,817,0,817,5,0,2,2,3,373,1,0,39,0,15,0,0,0,222,0,0,0,0,3,0,2,0,10,0,0,0,0,0,0,79,0,0,32,0,0,28,0,0,1
440138,1257,1295,19,495,745,17,762,0,762,11,0,0,3,1,340,0,0,42,1,17,0,0,0,184,1,1,0,0,10,0,0,0,17,0,0,0,1,0,0,64,0,0,23,0,2,44,0,0,0
440139,1491,1480,59,703,746,42,788,0,788,11,0,3,2,1,337,1,0,68,0,4,0,1,0,226,0,1,0,0,2,0,1,0,16,0,0,1,0,0,1,52,0,0,16,0,0,42,2,0,0
440140,1365,1371,17,615,739,11,750,0,750,6,1,1,2,3,317,0,0,46,0,15,0,0,0,221,0,1,0,0,0,0,0,0,16,0,0,0,0,0,2,50,0,0,11,0,0,52,2,0,4
440141,1173,1171,24,491,664,18,682,0,682,8,1,1,0,0,285,2,0,38,0,13,0,1,0,201,1,1,1,0,3,1,0,0,10,0,0,0,0,0,0,53,0,0,25,0,0,34,0,0,3
440142,1806,1783,37,884,892,30,922,0,922,21,0,0,0,0,459,1,0,34,0,9,0,0,0,287,1,0,0,0,1,0,1,0,17,0,0,0,0,0,0,40,1,0,9,0,0,39,2,0,0
440143,1533,1528,31,731,780,22,802,0,802,9,0,2,0,2,373,1,0,51,0,13,0,0,0,227,1,0,0,0,2,0,0,0,24,0,0,1,0,0,0,35,0,0,12,0,0,47,2,0,0
440144,1458,1434,18,667,774,17,791,0,791,10,0,0,0,1,358,5,0,68,0,8,0,0,0,219,1,2,0,0,4,0,1,0,22,1,0,0,0,0,0,39,0,0,15,0,0,33,2,1,1
440145,585,591,48,249,290,46,336,0,336,3,1,0,0,0,170,0,0,16,0,1,0,0,0,63,0,1,0,0,2,0,0,0,9,0,0,0,0,0,1,15,0,0,7,0,0,43,4,0,0
440146,714,708,118,278,345,91,436,0,436,12,0,1,0,0,203,4,0,22,0,2,0,2,0,95,1,0,0,0,1,0,1,2,32,0,0,0,0,0,1,32,0,0,4,2,0,17,1,1,0
440147,288,290,6,108,174,6,180,0,180,0,0,0,0,0,41,0,0,7,0,3,1,0,0,73,0,0,0,0,0,0,0,0,35,0,0,0,0,0,0,11,0,0,0,0,0,6,2,0,1
440148,1836,1798,87,846,908,82,990,0,990,11,0,0,0,2,563,3,0,66,0,6,0,0,0,168,0,1,0,0,0,0,0,0,48,3,0,0,0,0,0,38,0,1,25,0,1,45,6,0,3
440149,1629,1604,106,804,741,84,825,0,825,8,0,1,0,0,489,5,0,78,0,12,0,0,0,136,0,1,0,0,0,0,0,0,21,0,1,0,0,0,0,21,1,0,16,0,0,32,1,0,2
440151,204,202,9,83,112,9,121,0,121,1,0,0,0,0,39,0,0,2,0,1,0,1,0,24,0,0,0,0,0,0,0,0,11,0,0,0,0,0,0,6,1,0,0,0,0,35,0,0,0
440152,405,401,41,163,205,37,242,0,242,1,0,1,1,0,99,0,0,6,0,5,0,0,0,55,0,0,1,0,0,0,1,0,33,0,0,0,0,0,0,18,0,0,2,0,0,19,0,0,0
440153,327,326,17,109,204,14,218,0,218,0,0,0,0,0,106,0,0,11,0,6,0,0,0,58,0,0,0,0,0,0,5,0,11,0,0,1,0,0,0,15,0,0,1,0,0,4,0,0,0
440154,441,436,47,152,246,43,289,0,289,3,0,0,0,0,85,0,0,22,0,4,0,0,0,73,0,0,0,0,0,0,0,0,40,0,0,0,0,0,0,40,0,0,10,0,1,9,0,1,1
440155,1254,1232,65,715,492,47,539,0,539,8,1,0,0,0,289,1,0,50,0,12,0,0,1,102,1,0,0,0,0,0,0,0,34,0,0,0,0,0,0,16,0,0,6,0,0,16,2,0,0
440156,489,486,66,199,233,57,290,0,290,4,0,0,0,0,164,0,0,15,0,3,0,0,0,52,0,0,0,0,0,0,0,0,10,0,0,0,0,0,1,15,0,0,3,0,0,21,1,0,1
440158,354,354,19,142,194,18,212,0,212,2,1,1,0,0,81,1,0,23,0,1,0,0,0,49,0,1,0,0,0,0,0,0,22,0,0,0,0,0,0,17,0,1,1,0,0,10,0,0,1
440159,1329,1313,101,556,675,98,773,0,773,11,2,16,0,0,292,0,2,45,21,6,0,0,1,246,0,0,0,0,0,0,1,0,45,1,0,0,3,0,0,30,0,0,5,0,2,38,2,1,3
440160,729,714,80,275,386,68,454,0,454,4,1,0,0,0,175,1,0,39,0,8,0,0,1,159,0,0,0,0,2,0,0,0,36,0,1,0,0,0,0,8,0,0,5,0,0,12,1,1,0
440161,585,575,63,246,282,57,339,0,339,0,0,1,0,0,132,1,0,23,0,10,0,0,0,99,0,0,0,0,1,0,0,0,22,0,2,0,0,0,0,16,0,0,8,0,0,19,5,0,0
440162,342,344,29,141,177,24,201,0,201,4,0,1,0,0,93,1,0,18,0,1,0,0,0,55,0,0,0,0,0,0,0,0,6,0,0,0,0,0,0,9,0,0,0,0,0,9,2,1,1
440163,1062,1055,80,408,588,66,654,0,654,9,0,3,2,2,397,0,0,45,0,8,0,0,0,95,2,0,1,0,0,0,0,0,21,0,0,0,0,0,0,19,0,0,3,0,0,41,5,1,0
440164,870,860,57,382,438,50,488,0,488,11,0,1,2,2,308,2,0,9,0,2,1,0,1,91,0,0,1,0,1,0,0,0,10,0,0,0,0,1,1,15,0,0,9,0,0,18,1,0,1
440165,744,734,34,257,453,34,487,0,487,5,1,0,1,1,207,1,0,46,0,8,0,0,0,116,0,2,0,0,2,0,0,0,25,2,0,0,0,1,1,18,0,0,7,0,0,41,2,0,0
440166,648,636,83,201,369,78,447,0,447,3,1,1,1,0,260,0,0,12,0,10,0,0,0,77,0,0,0,0,0,0,0,0,24,0,0,0,0,0,1,23,0,0,7,0,0,24,1,0,2
440167,318,314,25,119,177,22,199,0,199,0,0,0,0,0,91,1,0,6,0,5,0,0,0,38,0,0,0,0,2,0,0,0,14,0,0,0,0,0,0,20,0,1,5,0,0,15,0,1,0
440168,990,971,82,388,529,73,602,0,602,4,1,1,0,0,274,0,0,35,0,11,0,0,1,155,0,2,0,0,0,0,0,0,44,0,0,0,0,0,0,38,0,0,5,0,0,30,1,0,0
440169,252,60,42,196,18,38,56,0,56,0,0,0,0,0,25,0,0,3,0,0,0,0,0,13,0,0,0,0,0,0,0,0,3,0,0,0,0,0,0,4,0,0,0,0,0,8,0,0,0
440257,1839,1869,32,751,1058,30,1088,0,1088,13,0,2,0,3,390,0,1,33,0,25,0,1,2,384,1,0,0,0,6,0,1,0,35,0,0,0,0,0,0,109,0,0,19,0,0,56,3,1,3
440258,1101,1078,29,485,592,24,616,0,616,8,1,1,1,0,269,1,0,23,0,5,0,0,0,226,0,0,0,0,2,0,0,0,13,0,1,0,0,0,0,35,0,0,8,0,0,21,0,0,1
440259,783,775,6,436,343,4,347,0,347,1,0,0,0,0,153,2,0,6,0,12,0,2,0,113,0,0,0,0,2,0,1,0,4,0,1,0,0,1,0,24,0,0,2,0,0,18,3,0,2
440260,1671,1639,33,757,896,18,914,0,914,8,5,1,0,3,400,2,0,37,0,22,0,0,2,268,1,2,1,0,2,0,0,0,25,0,2,0,0,0,0,71,1,0,20,0,1,39,0,0,1
440261,258,260,3,117,139,2,141,0,141,1,0,0,2,1,67,0,0,5,0,2,0,0,0,42,1,0,0,0,3,0,0,0,4,0,0,0,0,0,0,7,0,0,2,0,0,4,0,0,0
440262,717,701,45,349,328,40,368,0,368,3,1,2,2,0,175,2,0,11,0,14,0,0,1,92,0,0,1,0,1,0,0,0,15,0,0,0,0,0,2,24,0,0,2,0,1,16,2,0,1
440263,759,757,31,374,360,25,385,0,385,9,0,0,1,0,205,1,0,34,0,1,0,0,0,75,0,2,1,0,1,0,0,0,12,0,0,0,1,0,1,26,0,0,4,0,0,8,3,0,0
440264,417,413,26,192,201,24,225,0,225,2,1,1,1,1,85,0,0,9,0,3,0,0,1,60,1,0,0,0,0,0,0,0,20,0,0,0,0,0,0,21,0,0,2,0,0,17,0,0,0
440265,852,840,21,382,450,20,470,0,470,5,0,0,2,0,292,1,1,13,0,7,0,0,0,76,0,1,0,0,0,0,0,0,24,1,0,0,0,0,0,35,0,0,3,0,0,8,0,0,1
440266,126,130,5,37,84,5,89,0,89,2,0,0,0,0,25,0,0,12,0,6,0,0,0,21,0,0,1,0,0,0,0,0,2,0,0,0,0,0,0,2,0,0,6,0,0,12,0,0,0
440267,714,715,57,294,365,55,420,0,420,2,0,0,0,0,238,1,0,22,0,5,0,1,1,93,0,0,0,0,1,0,0,0,8,1,1,0,0,0,0,14,0,0,6,0,0,23,3,0,0
440268,591,586,32,284,276,31,307,0,307,4,0,1,1,0,139,1,0,12,0,6,0,0,1,94,0,0,0,0,0,0,0,0,13,0,0,0,0,0,0,17,0,0,2,0,0,15,0,0,1
440269,513,507,42,182,292,39,331,0,331,1,0,0,0,0,176,1,0,15,0,12,0,0,0,82,0,0,0,0,0,0,0,0,18,0,0,0,0,0,0,12,0,0,5,0,0,7,0,0,2
440270,327,321,8,138,181,8,189,0,189,2,0,0,1,0,84,1,0,2,0,13,0,0,1,42,0,0,0,0,0,0,0,1,10,0,0,0,0,0,0,17,0,0,1,0,0,13,0,0,1
440271,381,382,10,160,215,6,221,0,221,3,1,0,0,1,91,1,0,16,0,4,0,0,0,40,0,0,0,0,0,0,0,0,23,0,1,0,0,0,0,24,0,0,5,0,0,10,0,0,1
440272,102,104,3,40,60,2,62,0,62,0,0,0,0,0,15,0,0,5,0,2,0,0,0,21,0,1,0,0,0,0,0,0,7,0,0,0,0,0,0,6,0,0,1,0,0,4,0,0,0
440273,675,676,18,336,325,14,339,0,339,2,0,0,0,0,113,0,0,22,0,8,0,0,1,112,0,0,0,0,0,0,1,3,15,0,0,1,0,0,0,22,0,0,2,0,0,35,0,0,2
440274,660,652,42,301,322,37,359,0,359,1,0,1,0,0,216,1,0,17,0,4,0,0,1,60,1,0,0,0,0,0,0,0,19,0,0,0,0,0,0,25,0,0,2,0,0,9,0,1,1
440275,327,329,23,114,190,23,213,0,213,1,0,0,0,1,173,2,0,0,0,2,0,0,0,19,0,0,0,0,0,0,0,1,1,0,0,0,0,0,1,10,0,0,0,0,0,2,0,0,0
440276,369,357,16,189,166,14,180,0,180,6,0,0,0,0,76,1,0,1,0,5,0,0,0,45,1,0,0,0,1,0,0,0,10,0,0,0,0,0,0,28,1,0,0,0,0,3,1,0,1
440277,1350,1339,16,792,544,14,558,0,558,6,0,1,1,0,274,2,0,59,0,1,0,0,2,131,1,0,0,0,1,0,0,1,7,0,0,0,0,0,1,33,0,0,12,1,0,24,0,0,0
440278,759,746,33,326,403,30,433,0,433,7,1,0,1,1,192,0,0,31,0,13,0,0,0,102,0,0,0,0,1,0,0,1,28,0,1,0,0,0,0,18,0,0,12,0,0,24,0,0,0
440279,315,316,37,121,160,34,194,0,194,0,0,1,0,0,107,0,0,5,0,1,0,0,0,35,0,0,0,0,0,0,0,0,28,1,0,0,0,0,0,5,0,0,4,0,0,7,0,0,0
440280,390,373,10,186,198,6,204,0,204,3,0,1,0,0,82,0,0,16,0,1,0,0,0,59,0,0,1,0,3,0,0,1,16,0,0,0,0,0,0,10,0,0,3,0,0,8,0,0,0
440281,228,242,0,91,137,0,137,0,137,0,1,0,0,0,65,0,0,6,0,2,0,0,0,38,0,0,1,0,0,0,0,0,6,0,1,0,0,0,0,3,0,0,3,0,0,11,0,0,0
440282,843,879,40,381,427,35,462,0,462,2,0,0,2,1,208,1,0,9,0,17,0,0,0,139,0,1,0,0,2,0,0,0,18,0,0,0,1,0,0,29,0,0,1,0,0,26,1,1,3
440283,216,205,0,24,192,0,192,0,192,30,18,1,4,1,33,4,4,5,3,9,4,1,3,18,2,2,4,1,0,2,1,2,3,4,1,0,1,2,0,10,0,0,1,1,0,8,4,2,3
440425,171,180,7,40,124,7,131,0,131,0,0,1,0,0,38,0,1,16,0,1,0,0,0,38,0,0,0,0,2,0,0,0,7,0,0,0,0,0,0,10,0,0,6,0,0,10,1,0,0
440426,1326,1313,23,503,808,15,823,0,823,9,0,0,0,3,396,0,0,59,0,10,0,0,0,235,0,0,0,0,2,0,0,1,27,0,0,0,0,0,0,22,0,0,18,0,1,37,0,1,2
440427,1047,1036,14,368,666,13,679,0,679,3,0,1,1,1,281,2,0,70,0,16,0,0,0,211,0,0,0,0,5,0,0,1,13,0,1,0,0,0,0,29,0,0,13,0,0,27,1,0,3
440428,1470,1468,31,533,914,23,937,0,937,15,2,0,2,1,371,0,2,88,1,9,0,0,0,276,0,0,1,0,4,1,0,0,23,0,0,0,0,0,0,48,0,1,31,1,0,57,2,1,0
440429,1677,1696,31,634,1019,24,1043,0,1043,13,0,1,2,2,384,1,0,86,0,21,0,3,0,318,0,0,0,0,3,1,0,0,40,0,0,0,0,0,0,60,1,1,35,0,2,65,1,0,3
440430,1752,1745,89,669,1007,76,1083,0,1083,13,2,1,1,3,429,4,1,98,1,20,1,1,1,297,3,5,1,0,12,0,1,2,46,0,0,0,0,1,1,65,0,1,29,0,0,35,4,3,1
440431,1731,1713,44,669,1027,35,1062,0,1062,13,0,2,0,0,395,1,2,94,2,19,0,1,1,332,1,0,1,0,1,0,1,0,37,0,0,1,0,0,0,49,2,0,50,1,2,49,3,0,2
440432,1302,1238,22,521,765,16,781,0,781,10,0,0,0,2,340,1,1,67,0,8,0,0,0,237,0,1,0,0,2,0,0,0,30,0,1,1,0,0,0,25,0,1,21,1,0,27,2,1,2
440433,1941,1945,20,703,1225,13,1238,0,1238,7,2,5,2,1,490,2,0,117,0,11,0,0,0,374,1,1,0,0,9,0,0,0,31,0,1,0,0,1,0,86,0,0,35,0,0,57,3,0,2
440434,2019,1993,52,814,1164,41,1205,0,1205,14,0,0,0,2,542,0,0,105,1,12,0,0,4,345,1,0,0,0,1,0,0,0,36,0,0,0,0,0,0,57,0,4,33,0,1,42,4,0,1
440435,561,556,39,200,329,32,361,0,361,3,0,0,0,0,225,2,0,16,0,6,0,0,0,48,0,1,0,0,0,0,0,2,13,0,0,0,1,0,0,16,0,0,5,0,0,22,0,0,1
440436,123,121,7,24,92,7,99,0,99,0,0,0,0,0,62,1,0,5,0,4,0,0,0,14,0,0,0,0,0,0,0,1,1,0,0,0,0,0,0,1,0,0,1,0,0,8,1,0,0
440437,510,507,50,175,288,47,335,0,335,1,0,1,0,0,84,0,0,39,0,6,0,0,0,82,0,0,0,0,0,0,0,1,67,0,0,0,0,0,0,20,0,1,3,0,0,27,1,0,2
440438,204,202,27,77,103,24,127,0,127,0,1,0,0,0,55,0,0,14,0,3,0,0,0,20,0,0,0,0,0,0,0,0,9,0,0,0,0,0,0,6,0,1,1,0,0,15,0,0,2
440439,276,280,39,113,131,32,163,0,163,0,0,1,1,0,57,0,0,9,0,4,0,0,0,48,1,1,0,0,0,0,0,0,12,0,0,0,0,0,0,11,0,0,1,0,0,14,1,1,1
440440,924,911,17,368,547,9,556,0,556,10,1,2,0,0,267,0,0,19,0,7,0,0,0,135,0,0,0,0,0,0,0,0,30,0,1,0,0,0,0,24,0,0,8,0,1,48,2,1,0
440441,381,379,9,130,242,9,251,0,251,2,0,0,1,0,120,0,0,7,0,1,0,0,0,70,0,3,0,0,0,0,0,0,14,0,0,0,0,0,0,6,0,0,8,0,0,18,0,0,1
440442,87,87,4,36,48,3,51,0,51,1,0,0,0,0,18,0,0,0,0,2,0,0,0,9,0,0,0,0,0,0,0,1,5,1,0,0,0,0,0,4,0,0,1,0,0,9,0,0,0
440443,390,385,35,135,220,35,255,0,255,2,0,1,0,1,102,0,0,3,0,4,0,0,0,58,0,0,0,0,0,0,0,1,29,0,0,0,0,0,1,27,1,0,2,0,0,21,2,0,0
440444,384,384,17,131,238,15,253,0,253,2,0,1,0,1,144,0,1,8,0,3,0,0,0,55,0,1,0,0,0,0,0,2,10,0,0,0,1,1,0,5,0,0,2,0,1,14,0,1,0
440445,75,75,4,30,41,4,45,0,45,0,0,0,0,0,9,0,0,0,0,1,0,0,0,6,0,0,0,0,0,0,0,0,6,0,0,0,0,0,0,3,0,0,0,0,0,20,0,0,0
440446,387,384,20,127,241,19,260,0,260,2,0,0,0,2,151,0,0,3,0,7,0,0,0,43,0,0,0,0,0,0,0,2,11,0,0,0,0,0,0,17,0,1,4,0,0,15,1,0,1
440447,288,289,14,120,160,8,168,0,168,3,0,0,0,1,90,1,0,5,0,2,0,0,0,22,0,0,0,0,0,0,0,0,14,0,0,0,0,0,0,13,0,0,1,0,0,15,0,0,1
440448,405,394,17,160,232,13,245,0,245,4,0,1,0,1,101,1,0,6,0,5,0,0,0,59,0,0,0,0,1,0,0,0,22,0,0,0,0,0,0,23,0,0,1,1,0,12,1,3,3
440449,384,384,29,166,200,18,218,0,218,1,0,1,0,0,74,0,0,10,0,4,0,0,0,53,0,0,0,0,0,0,0,0,22,0,0,0,0,0,1,24,1,0,3,0,1,22,0,0,1
440450,1602,1581,56,662,888,52,940,0,940,14,0,1,2,2,489,6,0,31,0,8,0,0,0,210,0,1,1,0,2,0,1,0,42,0,0,0,0,0,0,53,0,0,24,0,0,50,3,0,0
440451,777,765,20,281,481,15,496,0,496,13,2,1,0,1,167,2,0,21,0,4,0,0,0,151,1,0,0,0,1,0,0,1,53,0,1,0,0,1,1,28,0,1,8,0,1,34,2,0,1
440452,810,795,24,334,452,24,476,0,476,4,0,2,0,1,190,0,1,16,0,12,0,0,0,140,0,0,0,0,0,0,0,1,28,0,0,0,0,0,2,43,2,0,11,0,2,16,1,0,4
440453,141,141,5,24,112,5,117,0,117,1,0,3,0,1,53,0,0,9,0,7,0,0,0,12,0,0,0,0,0,0,0,1,7,0,0,0,0,0,0,7,0,0,3,0,1,8,2,0,2
440454,1500,1485,87,566,852,82,934,0,934,4,0,0,2,1,414,0,2,53,0,14,0,0,1,263,1,3,0,0,1,0,0,1,60,1,1,0,0,2,0,54,0,2,23,0,0,28,3,0,0
440455,243,239,5,113,126,4,130,0,130,2,0,1,0,0,65,0,0,11,0,2,0,0,1,20,0,0,0,0,0,0,0,0,12,0,0,0,0,0,0,8,0,0,1,0,0,4,2,0,1
440456,417,406,41,118,261,38,299,0,299,1,0,1,0,0,155,1,0,8,0,2,0,0,0,59,0,0,1,0,1,1,0,0,15,0,0,0,0,0,0,21,0,3,13,0,0,16,1,0,0
440457,114,114,12,38,66,10,76,0,76,1,0,0,0,0,26,0,0,4,1,4,0,0,0,14,0,0,0,0,0,0,0,0,2,0,0,0,0,0,1,7,0,0,2,0,0,13,0,1,0
440458,300,297,38,111,156,33,189,0,189,2,0,0,2,0,83,0,0,8,0,6,0,0,0,40,0,0,0,0,0,0,0,2,13,1,0,0,0,0,0,12,0,0,0,0,2,16,1,1,0
440459,513,522,43,162,312,39,351,0,351,3,0,1,0,0,126,2,1,21,1,17,0,0,0,94,0,0,0,0,0,0,0,0,31,0,0,0,0,1,0,19,0,0,7,0,0,22,2,0,3
440460,387,386,41,125,228,34,262,0,262,5,0,0,0,1,125,0,0,12,0,3,0,0,0,54,0,0,0,0,0,0,0,1,14,0,0,0,0,0,0,16,0,0,5,0,2,22,0,1,1
440461,297,294,26,101,171,25,196,0,196,1,0,0,0,0,49,0,0,9,0,4,0,0,0,50,0,0,0,0,6,0,0,1,11,0,0,0,0,0,0,13,0,2,16,0,0,29,4,0,1
440557,1032,1035,10,377,646,9,655,0,655,7,2,0,1,1,277,2,0,30,0,15,0,0,1,201,0,0,0,0,3,0,0,0,22,0,1,0,0,0,0,31,1,1,17,0,0,38,0,0,4
440558,753,752,11,295,449,9,458,0,458,11,0,0,0,3,155,0,1,24,0,10,0,1,0,164,0,0,0,0,3,0,0,0,8,0,1,0,0,0,0,30,0,0,21,0,1,23,0,0,2
440559,885,891,15,343,529,13,542,0,542,4,3,0,0,2,193,0,0,39,0,7,0,0,0,174,0,0,1,0,1,0,0,0,9,1,0,0,1,0,0,44,0,0,28,3,0,29,0,0,3
440560,1419,1469,13,567,840,12,852,0,852,11,8,0,1,1,312,2,0,48,0,14,0,1,0,262,0,0,0,0,4,0,0,0,18,1,0,0,0,0,0,99,0,0,33,1,0,34,0,0,2
440561,1722,1742,11,716,996,10,1006,0,1006,16,7,0,0,1,392,3,0,68,0,21,0,0,0,328,0,0,1,0,7,0,0,0,29,1,1,0,0,0,0,54,0,0,27,0,1,46,1,1,1
440562,1338,1335,17,570,757,11,768,0,768,9,0,0,1,0,367,0,0,43,0,10,0,0,1,231,1,0,0,0,1,0,0,0,19,1,0,0,0,0,0,33,0,0,25,0,0,22,2,1,1
440563,1632,1614,19,707,914,11,925,0,925,9,0,2,1,1,402,4,0,55,0,17,0,0,0,289,1,0,0,0,3,0,0,0,15,0,0,1,0,0,0,50,0,0,25,2,2,42,1,0,3
440564,1629,1657,34,602,1001,26,1027,0,1027,10,0,1,3,0,337,1,1,44,0,19,0,1,0,401,0,0,0,0,6,0,0,0,11,3,0,0,1,0,2,77,1,0,39,1,1,57,5,0,5
440565,1827,1802,12,747,1070,10,1080,0,1080,14,3,2,0,1,401,0,0,93,0,23,0,0,0,329,0,0,1,0,2,0,1,2,27,1,0,0,0,0,0,72,0,0,43,0,0,60,0,2,3
440566,1455,1461,9,539,911,5,916,0,916,6,0,1,0,1,332,3,0,80,0,30,0,0,0,302,0,0,0,0,1,0,0,0,16,1,2,0,0,0,0,66,0,0,34,1,3,30,0,0,7
440567,1671,1699,21,664,989,18,1007,0,1007,8,0,0,1,0,404,0,0,57,0,18,0,0,0,355,0,0,0,0,1,1,1,0,22,0,1,0,0,0,0,53,0,0,36,0,1,41,3,2,2
440568,819,800,81,316,435,68,503,0,503,5,0,3,1,0,206,2,0,33,0,12,1,0,0,138,0,0,0,0,2,0,0,0,37,0,0,0,0,0,0,30,0,1,10,0,1,17,2,1,1
440569,2091,2063,49,875,1175,41,1216,0,1216,17,1,0,1,2,551,4,0,62,0,14,0,0,2,388,1,0,1,0,3,0,0,0,36,3,2,0,0,0,1,53,0,1,19,0,0,46,2,2,4
440570,585,579,47,230,313,42,355,0,355,2,0,1,1,2,114,0,0,36,0,9,0,0,1,97,0,0,0,0,2,0,0,0,31,0,0,0,0,0,0,16,0,0,18,0,1,23,1,0,0
440571,1020,1007,26,478,521,21,542,0,542,4,0,0,1,0,254,2,0,46,0,8,0,0,0,123,0,0,0,0,1,0,0,0,33,0,1,0,0,0,0,20,1,0,18,0,0,28,1,0,1
440572,525,520,50,200,280,45,325,0,325,4,0,0,0,1,98,0,1,27,0,4,0,0,0,76,1,0,0,0,0,0,0,0,47,0,1,0,0,0,2,42,1,0,6,0,0,12,1,0,1
440573,468,458,25,207,240,21,261,0,261,2,0,0,0,0,110,0,0,5,0,6,0,0,0,64,0,0,0,0,2,0,0,0,9,1,0,1,0,0,0,13,0,0,12,0,1,31,4,0,0
440574,360,359,25,126,212,22,234,0,234,2,0,1,0,0,122,2,0,4,0,1,0,0,0,52,0,3,0,0,0,0,0,0,22,0,1,0,0,0,1,14,0,0,3,0,0,5,0,0,1
440575,735,735,39,258,438,39,477,0,477,5,0,1,0,0,179,1,1,25,0,6,0,1,0,159,2,1,0,0,0,0,0,0,31,0,0,0,0,0,1,12,0,0,9,0,0,42,1,0,0
440576,1005,989,164,352,497,156,653,0,653,3,0,1,1,2,201,14,5,39,2,8,2,1,2,197,7,6,0,1,2,0,1,1,43,1,0,1,1,0,0,34,0,1,6,1,1,50,8,6,4
440577,1674,1597,65,698,925,51,976,0,976,8,0,1,0,0,394,5,0,78,0,14,0,0,0,329,2,1,1,0,0,0,1,3,44,1,1,0,0,0,0,40,0,0,11,0,2,38,0,0,2
440578,543,539,64,222,260,61,321,0,321,5,0,0,0,2,149,0,1,17,0,5,0,0,0,54,0,0,0,0,0,0,0,1,31,0,0,0,0,0,0,25,0,0,9,0,0,19,1,0,2
440579,618,606,42,256,333,29,362,0,362,4,0,1,0,3,179,3,0,14,0,1,0,0,0,79,0,0,0,0,0,0,0,0,32,1,0,0,0,0,0,14,0,1,11,0,0,18,0,0,1
440580,339,334,32,87,225,27,252,0,252,5,1,1,0,1,118,3,0,11,0,4,0,0,0,73,0,0,0,0,0,0,1,0,14,1,0,0,0,0,0,12,0,0,4,0,0,2,0,0,1
440582,1764,1733,42,686,1040,38,1078,0,1078,3,0,0,0,1,471,0,0,63,0,20,0,0,1,345,1,0,0,0,0,0,0,1,43,0,0,0,0,0,1,37,0,0,22,0,1,61,1,1,5
440583,918,909,24,362,532,24,556,0,556,2,0,0,0,2,264,1,0,29,0,16,0,0,0,164,0,0,0,0,1,0,0,0,31,0,0,0,0,0,0,12,0,0,16,0,0,16,0,0,2
440584,2133,2111,42,763,1333,37,1370,0,1370,9,1,2,2,0,546,2,2,85,0,17,2,0,1,472,0,0,0,0,5,0,0,3,48,1,0,0,0,0,0,75,0,0,33,0,0,54,6,2,2
440585,366,365,23,97,246,23,269,0,269,1,0,0,1,1,105,1,0,15,0,2,0,0,0,85,0,1,0,0,0,0,0,0,14,0,0,0,0,0,0,15,0,0,0,0,0,27,1,0,0
440586,417,413,29,205,188,24,212,0,212,5,0,1,0,0,70,0,0,10,0,4,0,0,0,59,0,0,0,0,0,0,0,1,15,0,0,0,0,0,0,14,0,0,3,0,0,28,2,0,0
440587,411,403,26,125,261,25,286,0,286,2,1,1,0,1,129,1,0,20,0,2,0,0,0,85,0,0,0,0,1,0,0,0,20,0,0,0,0,0,0,8,0,1,3,0,1,9,0,0,1
440588,357,351,20,150,187,20,207,0,207,5,3,1,0,0,70,1,0,11,0,1,0,0,0,74,0,0,0,0,0,0,0,0,9,0,0,0,0,0,0,13,0,1,4,0,0,12,2,0,0
440589,318,318,25,97,198,23,221,0,221,1,0,0,0,0,89,1,0,23,0,14,1,0,0,48,0,0,0,0,0,0,0,0,17,0,0,0,0,0,0,14,0,0,2,0,0,11,0,0,0
440590,294,296,21,77,196,21,217,0,217,2,0,2,0,0,115,0,0,13,1,8,0,0,0,24,0,0,0,0,0,0,0,1,13,0,0,0,0,0,0,9,0,0,5,0,0,23,1,0,0
440591,207,202,7,65,136,6,142,0,142,3,0,3,0,0,75,2,0,5,0,2,0,0,0,25,0,0,0,0,0,0,0,0,15,1,0,0,0,0,0,4,0,0,1,0,0,6,0,0,0
440592,1881,1864,41,816,1036,29,1065,0,1065,9,1,2,1,1,512,3,0,55,0,11,0,1,0,328,1,1,1,1,8,0,0,0,29,1,0,0,0,0,0,37,0,0,24,0,2,32,1,0,3
440593,1611,1596,40,623,952,36,988,0,988,9,2,0,2,1,438,2,0,38,1,8,0,0,1,328,0,0,0,0,8,0,0,0,40,1,0,0,0,0,0,27,0,0,21,0,0,54,0,0,7
440594,390,387,54,123,217,50,267,0,267,2,0,2,0,2,122,0,1,19,0,8,0,0,0,52,0,2,0,0,0,0,0,0,21,0,1,0,0,0,0,13,1,0,3,0,0,16,0,0,2
440595,1629,1614,82,641,920,68,988,0,988,3,0,1,0,2,489,2,0,40,0,22,0,0,1,274,0,0,0,0,3,0,0,0,46,1,1,0,0,0,0,43,1,0,18,2,2,32,2,0,3
440596,276,65,47,217,12,47,59,0,59,0,0,0,0,0,35,0,0,3,0,1,0,0,0,11,0,0,0,0,0,0,0,0,1,0,0,0,0,0,0,3,0,0,3,0,0,1,1,0,0
440597,2064,2036,72,714,1289,61,1350,0,1350,6,1,1,1,6,791,3,0,53,0,20,0,0,1,292,2,0,1,0,1,0,0,2,17,1,1,0,0,0,0,66,0,0,11,1,0,64,4,0,4
440598,1224,1200,68,464,703,57,760,0,760,2,0,0,0,0,451,1,0,29,0,8,0,0,0,167,0,1,0,0,0,0,0,0,9,1,0,1,0,0,0,44,0,0,4,0,2,36,1,0,3
440599,1377,1358,59,591,732,54,786,0,786,10,0,0,1,1,483,1,0,16,0,8,0,0,0,162,1,0,0,0,1,0,0,0,21,1,0,0,0,0,1,32,0,0,7,0,0,32,6,0,2
440600,753,742,67,279,409,65,474,0,474,3,0,0,1,0,329,0,0,9,0,3,0,1,0,64,0,0,0,0,0,0,0,0,7,0,0,0,0,0,1,22,0,0,1,0,0,31,1,0,1
440601,261,260,30,65,167,29,196,0,196,0,0,3,0,1,85,0,1,7,1,2,0,0,0,31,0,0,0,0,0,1,0,1,19,0,0,0,0,0,0,16,0,0,0,0,0,22,2,0,4
440602,309,309,38,87,189,33,222,0,222,5,2,0,0,1,152,2,0,3,0,1,0,0,1,20,0,0,0,0,0,0,0,0,6,1,0,0,0,0,0,11,0,0,2,0,0,13,1,0,1
440603,72,75,11,3,59,10,69,0,69,0,0,3,0,0,31,0,0,6,0,0,0,0,0,7,0,0,0,0,0,0,0,0,3,0,0,0,0,0,0,4,0,0,0,1,0,11,0,0,3
440604,327,324,36,113,182,32,214,0,214,2,0,0,0,0,128,1,0,8,0,0,0,0,0,20,0,0,0,0,1,0,0,0,15,0,0,0,0,0,0,13,0,0,0,0,0,22,1,0,3
440605,336,335,39,83,219,34,253,0,253,3,0,0,0,0,148,1,1,2,0,5,0,0,0,51,0,0,0,0,0,0,0,0,12,0,0,0,0,0,0,10,0,0,3,0,1,12,1,1,2
440606,150,149,21,61,75,14,89,0,89,1,0,0,0,0,50,1,0,3,0,1,0,0,0,9,0,0,0,0,0,0,0,0,4,0,0,0,0,0,0,7,0,0,0,0,0,12,1,0,0
440607,468,459,34,157,284,27,311,0,311,2,0,1,0,1,220,0,0,7,0,1,0,0,0,33,0,0,0,0,0,0,0,0,9,0,0,0,0,0,0,17,0,0,0,0,1,16,0,0,3
440608,318,319,51,99,172,47,219,0,219,0,0,5,1,0,141,1,0,4,0,0,0,0,0,36,0,1,0,0,0,0,0,0,12,0,0,0,1,1,0,11,0,0,0,0,0,4,0,0,1
440609,765,764,69,253,447,65,512,0,512,8,2,1,0,0,322,0,0,8,0,9,0,0,0,74,0,1,0,0,0,0,0,0,13,0,0,0,0,0,0,40,0,0,10,0,0,22,1,0,1
440610,420,413,48,137,237,46,283,0,283,5,0,4,0,2,162,1,0,12,0,2,0,1,0,42,0,0,0,0,0,0,0,0,5,0,0,0,0,0,0,29,0,0,0,0,0,15,0,1,2
440611,234,231,25,72,137,25,162,0,162,0,0,3,0,0,101,0,0,4,0,0,0,0,0,20,0,0,0,0,0,0,0,0,7,0,0,0,0,0,0,7,1,0,0,0,0,15,2,1,1
440612,615,608,96,148,377,90,467,0,467,2,0,1,3,0,190,0,1,4,0,2,0,0,0,125,0,0,0,0,0,1,0,1,34,0,0,0,0,0,0,25,0,0,11,0,0,62,4,0,1
440613,246,248,16,68,164,14,178,0,178,0,0,1,1,0,94,0,0,3,0,6,0,0,0,32,0,0,0,0,0,0,0,0,5,0,0,0,0,0,1,12,0,0,0,0,0,21,2,0,0
440614,123,123,4,28,91,4,95,0,95,0,0,2,0,0,57,2,0,6,0,1,0,0,0,5,0,0,0,0,0,0,0,1,3,0,0,0,0,0,0,4,0,1,0,0,0,13,0,0,0
440615,813,809,56,298,464,51,515,0,515,3,0,0,0,0,291,0,0,13,0,8,0,0,0,106,0,0,0,0,0,0,0,0,9,0,0,0,0,0,1,16,0,0,6,0,0,59,1,1,1
440616,978,969,77,414,496,68,564,0,564,2,1,0,2,1,399,0,1,17,0,3,0,0,1,57,0,0,0,0,0,0,0,0,20,2,0,1,0,0,1,29,0,0,4,0,0,22,0,0,1
440617,429,424,48,154,232,43,275,0,275,3,1,0,0,1,154,1,0,9,0,2,0,0,0,36,0,0,0,0,0,0,0,1,9,0,0,0,0,0,0,25,1,0,0,0,1,27,2,2,0
440618,258,257,22,80,158,20,178,0,178,1,0,1,0,1,116,0,0,1,0,1,0,0,0,21,0,0,0,0,0,0,0,0,17,0,0,0,0,0,0,6,0,0,1,0,0,9,0,1,2
440619,429,425,62,106,266,57,323,0,323,3,0,0,0,0,182,3,0,7,0,2,0,0,0,73,0,1,0,0,1,0,0,0,17,0,0,0,0,0,0,13,0,0,4,0,0,16,0,0,1
440620,333,330,50,106,186,41,227,0,227,0,0,0,0,0,132,0,0,7,0,1,1,0,0,19,0,0,1,0,0,0,0,0,11,1,0,0,0,0,0,13,0,0,0,0,0,36,1,0,4
440621,300,299,31,71,198,31,229,0,229,1,0,0,0,0,117,0,0,10,0,2,0,0,0,60,0,1,0,0,3,0,0,0,7,0,0,0,0,0,0,5,0,0,0,0,0,22,0,0,1
440622,363,361,21,152,192,19,211,0,211,2,1,1,1,0,122,1,0,4,0,1,0,0,0,34,0,1,0,0,0,0,0,1,19,0,0,0,0,0,0,5,0,0,0,0,1,16,0,0,1
440623,267,269,29,96,143,28,171,0,171,1,0,1,0,0,120,0,0,5,0,2,0,0,0,17,0,0,0,0,0,0,0,2,2,0,0,0,0,0,0,10,0,0,2,0,0,9,0,0,0
440624,159,159,10,37,112,10,122,0,122,0,0,0,0,0,53,0,0,6,0,1,0,0,0,24,0,0,0,0,0,0,0,0,4,0,0,0,0,0,0,5,0,0,0,0,0,24,2,0,3
440625,165,165,6,55,104,6,110,0,110,0,0,0,0,0,70,3,0,2,0,1,0,0,0,19,0,0,0,0,0,0,0,0,4,0,0,0,0,0,0,5,0,0,0,0,0,6,0,0,0
440626,108,111,8,8,92,8,100,0,100,0,0,0,0,0,53,1,0,4,0,2,0,0,0,17,0,0,1,0,0,0,0,1,4,0,0,0,0,1,0,7,0,0,0,0,0,8,0,0,1,01,04,2019,00,35
