461137,747,744,33,250,466,31,497,0,497,8,0,0,0,0,3,0,1,0,0,107,0,0,0,58,0,0,1,0,33,0,0,0,29,0,1,0,0,0,0,95,0,0,17,0,0,134,5,2,3
461138,567,566,31,212,325,30,355,0,355,7,1,3,0,0,0,0,0,0,0,60,0,0,0,36,0,1,0,0,22,3,0,2,19,0,3,0,0,0,0,83,2,0,24,0,0,82,5,0,2
461139,975,954,44,325,609,41,650,0,650,0,3,3,1,0,5,0,0,1,0,125,0,0,0,116,0,1,0,1,37,1,0,0,42,0,3,0,0,0,0,134,0,0,39,0,1,124,10,0,3
461148,885,873,71,332,490,63,553,0,553,8,2,1,0,0,2,0,0,0,0,85,0,0,0,49,0,1,0,1,15,0,2,0,33,1,2,0,1,0,2,166,0,2,11,0,0,154,14,0,1
461149,405,402,47,142,220,43,263,0,263,0,0,0,1,0,0,0,0,0,0,38,0,1,0,19,0,0,0,0,2,0,0,0,26,0,0,0,0,0,0,84,1,0,4,1,0,77,6,1,2
461150,144,145,18,59,67,18,85,0,85,1,0,0,0,0,0,0,0,0,0,24,0,0,0,9,0,2,0,1,0,0,0,0,6,0,0,0,0,0,0,14,0,0,1,0,0,25,2,0,0
461151,339,331,32,128,183,28,211,0,211,2,0,0,0,0,0,0,0,0,1,35,0,0,0,18,0,0,0,0,7,0,0,1,13,0,1,0,0,0,2,85,0,0,2,0,0,40,2,1,1
461152,243,232,8,73,162,8,170,0,170,1,0,0,0,0,0,0,0,0,0,19,0,0,0,8,0,0,0,0,13,1,0,0,5,0,0,0,0,0,0,71,1,0,15,0,0,26,2,2,6
461153,1554,1526,51,707,798,49,847,0,847,11,0,1,0,1,0,1,0,1,0,107,1,2,0,46,0,0,0,0,42,0,0,1,22,0,2,0,0,0,4,521,0,0,9,0,0,67,6,1,1
461154,510,499,38,153,319,38,357,0,357,3,0,0,0,0,0,0,0,1,1,40,0,0,0,24,0,1,0,0,19,2,0,1,27,0,1,0,0,0,1,155,0,0,5,0,0,68,2,0,6
461155,927,924,65,376,489,62,551,0,551,6,0,0,2,0,0,0,0,1,0,60,0,0,0,48,0,0,0,0,22,1,0,0,34,0,4,0,0,0,2,322,0,1,5,0,0,35,3,0,5
461156,918,911,54,315,549,54,603,0,603,4,1,2,0,0,0,0,0,0,0,107,0,0,0,80,0,3,0,2,22,1,0,1,19,0,1,0,0,0,2,259,0,0,13,0,1,75,0,1,9
461157,180,173,9,48,123,9,132,0,132,1,0,0,0,0,1,0,0,0,0,17,0,0,0,10,1,0,0,0,7,0,0,0,2,0,2,0,0,0,0,57,0,0,10,0,0,21,3,0,0
461158,1338,1321,29,558,752,28,780,0,780,2,1,1,2,0,1,0,0,0,0,188,0,1,0,93,0,0,0,0,50,0,1,3,39,0,4,0,0,0,1,226,1,0,27,0,0,119,9,1,10
461159,1389,1331,47,553,789,47,836,0,836,8,0,0,1,0,8,1,0,1,1,197,0,1,0,125,0,0,0,1,30,0,0,1,44,0,4,0,0,1,2,249,0,2,20,0,0,130,0,0,9
461160,831,834,46,268,518,45,563,0,563,2,0,0,1,0,0,0,0,0,0,112,0,0,0,52,0,0,0,0,37,0,0,1,17,0,4,0,1,0,2,274,0,2,8,0,0,38,2,2,8
461161,177,173,10,60,108,9,117,0,117,1,0,0,0,0,1,0,0,0,0,21,0,0,0,7,0,0,0,0,6,0,0,0,4,0,1,0,2,0,1,38,0,0,2,0,0,28,2,1,2
461162,1350,1258,84,443,823,84,907,0,907,3,0,1,0,0,2,0,0,0,0,146,0,1,1,76,0,0,0,0,64,0,0,2,59,0,2,0,0,0,0,409,0,0,10,0,0,119,4,2,6
461163,300,301,15,88,197,15,212,0,212,2,0,0,1,0,1,0,0,0,0,33,0,0,0,31,1,0,0,0,13,0,0,1,10,0,1,0,0,0,0,88,0,0,1,0,0,25,3,0,1
461164,2205,2188,38,818,1351,36,1387,0,1387,19,1,6,4,0,10,0,0,7,1,266,2,2,0,164,0,0,0,0,107,1,0,1,25,0,3,0,0,1,1,454,0,1,82,0,0,207,6,1,15
461165,1950,1934,37,670,1246,34,1280,0,1280,23,0,3,1,0,11,0,0,4,0,239,1,2,0,175,0,1,0,0,85,0,0,2,42,0,1,0,0,0,1,381,0,1,62,0,0,222,5,2,16
461166,513,505,9,216,290,7,297,0,297,4,0,0,1,0,1,0,0,0,0,50,0,0,0,53,0,0,0,0,34,0,0,0,17,0,2,0,0,0,1,85,0,0,13,0,0,33,2,0,1
461167,678,673,33,219,426,33,459,0,459,2,1,4,0,1,3,0,0,1,0,70,0,0,0,68,0,1,0,0,21,0,0,1,27,0,1,0,0,0,1,146,0,0,11,0,1,92,4,0,3
461168,267,257,27,101,142,24,166,0,166,4,0,0,0,0,1,0,0,0,0,20,0,3,0,19,1,0,1,0,5,0,0,1,27,0,0,0,0,0,2,53,1,1,2,0,0,22,2,0,1
461169,336,336,30,125,181,30,211,0,211,0,0,0,0,1,3,1,0,0,0,29,0,1,0,28,0,0,0,0,8,0,0,1,29,0,0,0,0,0,1,63,0,0,2,0,0,38,3,1,2
461170,471,455,38,211,225,35,260,0,260,1,2,3,0,0,1,0,1,0,1,39,1,2,0,51,0,0,0,1,14,0,0,0,31,0,1,0,0,0,1,38,0,0,13,0,0,48,8,0,3
461171,447,434,42,200,205,42,247,0,247,2,0,0,0,0,6,1,1,0,0,33,0,1,0,17,0,0,0,0,1,0,0,1,38,0,0,0,0,0,0,71,0,1,3,0,0,61,5,2,3
461172,327,321,34,112,182,33,215,0,215,1,0,0,0,1,2,0,0,0,0,40,0,9,0,20,0,1,0,0,6,0,0,2,32,0,0,0,0,0,0,52,1,0,8,0,0,29,7,1,3
461173,186,186,13,55,118,13,131,0,131,2,0,1,0,0,1,0,1,0,0,13,0,2,0,18,0,0,0,0,0,1,0,0,14,0,1,0,0,0,1,43,1,0,2,0,0,23,2,0,5
461174,228,226,7,83,139,6,145,0,145,1,0,0,0,0,0,0,0,1,0,27,1,1,0,35,0,0,0,0,2,0,0,0,8,0,1,0,0,0,0,39,0,0,7,0,0,22,0,0,0
461175,711,707,37,206,468,37,505,0,505,1,0,1,0,0,6,0,0,1,0,154,0,2,0,38,1,0,0,1,20,0,0,0,18,0,4,0,5,1,1,155,1,0,14,0,0,81,0,0,0
461176,465,464,18,137,311,17,328,0,328,2,1,0,0,1,6,0,0,0,0,43,0,2,0,49,0,0,0,0,12,0,0,0,13,2,3,0,0,0,1,119,0,0,11,0,0,52,3,1,7
461177,1359,1349,50,371,938,50,988,0,988,10,3,2,1,0,8,0,1,1,0,243,0,3,1,163,1,0,0,0,14,0,0,2,36,0,14,0,32,1,1,203,0,0,29,1,0,202,7,2,7
461178,240,245,19,85,136,19,155,0,155,2,0,0,0,0,0,0,0,0,0,13,0,0,0,11,0,0,0,0,4,0,0,2,12,1,0,0,0,0,0,55,0,0,1,0,0,50,2,0,2
461179,348,336,24,135,192,21,213,0,213,3,0,0,0,1,0,0,2,0,0,22,0,2,0,30,0,0,0,0,7,0,0,1,17,0,0,0,0,1,0,73,1,0,2,0,0,49,1,0,1
461180,246,248,17,84,148,14,162,0,162,2,3,1,0,0,0,0,0,0,0,25,0,0,0,38,0,0,0,0,5,0,0,0,20,0,0,0,0,0,0,20,0,0,2,0,1,42,3,0,0
461181,444,441,40,143,261,40,301,0,301,3,0,0,0,0,3,0,0,0,1,73,0,1,0,32,0,1,0,1,18,0,0,0,29,0,1,0,1,0,0,81,1,0,8,0,1,35,4,0,7
461182,297,294,15,123,159,15,174,0,174,0,0,0,0,0,1,0,0,0,0,21,0,0,0,16,0,1,0,0,8,0,1,1,23,0,0,0,0,0,0,50,0,0,5,0,0,40,4,0,3
461183,441,437,41,179,224,38,262,0,262,3,0,1,0,1,7,0,0,1,0,35,0,2,0,35,0,0,0,0,10,0,0,1,45,0,0,0,0,0,1,50,0,0,4,0,0,61,4,0,1
461184,288,283,27,117,145,26,171,0,171,0,0,0,0,0,2,0,0,0,0,31,0,0,1,31,1,0,0,0,6,0,0,0,17,0,0,0,0,0,0,39,0,0,2,0,0,33,1,0,7
461185,612,600,37,209,370,33,403,0,403,2,0,1,0,0,8,1,0,0,0,70,0,0,1,48,2,0,0,0,50,1,0,0,36,0,2,1,0,1,2,113,0,0,14,0,0,42,2,1,5
461186,957,942,123,397,453,107,560,0,560,3,0,0,0,1,8,0,0,1,0,98,0,3,2,67,1,0,1,1,34,0,0,0,72,0,0,0,1,0,0,97,0,0,15,1,0,144,8,0,2
461187,678,677,50,198,432,48,480,0,480,8,2,0,0,0,3,0,0,0,0,60,0,1,0,45,0,3,0,0,12,0,0,0,60,2,2,0,1,0,1,133,0,0,7,0,0,126,7,1,6
461188,63,65,3,26,34,3,37,0,37,0,0,0,0,0,0,0,0,0,0,5,0,0,0,2,0,0,0,0,4,0,0,0,0,0,0,0,0,0,1,7,1,0,2,0,0,13,2,0,0
461189,1377,1359,30,485,863,29,892,0,892,13,0,4,1,1,4,0,0,0,0,118,2,2,0,208,0,0,0,0,24,0,0,1,53,1,1,0,0,0,2,238,0,0,19,1,1,177,13,1,7
461190,1308,1297,34,465,809,34,843,0,843,5,0,2,4,0,5,0,0,1,0,148,2,1,0,162,0,0,0,1,40,0,0,2,45,0,0,0,0,0,0,238,1,1,15,0,1,161,0,2,6
461191,162,160,13,49,101,12,113,0,113,2,0,0,0,0,0,0,0,0,0,10,0,2,0,11,0,0,1,0,6,0,0,1,16,0,0,0,0,0,0,41,0,0,4,0,0,19,0,0,0
461192,258,258,31,58,171,29,200,0,200,0,0,0,0,2,0,0,0,0,0,24,0,2,0,16,1,1,0,0,8,1,0,0,15,0,0,0,0,2,1,72,0,0,0,0,0,48,3,0,4
461193,210,213,20,73,117,20,137,0,137,2,0,0,0,0,0,0,0,0,0,20,0,1,0,8,0,0,0,0,5,0,0,1,14,0,0,0,0,0,0,29,0,0,3,0,0,41,10,0,3
461194,663,661,64,195,410,58,468,0,468,7,0,1,0,0,2,0,0,0,0,62,0,5,0,69,1,1,0,1,28,0,0,1,58,0,2,0,0,0,0,106,1,0,7,0,1,112,2,0,1
461195,939,921,58,337,544,58,602,0,602,6,2,0,3,1,6,0,0,0,1,144,0,3,2,99,1,1,0,0,13,0,0,0,19,1,1,0,0,0,0,105,0,0,22,0,1,165,3,2,1
461196,573,567,24,133,416,24,440,0,440,19,0,0,0,0,0,0,0,0,0,72,0,0,0,65,0,1,0,0,22,0,0,0,7,0,2,0,0,0,0,102,0,0,23,0,0,118,6,0,3
461197,612,601,32,241,339,32,371,0,371,3,0,0,0,0,1,0,0,0,0,62,0,4,0,50,0,0,0,1,6,0,0,2,53,0,0,0,0,0,0,111,0,0,6,0,1,61,5,2,3
461198,810,804,32,370,410,30,440,0,440,11,0,1,0,0,2,0,1,0,0,103,1,0,0,63,0,1,0,1,8,0,0,1,79,0,0,0,0,0,3,102,0,2,9,0,1,42,4,0,5
461199,1110,1099,89,397,627,86,713,0,713,8,0,0,0,0,6,0,0,2,0,87,0,0,0,161,0,0,1,3,38,0,0,0,61,0,2,0,0,0,2,199,1,2,10,0,0,115,5,2,8
461200,450,453,42,168,242,40,282,0,282,0,1,0,0,0,1,0,0,0,2,98,0,1,0,43,0,3,0,0,15,0,0,4,29,0,0,0,0,0,0,57,0,0,3,0,1,20,3,1,0
461201,273,276,15,111,150,12,162,0,162,2,0,0,0,0,0,0,0,1,0,23,0,1,0,11,0,0,0,0,12,0,0,0,9,0,0,0,0,0,0,35,0,0,2,0,0,59,7,0,0
461202,711,705,37,275,399,37,436,0,436,4,1,9,4,0,5,0,1,1,0,38,0,4,0,103,0,0,1,0,6,1,0,0,62,1,2,0,0,0,0,70,0,0,9,0,1,99,10,0,4
461203,663,654,30,244,389,30,419,0,419,2,0,0,0,0,3,1,0,0,0,22,0,0,0,66,0,0,0,1,28,0,0,3,32,0,0,0,0,0,2,150,1,0,8,0,0,88,9,1,2
461204,210,61,21,158,32,20,52,0,52,2,0,0,0,0,0,0,0,1,0,11,0,0,0,1,0,0,0,0,2,0,0,0,5,0,0,0,0,0,0,15,0,0,4,0,1,10,0,0,0
461317,1611,1590,35,742,836,33,869,0,869,12,0,2,1,2,4,1,0,2,2,196,0,1,1,98,2,0,0,2,70,0,0,1,40,0,2,0,0,0,2,218,0,0,34,0,0,162,5,0,9
461318,1443,1420,19,608,818,17,835,0,835,8,0,2,1,1,3,0,0,5,1,164,0,0,0,112,0,0,0,1,77,0,0,0,21,0,1,0,0,0,0,258,0,0,21,0,0,148,5,1,5
461319,2304,2257,23,885,1396,23,1419,0,1419,11,0,3,4,0,6,0,0,0,1,289,0,0,0,172,0,0,1,0,103,2,0,0,41,1,4,0,2,0,1,429,0,0,73,0,1,255,12,0,8
461320,2372,2346,25,957,1396,19,1415,0,1415,10,0,1,4,2,7,0,0,5,0,300,0,1,0,218,0,1,0,2,105,1,0,0,38,0,4,0,0,0,2,407,0,0,63,1,0,209,10,3,21
461321,1977,1951,28,811,1141,25,1166,0,1166,14,1,4,1,0,6,0,0,1,0,240,0,4,1,165,0,3,0,1,168,0,2,3,60,0,1,0,1,1,0,167,0,0,29,0,1,271,12,0,9
461322,1035,1021,49,338,653,44,697,0,697,7,0,0,0,0,8,0,0,4,0,130,0,1,0,99,0,0,0,1,102,1,0,2,23,0,2,0,0,0,1,156,0,0,17,0,1,117,9,3,13
461323,1332,1312,73,503,771,58,829,0,829,10,5,0,3,1,9,0,0,1,1,234,1,0,0,79,0,3,0,0,27,1,0,1,35,0,2,0,0,0,0,202,0,1,36,0,0,160,12,2,3
461324,822,814,19,265,539,18,557,0,557,11,0,1,1,0,3,0,0,2,0,102,1,0,0,54,1,1,0,0,34,1,2,4,30,0,2,0,1,0,2,176,2,0,13,0,0,106,4,0,3
461325,537,530,24,203,310,24,334,0,334,3,0,2,0,0,2,0,0,0,1,57,0,0,0,39,0,2,0,0,14,0,0,0,25,0,2,0,0,0,1,107,0,0,7,0,0,62,5,1,4
461326,1047,1023,69,503,479,65,544,0,544,7,0,0,0,0,1,0,0,0,0,151,0,1,0,62,0,0,0,0,19,0,1,2,34,0,0,0,0,0,1,98,0,0,18,0,1,132,13,0,3
461327,447,441,31,126,290,31,321,0,321,6,0,0,0,0,2,0,0,1,1,39,0,0,0,28,0,1,0,0,4,1,0,0,60,0,0,0,0,0,1,56,0,0,3,0,0,108,10,0,0
461328,327,327,17,83,228,16,244,0,244,2,0,1,0,1,0,0,0,0,0,54,0,1,0,19,0,0,0,0,8,0,0,0,17,0,0,0,0,0,0,36,1,0,10,0,0,86,2,1,5
461329,219,211,17,96,106,17,123,0,123,2,0,0,1,0,0,0,0,0,0,28,0,0,0,12,0,0,0,0,0,0,0,0,4,0,0,0,0,0,1,53,0,0,0,0,0,20,0,0,2
461330,285,283,18,100,167,18,185,0,185,0,1,0,0,0,2,0,0,0,0,50,0,0,1,9,0,0,0,0,1,1,0,0,24,0,0,0,0,0,0,40,0,0,0,0,0,52,0,1,3
461331,930,917,47,390,494,46,540,0,540,17,0,1,1,0,12,0,1,2,0,99,0,0,0,67,0,1,1,0,8,2,0,1,44,1,1,0,0,0,3,169,0,0,5,0,1,86,12,2,3
461332,297,290,13,113,175,9,184,0,184,2,0,0,0,0,0,0,0,0,0,23,0,3,0,20,0,0,0,0,5,0,1,0,21,0,2,0,0,0,2,66,0,0,1,0,0,37,0,0,1
461333,357,344,47,101,209,47,256,0,256,0,1,0,0,0,0,0,1,0,2,78,1,5,0,19,0,0,0,0,2,0,0,1,24,0,0,0,0,0,0,53,0,0,4,0,0,63,2,0,0
461334,294,291,32,53,210,31,241,0,241,0,0,0,0,0,0,0,0,0,0,61,2,5,0,11,0,0,0,0,13,0,0,0,12,0,0,1,0,0,0,75,1,0,1,0,0,55,2,1,1
461335,960,948,50,227,685,48,733,0,733,6,0,3,1,1,0,0,0,1,0,196,0,0,0,70,0,0,0,0,87,0,0,1,39,0,0,0,0,0,2,181,0,0,11,0,0,126,4,1,3
461336,564,543,28,176,363,25,388,0,388,5,0,4,0,1,0,0,0,0,0,94,0,1,0,33,0,1,0,1,77,0,0,1,16,0,1,0,0,0,0,49,0,0,14,0,1,81,4,0,4
461337,141,137,18,40,84,17,101,0,101,0,0,0,0,0,1,0,0,0,0,34,0,0,0,10,0,0,0,0,18,0,0,2,8,0,0,0,0,0,0,15,0,0,1,0,0,11,1,0,0
461338,933,913,49,332,552,49,601,0,601,5,0,0,0,1,2,0,0,1,0,118,1,0,0,74,1,0,0,0,74,0,0,0,35,1,0,0,0,0,0,148,0,0,8,0,0,126,3,1,2
461339,744,740,22,221,501,22,523,0,523,5,0,1,1,0,1,0,0,1,0,106,0,0,1,51,0,0,0,0,21,3,0,0,27,0,2,0,0,0,1,186,0,0,17,0,0,89,2,3,5
461340,459,451,50,198,216,45,261,0,261,2,0,1,0,0,2,0,0,1,1,42,0,0,0,31,0,0,0,0,11,0,0,1,32,0,1,0,0,0,0,64,0,0,11,0,0,56,4,0,1
461341,213,210,29,55,129,29,158,0,158,0,0,0,0,0,0,0,0,0,0,9,0,0,0,9,0,0,0,0,18,0,0,0,12,0,0,0,0,0,0,63,0,0,0,0,0,47,0,0,0
461342,687,663,44,294,358,35,393,0,393,1,0,0,0,0,3,0,0,1,0,72,0,0,0,33,0,0,0,0,6,0,0,0,28,0,0,0,0,0,1,140,2,0,2,0,0,88,8,1,7
461343,912,883,129,359,427,126,553,0,553,2,3,0,1,0,0,0,0,0,0,137,0,0,0,64,0,1,0,1,37,0,0,0,18,0,0,0,0,0,0,123,0,2,8,1,0,142,5,1,7
461344,279,278,26,72,183,24,207,0,207,1,0,0,0,0,0,0,0,0,0,47,0,0,0,13,0,0,0,0,20,0,0,1,14,0,0,0,0,0,0,49,0,0,4,0,0,56,1,0,1
461345,468,467,45,169,258,41,299,0,299,3,1,2,0,0,1,0,0,0,0,38,0,3,0,40,0,0,0,0,18,0,0,0,16,0,0,0,0,0,1,103,0,0,2,0,0,70,1,0,0
461346,66,68,2,11,53,2,55,0,55,0,0,0,0,0,0,0,0,0,0,3,0,0,0,3,0,0,0,0,3,0,0,0,2,0,0,0,0,0,0,22,0,0,0,0,0,22,0,0,0
461347,321,317,27,68,226,27,253,0,253,9,0,1,0,1,0,0,0,0,0,39,1,0,0,27,0,1,0,0,9,0,0,2,21,0,0,0,0,0,0,48,0,0,4,0,0,84,4,0,2
461348,216,224,13,40,164,12,176,0,176,1,0,1,0,0,0,0,0,2,1,17,1,0,0,12,0,0,0,0,2,0,0,0,11,0,1,0,0,0,0,70,0,0,2,0,0,47,7,0,1
461349,63,63,4,8,51,4,55,0,55,0,0,0,0,0,0,0,0,0,0,9,0,0,0,2,0,0,0,0,0,0,0,0,8,0,0,0,0,0,0,7,0,0,0,0,0,29,0,0,0
461350,321,322,25,63,233,25,258,0,258,1,0,0,0,0,2,0,0,0,0,34,0,0,0,15,0,0,0,0,6,0,0,0,26,0,0,0,0,0,0,86,0,0,1,0,1,78,6,0,2
461351,303,298,20,96,189,18,207,0,207,5,0,0,0,0,1,0,0,0,0,39,0,0,1,22,0,0,0,0,3,0,0,0,19,0,0,0,0,0,0,58,1,1,3,0,0,48,4,2,0
461352,42,41,2,5,35,2,37,0,37,0,0,0,0,0,1,0,0,0,0,5,0,0,0,2,0,0,0,0,0,0,0,0,0,0,0,0,0,0,0,14,0,0,0,0,0,13,0,0,2
461353,90,90,6,26,59,5,64,0,64,0,0,0,0,1,2,0,0,0,0,4,0,0,0,6,0,0,0,0,2,0,0,0,4,0,0,0,1,0,0,15,0,0,3,0,0,26,0,0,0
461354,480,469,14,164,304,12,316,0,316,3,0,0,0,2,0,0,0,1,0,77,0,0,0,35,0,0,0,0,20,0,0,0,25,0,2,0,0,0,3,80,0,0,5,0,0,51,10,1,1
461355,195,182,16,49,131,15,146,0,146,0,1,0,0,0,2,0,0,0,1,41,1,0,0,10,0,0,0,0,5,0,0,0,10,0,0,0,0,0,0,32,0,0,0,0,0,36,3,3,1
461356,510,495,40,130,341,39,380,0,380,3,0,0,1,0,0,0,0,0,0,65,0,0,0,31,0,0,0,1,17,0,1,0,13,0,1,0,0,0,2,142,0,0,4,0,1,91,2,0,5
461357,357,354,13,88,259,10,269,0,269,0,0,2,0,0,0,0,0,2,0,55,0,0,0,20,0,0,0,1,37,0,0,0,27,0,0,0,0,0,0,37,0,0,0,0,0,80,8,0,0
461358,96,100,5,15,76,5,81,0,81,0,0,0,1,0,0,0,0,0,0,10,0,0,0,4,0,0,0,0,1,1,0,0,7,0,0,0,0,0,1,28,0,0,0,0,0,25,2,0,1
461359,399,388,20,137,245,17,262,0,262,5,0,0,0,0,0,0,1,0,0,75,0,0,0,16,0,0,0,1,9,0,0,1,14,0,0,0,0,0,0,46,0,0,18,0,0,67,6,1,2
461360,573,568,40,210,324,39,363,0,363,3,0,1,1,0,1,0,0,0,0,41,0,1,0,37,0,0,1,0,15,0,1,1,27,1,0,0,0,0,0,93,0,0,10,0,0,116,9,1,3
461361,513,506,27,183,305,25,330,0,330,0,0,2,0,0,1,0,0,0,0,73,0,0,0,14,0,0,1,1,13,0,0,0,20,0,1,0,1,0,0,100,0,1,3,0,1,85,8,1,4
461362,465,462,50,147,268,50,318,0,318,5,0,0,0,0,2,0,0,0,0,78,0,0,0,31,0,0,0,0,20,0,0,0,44,0,1,0,0,0,0,63,0,0,6,1,0,61,5,1,0
461363,681,666,46,167,471,43,514,0,514,7,0,1,0,1,5,0,0,1,0,129,0,0,0,56,0,0,0,1,25,1,0,0,48,0,0,0,0,0,4,107,0,1,21,0,0,94,4,1,7
461364,354,355,26,101,227,26,253,0,253,6,0,0,2,0,0,0,0,0,1,53,0,0,0,16,0,0,0,0,16,0,0,2,9,0,0,0,0,0,0,68,0,0,18,0,0,59,2,0,1
461365,135,133,15,31,89,15,104,0,104,0,0,0,0,0,0,0,0,0,0,17,0,0,0,11,0,0,0,1,0,0,0,0,4,0,0,0,0,0,0,48,0,0,2,0,0,19,2,0,0
461366,423,417,29,121,274,28,302,0,302,3,0,0,0,0,1,0,0,0,0,53,0,2,0,24,0,0,0,0,11,0,0,1,28,0,1,0,0,0,1,91,0,0,8,0,0,74,4,0,0
461367,192,187,4,43,145,4,149,0,149,1,0,0,0,0,1,0,0,0,0,21,0,0,0,3,0,0,0,0,0,0,0,3,7,0,0,0,0,0,0,61,0,0,1,0,0,51,0,0,0
461368,171,173,11,31,129,11,140,0,140,0,0,0,0,0,1,0,0,0,0,30,0,1,0,15,0,0,0,0,9,0,0,2,10,0,1,0,0,0,1,25,0,0,0,0,0,37,3,2,3
461369,126,127,6,21,99,6,105,0,105,0,0,0,0,0,1,0,0,0,0,9,0,2,0,9,0,0,1,0,5,0,0,0,2,0,1,0,0,0,1,44,0,0,1,0,0,26,2,0,1
461370,291,283,39,114,146,31,177,0,177,2,0,0,0,0,0,0,0,0,0,38,0,3,0,9,0,1,0,0,7,0,0,0,17,0,0,0,0,0,0,50,0,0,4,0,0,44,2,0,0
461371,81,75,9,44,31,6,37,0,37,0,0,0,0,0,0,0,0,0,0,3,0,1,0,1,0,0,0,0,0,0,0,0,0,0,0,0,0,0,0,19,0,0,3,0,0,10,0,0,0
461372,123,119,17,54,56,13,69,0,69,0,0,0,0,0,0,0,0,0,0,15,0,1,0,7,0,0,0,0,1,0,0,0,5,0,0,0,0,0,1,20,0,0,3,0,0,16,0,0,0
461373,636,627,28,260,350,26,376,0,376,3,0,0,2,0,0,0,0,0,1,109,0,0,0,24,0,0,0,0,11,1,0,0,20,0,1,0,0,0,2,104,0,0,9,0,0,82,2,0,5
461374,456,449,22,104,330,22,352,0,352,5,0,1,0,0,1,0,0,0,0,79,0,0,0,28,0,0,0,0,14,0,0,0,22,0,4,0,0,0,0,69,0,0,2,0,0,117,3,4,3
461375,168,168,20,39,109,20,129,0,129,0,0,0,0,0,0,0,0,0,0,14,0,0,0,9,0,0,0,0,7,0,0,0,12,0,1,0,0,0,0,33,0,0,1,0,1,48,2,0,1
461376,219,213,19,68,132,19,151,0,151,0,0,0,0,0,0,0,0,0,0,45,0,0,0,9,0,0,0,0,4,0,0,0,16,0,0,0,0,0,0,34,0,0,1,0,0,39,3,0,0
461377,363,355,31,112,220,31,251,0,251,2,0,0,0,0,3,0,0,1,0,53,0,0,1,19,0,2,0,0,9,0,0,0,32,0,2,0,0,0,1,76,0,0,6,0,0,41,0,1,2
461378,477,474,30,121,330,26,356,0,356,3,0,0,0,1,1,0,0,0,0,89,0,0,0,25,0,1,0,0,38,0,0,0,31,0,0,0,0,0,1,60,0,0,2,0,0,99,4,0,1
461379,216,212,14,46,156,14,170,0,170,1,0,0,0,0,0,0,0,0,0,34,0,0,0,25,0,0,0,0,12,1,0,0,10,0,0,0,0,0,0,29,0,0,8,0,0,48,2,0,0
461380,225,221,15,69,142,14,156,0,156,4,0,0,0,0,0,0,0,0,0,26,0,0,0,10,0,0,0,1,5,0,0,0,10,0,1,0,0,0,0,56,0,0,3,0,0,39,1,0,0
461381,903,892,31,275,598,30,628,0,628,6,0,0,2,1,1,0,0,0,0,193,0,3,0,89,0,0,0,0,41,0,0,0,32,0,0,0,0,1,1,122,2,0,16,1,1,102,11,1,2
461382,102,103,4,22,76,4,80,0,80,1,0,0,0,0,0,0,0,0,0,12,0,0,0,8,0,0,0,0,0,0,0,1,6,1,0,0,0,0,1,17,0,0,2,0,0,29,1,1,0
461383,357,355,6,126,225,6,231,0,231,1,0,0,0,0,0,0,0,0,0,47,0,0,1,40,0,0,0,0,19,0,0,1,17,0,2,0,0,0,1,44,0,0,3,0,0,48,0,0,7
461384,516,508,24,182,312,22,334,0,334,10,0,0,0,0,2,0,0,0,1,91,1,0,0,34,0,0,0,0,19,0,0,0,15,0,3,0,0,0,0,85,0,0,11,0,0,59,0,0,3
461385,507,493,21,187,300,20,320,0,320,4,0,1,0,0,2,0,0,1,0,65,0,0,0,47,0,0,1,0,54,0,0,0,18,1,0,0,0,0,0,49,0,0,10,0,0,60,2,0,5
461387,387,387,11,135,241,11,252,0,252,0,0,1,2,0,0,1,0,0,0,42,1,0,0,27,0,0,0,0,17,0,0,0,11,0,0,0,0,0,0,83,0,0,1,0,0,48,8,1,9
461388,336,329,12,82,242,12,254,0,254,2,0,0,0,0,2,0,0,0,0,48,0,0,0,29,0,0,0,0,9,0,0,0,22,0,1,0,0,0,0,79,0,1,12,0,0,49,0,0,0
461389,1059,1046,62,251,747,61,808,0,808,5,2,0,1,1,2,0,0,0,0,189,0,0,0,87,0,0,0,1,34,1,0,0,58,0,0,0,0,0,0,165,0,0,7,0,0,235,12,1,7
461390,315,313,23,99,193,23,216,0,216,0,0,0,0,0,1,0,0,0,0,34,0,0,0,21,0,0,0,0,7,2,1,2,22,0,0,0,0,0,0,52,0,0,2,0,0,66,2,0,4
461391,393,384,17,155,222,16,238,0,238,1,0,0,0,0,2,0,0,0,0,70,0,0,0,28,0,0,0,0,7,0,0,0,22,0,1,0,0,0,0,52,0,1,3,0,0,47,3,0,1
461392,786,785,44,271,472,43,515,0,515,3,1,0,1,0,1,0,0,0,0,115,0,0,1,67,0,0,0,0,27,1,0,0,34,0,3,0,0,0,2,147,0,0,24,0,2,80,3,1,2
461393,459,452,19,193,247,19,266,0,266,1,0,0,0,0,0,0,0,0,0,37,0,0,0,23,1,0,0,1,28,0,0,0,12,0,0,0,0,0,1,80,0,0,9,0,0,65,4,1,3
461394,540,529,23,168,350,22,372,0,372,20,1,2,1,0,1,0,0,0,0,47,0,0,0,48,0,2,1,0,15,0,0,1,24,0,1,1,0,1,2,110,0,1,24,0,0,62,2,4,1
461395,1629,1576,69,575,985,69,1054,0,1054,9,0,2,3,0,8,0,0,1,1,362,3,1,0,116,0,0,0,1,75,0,0,0,25,0,0,0,0,0,0,207,0,0,55,0,1,175,6,0,3
461396,399,387,15,147,240,12,252,0,252,4,0,3,0,0,0,0,0,0,0,93,0,2,0,18,0,0,0,0,8,0,1,0,15,0,0,0,0,0,0,43,0,0,5,0,0,58,2,0,0
461397,1347,1328,70,507,775,65,840,0,840,10,1,0,1,0,4,0,1,0,0,143,0,1,0,106,0,1,0,0,57,2,0,1,49,0,2,0,0,1,0,258,2,0,11,0,0,160,17,2,10
461398,840,828,53,199,588,53,641,0,641,9,2,1,2,0,8,0,0,2,0,105,0,1,0,57,0,0,0,1,23,1,1,1,73,1,4,0,0,0,2,161,0,0,10,0,0,161,8,2,5
461399,846,841,47,306,495,45,540,0,540,4,2,0,1,1,2,0,0,0,1,103,0,0,0,75,0,0,0,0,24,2,0,1,25,0,2,0,0,1,1,131,0,0,7,0,0,147,0,2,8
461400,726,718,42,250,437,39,476,0,476,1,1,1,1,0,5,0,0,0,0,60,0,1,1,92,0,1,0,0,37,0,0,2,35,0,0,0,0,0,1,93,0,0,10,0,1,124,6,1,2
461401,219,215,22,54,143,22,165,0,165,1,0,0,0,0,0,0,0,0,1,24,0,0,0,17,0,0,0,0,7,2,0,0,21,0,0,0,0,0,1,46,0,0,1,0,0,43,1,0,0
461402,729,730,47,213,471,45,516,0,516,5,0,0,0,0,0,0,0,0,0,119,0,0,1,49,0,0,0,1,48,0,0,3,32,0,0,0,0,0,2,141,0,0,3,0,0,102,2,3,5
461403,597,599,45,166,387,44,431,0,431,2,0,1,0,0,0,0,0,0,0,99,1,0,0,59,0,2,0,0,28,0,0,0,23,0,0,0,0,0,1,107,0,0,5,0,0,95,4,0,4
461404,741,724,26,264,451,26,477,0,477,6,0,1,0,0,2,0,0,0,0,70,0,0,0,50,0,0,0,1,32,0,0,0,28,0,2,0,0,0,2,159,0,0,8,0,0,111,3,0,2
461405,144,148,1,23,120,1,121,0,121,2,0,1,0,0,0,0,0,0,0,15,0,0,0,13,0,0,0,0,19,0,0,0,9,1,0,0,0,0,0,46,0,0,4,0,1,10,0,0,0
461406,384,383,5,127,253,4,257,0,257,1,0,0,0,0,1,0,0,0,0,41,0,1,0,29,0,1,0,2,22,0,0,0,16,0,1,0,0,0,0,74,0,0,6,0,0,51,5,1,5
461407,306,297,14,91,201,14,215,0,215,1,0,2,0,1,1,0,0,0,0,38,0,1,0,20,0,0,0,0,18,1,0,0,13,0,0,0,0,0,0,71,0,0,9,0,0,34,2,0,3
461408,513,506,57,110,347,56,403,0,403,5,0,0,1,0,2,0,0,0,0,135,1,1,0,22,0,0,0,0,10,1,0,1,23,0,0,0,0,0,0,113,0,0,12,0,0,71,2,0,3
461409,1173,1159,107,378,688,107,795,0,795,7,0,1,0,0,3,0,0,0,0,163,0,0,0,60,0,0,1,0,35,0,0,1,42,0,2,0,0,0,0,147,1,0,37,0,0,283,9,0,3
461410,162,165,19,21,122,19,141,0,141,0,0,0,0,1,0,0,1,0,0,18,0,0,0,6,0,1,0,1,17,0,0,1,9,0,0,0,1,0,2,48,0,0,2,0,0,27,1,0,5
461411,723,732,26,222,475,26,501,0,501,2,1,0,0,0,2,0,0,0,0,111,0,0,2,57,0,0,0,0,43,1,0,1,23,0,1,0,0,0,1,152,0,0,12,1,1,85,3,2,0
461412,252,259,11,83,160,9,169,0,169,3,0,0,0,1,0,0,0,0,0,18,0,1,0,21,0,0,0,0,16,0,0,0,7,0,4,0,0,0,0,31,0,0,9,0,0,54,2,0,2
461414,612,610,30,177,405,30,435,0,435,2,2,0,1,0,1,0,0,1,0,107,0,0,0,44,0,0,0,0,27,0,1,1,21,0,2,0,0,0,1,123,1,0,9,0,0,74,7,0,10
461415,240,238,16,71,153,16,169,0,169,1,0,0,1,0,0,0,0,0,0,19,0,0,0,13,0,0,0,0,15,0,0,0,16,0,0,0,0,0,1,55,0,0,3,0,0,43,2,0,0
461416,378,372,34,130,214,34,248,0,248,0,0,1,1,0,3,0,0,0,0,67,0,0,0,18,0,0,0,0,7,0,0,1,26,0,0,0,0,0,1,48,0,0,5,0,1,61,3,0,5
461418,624,611,55,204,365,55,420,0,420,8,0,0,0,0,2,0,0,0,0,70,0,0,0,25,0,0,0,0,18,0,0,0,20,0,0,0,0,0,0,105,0,1,5,0,0,157,6,0,3
461419,171,169,29,23,119,29,148,0,148,0,0,0,0,0,1,0,0,1,0,20,1,0,0,9,0,0,0,0,3,0,0,0,7,0,0,0,0,0,1,50,0,0,0,0,0,52,2,0,1
461420,189,185,29,65,95,29,124,0,124,1,1,1,0,0,0,0,0,0,0,27,0,0,0,7,0,0,0,0,7,0,0,0,13,1,0,0,0,0,0,48,0,0,1,0,0,15,0,0,2
461421,642,624,25,234,386,22,408,0,408,1,2,1,0,0,4,0,1,0,1,105,0,1,0,55,0,0,0,0,25,0,0,0,30,1,0,1,0,0,1,84,0,1,6,0,0,79,3,1,5
461422,474,477,15,172,287,15,302,0,302,1,0,0,0,0,4,0,0,0,0,68,1,0,0,24,0,0,0,0,15,0,0,0,15,0,0,0,0,0,1,80,0,0,5,0,0,81,2,1,4
461423,69,69,3,28,38,3,41,0,41,0,0,0,0,0,0,0,0,0,0,5,0,0,0,6,0,0,0,0,1,0,0,0,0,0,0,0,0,0,0,13,0,0,5,0,0,0,11,0,0
461424,162,163,7,49,107,6,113,0,113,1,0,0,0,0,0,0,0,0,0,31,0,0,0,12,0,0,0,0,8,0,0,0,3,0,0,0,0,0,0,18,0,0,0,0,0,40,0,0,0
461425,804,795,54,250,500,54,554,0,554,4,0,0,0,0,1,0,0,1,2,84,1,0,0,45,0,0,0,0,26,5,0,0,22,0,1,0,0,0,1,170,1,0,13,0,0,161,9,1,6
461426,255,252,19,78,158,19,177,0,177,0,0,0,0,0,0,0,0,0,0,35,0,0,0,11,0,0,0,0,18,0,0,1,13,0,1,0,0,0,0,37,0,0,4,0,0,55,1,1,0
461427,291,279,28,118,153,20,173,0,173,5,1,0,0,0,0,0,0,2,0,23,0,0,0,16,0,0,0,0,8,0,0,0,24,0,1,0,0,0,0,33,0,0,0,0,1,53,5,1,0
461428,201,43,21,162,19,20,39,0,39,0,0,0,1,0,0,0,0,0,0,5,0,0,0,2,0,1,0,0,4,0,0,1,3,0,0,0,0,0,0,9,0,1,0,0,0,12,0,0,0
461429,114,14,14,100,9,5,14,0,14,0,0,0,0,0,0,0,0,0,0,3,0,0,0,0,0,0,0,0,2,0,0,0,2,0,0,0,0,0,0,4,0,0,0,0,0,3,0,0,0
461430,66,25,0,48,18,0,18,0,18,0,0,0,0,0,0,0,0,0,0,7,0,0,0,1,0,0,0,0,3,0,0,0,1,0,0,0,0,0,0,3,0,0,0,0,0,2,0,0,1
461432,60,23,0,38,22,0,22,0,22,0,0,0,0,0,1,0,0,0,0,4,0,0,0,0,0,0,0,0,0,0,0,0,1,0,0,0,0,0,1,9,0,0,0,0,0,3,3,0,0
461433,51,16,0,35,16,0,16,0,16,0,0,0,0,1,0,0,0,0,0,4,0,0,0,0,0,0,0,0,0,0,0,0,3,0,0,0,0,0,0,6,0,0,0,0,0,2,0,0,0
461434,69,23,2,46,21,2,23,0,23,0,0,0,0,0,0,0,0,0,0,3,0,0,0,2,0,0,0,0,1,0,0,0,1,0,0,0,0,0,0,8,0,0,0,0,0,6,2,0,0
461435,57,27,0,32,25,0,25,0,25,0,0,0,0,0,0,0,0,0,0,3,0,0,0,0,0,0,0,0,0,0,0,0,3,0,0,0,0,0,0,15,0,0,0,0,0,4,0,0,0
461505,2346,2307,24,919,1405,22,1427,0,1427,19,0,0,3,2,38,0,1,0,0,325,0,5,0,200,1,1,0,0,79,1,0,3,68,1,4,1,0,2,3,310,0,0,44,0,2,270,23,1,20
461506,1953,1946,16,755,1183,15,1198,0,1198,11,1,2,1,0,27,0,1,1,0,288,0,25,0,168,0,1,0,0,64,1,0,0,35,1,7,1,0,0,0,298,0,0,29,0,1,208,5,2,20
461507,1365,1338,10,551,806,8,814,0,814,8,0,2,2,0,12,1,0,1,2,165,0,6,0,98,1,0,1,0,44,0,1,0,32,0,4,0,0,3,1,204,0,2,15,1,1,176,14,2,15
461508,1050,1046,98,465,495,90,585,0,585,7,0,0,0,0,5,1,2,4,1,100,1,1,1,92,0,0,1,0,19,0,0,0,50,0,2,1,0,0,2,166,1,0,14,0,0,93,6,4,11
461509,909,894,61,416,436,57,493,0,493,4,1,0,1,1,1,0,0,1,0,67,1,0,0,71,0,0,0,0,13,0,0,4,77,0,4,0,1,1,0,144,0,0,4,0,0,76,9,5,7
461510,1428,1402,80,661,695,72,767,0,767,9,1,0,1,0,33,0,1,0,0,86,1,0,0,62,0,2,0,0,21,0,0,2,87,0,1,0,0,1,2,345,1,0,4,0,0,94,2,0,11
461511,801,798,72,348,391,62,453,0,453,7,0,0,0,2,30,0,2,0,0,58,0,3,0,42,0,0,0,0,19,0,0,3,34,0,0,0,0,0,3,188,0,0,2,0,2,52,4,1,1
461512,801,794,100,259,442,100,542,0,542,5,0,4,3,0,1,0,0,0,3,77,0,6,1,37,0,1,0,0,34,0,0,0,33,0,0,0,0,1,2,255,2,0,2,0,0,62,8,0,5
461513,306,304,25,105,176,25,201,0,201,0,0,0,0,0,0,0,0,0,0,42,0,0,0,10,0,0,0,0,24,0,0,0,8,0,0,0,0,0,1,61,0,0,7,0,0,38,4,0,6
461514,285,290,18,59,208,18,226,0,226,2,0,0,0,0,0,0,1,0,0,70,0,3,0,16,0,0,0,1,24,0,0,0,7,0,0,0,0,0,0,80,0,0,1,0,0,18,1,0,2
461515,291,290,34,80,177,34,211,0,211,2,0,0,0,0,2,0,0,0,0,99,0,3,0,12,1,0,0,0,14,0,0,0,17,0,0,0,0,0,0,32,0,0,0,0,0,28,0,0,1
461516,801,792,55,220,528,53,581,0,581,10,0,1,0,1,0,0,0,1,0,255,0,0,1,27,0,1,0,2,45,0,0,0,27,0,1,0,0,0,1,115,1,0,3,0,0,70,5,3,11
461517,609,602,44,161,404,44,448,0,448,8,0,1,0,0,0,0,0,0,1,115,1,1,0,16,0,1,0,1,27,0,0,0,17,0,1,0,0,0,0,116,1,0,3,0,0,134,2,1,1
461518,1314,1300,73,367,880,67,947,0,947,5,0,1,0,0,0,0,1,0,1,222,1,3,0,49,0,0,0,3,79,2,0,2,54,0,4,0,0,0,5,325,1,0,16,0,1,148,17,1,6
461519,930,922,102,438,404,88,492,0,492,2,0,4,0,2,8,0,1,1,1,97,0,6,0,45,0,0,1,0,22,0,0,3,58,0,1,1,0,0,3,130,1,0,1,0,2,89,6,2,5
461520,405,411,55,114,240,51,291,0,291,3,0,0,3,0,3,0,0,0,3,101,0,0,0,24,0,0,0,0,12,0,0,0,27,0,0,0,1,0,1,34,0,0,2,0,0,72,0,0,5
461521,884,885,97,278,510,96,606,0,606,5,0,1,0,0,5,0,0,1,0,146,0,3,0,47,0,0,0,0,26,0,0,1,45,0,2,0,0,0,3,218,0,0,3,0,0,83,7,2,8
461522,1011,999,88,252,671,88,759,0,759,5,0,1,1,0,10,0,0,0,1,170,1,5,0,79,0,0,1,0,21,0,2,2,29,2,0,0,0,0,2,258,2,0,14,0,0,133,9,0,11
461523,225,221,16,84,125,16,141,0,141,3,0,0,0,0,1,0,0,0,0,17,0,0,0,13,0,0,0,0,8,2,1,1,10,0,2,0,0,0,0,42,0,0,2,0,0,36,2,0,1
461524,243,240,19,59,166,18,184,0,184,1,0,0,0,0,3,0,0,0,0,31,1,4,0,27,0,0,0,0,3,1,0,0,8,0,1,0,0,0,1,47,0,0,1,0,1,51,1,1,1
461525,693,686,64,315,323,55,378,0,378,1,0,0,0,0,2,0,0,0,0,56,0,2,0,39,0,0,0,0,19,0,0,0,38,0,0,0,0,0,0,98,0,0,3,0,0,118,0,0,2
461526,579,571,42,201,339,39,378,0,378,2,0,1,0,0,3,0,1,0,0,69,0,0,0,25,0,0,0,1,38,0,0,0,23,1,1,0,1,0,3,119,0,1,27,0,0,55,5,0,2
461527,183,177,27,70,88,25,113,0,113,4,0,0,0,0,0,0,0,0,0,10,0,0,0,6,0,2,0,0,13,0,0,0,9,0,0,0,0,0,0,41,0,0,6,0,0,22,0,0,0
461528,102,97,8,28,66,8,74,0,74,0,0,2,0,0,1,0,0,0,0,15,0,1,0,4,0,0,0,0,5,0,0,0,5,0,0,0,0,0,0,15,0,0,2,0,0,23,1,0,0
461529,573,562,33,222,323,28,351,0,351,7,1,3,0,0,3,0,2,1,0,53,0,1,1,33,0,0,0,0,22,0,0,1,33,2,0,0,1,0,1,94,1,0,23,0,1,49,9,3,6
461530,219,214,15,93,111,15,126,0,126,2,0,0,0,0,1,0,1,0,0,41,0,0,0,3,0,0,0,1,5,0,0,1,12,0,0,0,0,0,0,35,0,0,5,1,0,15,3,0,0
461531,246,239,15,99,132,15,147,0,147,2,0,0,0,0,0,0,0,0,1,37,0,0,0,20,0,0,0,0,0,0,0,1,21,1,0,0,0,1,1,27,0,0,1,0,0,24,5,1,4
461532,102,102,10,25,68,9,77,0,77,0,0,0,0,0,0,0,0,0,0,18,0,0,0,3,0,0,0,0,6,0,0,0,10,0,0,0,0,0,0,28,0,1,0,0,0,7,0,3,1
461533,297,293,20,106,171,20,191,0,191,4,0,1,1,0,3,0,0,0,0,11,0,0,0,18,0,1,0,0,10,0,0,0,26,0,0,0,0,0,1,73,1,0,11,0,0,25,0,1,4
461534,204,202,26,70,110,24,134,0,134,4,0,0,0,0,1,0,0,0,0,5,0,0,0,12,0,0,0,1,2,1,0,0,36,0,0,0,0,0,2,39,0,1,1,1,0,22,2,0,4
461535,366,367,34,176,158,32,190,0,190,3,0,1,0,1,2,0,1,0,0,31,0,2,0,17,0,0,0,0,5,1,0,0,36,0,0,0,0,0,0,39,0,0,1,0,0,41,5,1,3
461536,297,293,41,115,145,37,182,0,182,1,0,0,0,0,15,0,0,0,0,27,1,0,2,9,0,0,0,0,14,0,0,2,13,0,0,0,0,0,0,39,0,0,4,0,0,47,4,0,4
461537,81,78,5,36,40,5,45,0,45,1,0,0,0,0,0,0,0,0,0,4,0,0,0,4,0,0,0,0,0,0,0,0,5,0,0,0,0,0,0,13,0,0,0,0,0,17,1,0,0
461538,750,725,75,334,350,66,416,0,416,4,0,0,2,1,14,0,0,1,0,110,0,0,1,34,1,0,0,0,13,0,0,0,21,0,1,0,0,0,0,98,0,0,6,0,0,106,1,1,1
461539,780,761,43,318,419,43,462,0,462,9,0,2,0,1,6,1,0,0,0,87,0,1,0,53,0,3,0,0,23,0,0,1,36,0,1,0,1,0,3,116,0,1,10,0,1,89,8,2,7
461540,186,184,31,57,101,28,129,0,129,0,0,0,0,0,3,0,1,0,0,17,0,0,0,3,2,0,0,0,5,0,0,0,15,0,0,0,0,0,1,54,0,0,1,0,0,24,2,0,1
461541,354,346,33,136,187,31,218,0,218,1,0,1,0,0,0,8,0,1,0,27,0,0,0,26,0,0,0,0,9,1,0,0,20,0,0,1,0,0,0,70,1,0,2,1,0,39,2,1,7
461542,192,191,6,71,115,6,121,0,121,0,0,0,1,0,6,0,0,0,0,16,0,0,0,14,0,0,0,0,2,0,0,1,9,0,0,0,0,0,0,15,0,0,2,0,0,51,3,0,1
461543,501,496,39,219,243,39,282,0,282,7,0,1,4,1,7,0,1,0,1,50,1,4,0,20,0,0,0,0,5,0,0,2,36,0,0,0,0,1,1,73,0,0,2,0,1,56,7,0,1
461544,1032,1013,47,387,599,46,645,0,645,7,1,2,1,0,4,0,0,4,0,63,1,2,0,74,0,2,1,0,18,1,0,1,88,2,0,0,0,0,1,210,0,1,16,0,2,122,13,3,5
461545,750,727,38,325,392,33,425,0,425,10,0,3,0,0,9,0,0,2,0,81,0,3,0,42,0,0,0,0,18,0,0,2,47,1,1,0,0,0,0,91,0,0,7,0,0,100,6,0,2
461546,264,263,18,113,133,18,151,0,151,6,0,0,0,0,1,0,0,0,0,10,0,0,0,12,0,0,0,2,9,0,0,0,22,1,0,0,0,0,0,28,0,0,0,0,0,47,5,0,8
461547,114,107,6,57,51,6,57,0,57,0,0,0,0,1,0,1,0,0,0,3,0,0,0,6,0,0,0,0,2,0,0,0,7,0,0,0,0,0,1,21,0,0,0,0,0,14,1,0,0
461548,171,160,6,76,90,5,95,0,95,2,0,0,1,0,0,0,0,0,0,18,0,0,0,17,0,0,0,0,0,0,0,0,9,0,0,0,0,0,0,24,0,0,0,0,0,24,0,0,0
461549,339,332,28,138,177,24,201,0,201,2,0,0,0,0,1,0,0,0,0,36,0,0,0,17,0,0,0,0,13,0,0,0,19,0,0,0,0,0,2,74,1,0,2,0,0,26,3,1,4
461550,318,316,31,117,170,31,201,0,201,0,0,1,0,0,1,0,0,0,1,30,0,0,0,10,0,0,0,0,9,0,0,0,44,0,0,1,0,0,1,64,0,0,0,0,0,32,2,0,5
461551,555,551,21,133,403,19,422,0,422,5,0,0,2,0,8,0,0,2,0,49,0,0,0,75,0,2,0,1,52,0,0,0,29,0,0,0,0,0,1,129,0,0,10,0,0,53,1,0,3
461552,606,599,47,270,294,42,336,0,336,3,0,0,0,0,2,0,0,0,0,99,0,0,0,32,0,0,0,0,6,0,0,0,53,0,0,0,1,0,1,94,0,0,4,0,0,33,3,1,4
461553,555,553,63,253,252,50,302,0,302,3,0,1,1,0,3,0,0,1,1,59,0,0,0,39,0,0,0,0,12,0,0,0,30,0,0,0,0,0,0,71,0,0,5,0,0,67,7,0,2
461554,354,342,32,157,169,28,197,0,197,7,0,2,1,0,5,0,0,0,0,56,0,0,0,18,1,0,0,1,7,0,0,0,19,0,0,0,0,0,0,37,0,0,2,0,0,32,8,0,1
461555,798,785,101,313,387,98,485,0,485,18,0,2,0,0,6,0,0,0,0,47,0,6,0,45,0,0,0,0,8,1,0,4,55,0,9,0,0,0,1,116,1,0,5,0,0,152,6,1,2
461556,255,248,60,72,129,54,183,0,183,1,0,0,0,0,0,0,0,0,0,25,0,0,0,17,0,0,0,1,6,0,0,1,16,0,2,0,0,0,0,38,0,0,2,0,1,62,5,2,4
461557,639,644,36,260,345,34,379,0,379,5,0,1,0,0,2,0,0,0,0,65,0,2,0,29,0,0,0,0,3,0,0,1,28,0,0,0,0,0,3,129,1,0,5,1,0,94,8,0,2
461558,678,662,65,309,304,65,369,0,369,7,0,2,1,1,4,0,0,0,0,34,0,0,2,40,0,0,0,0,3,0,0,3,119,0,0,0,0,0,0,104,1,0,0,0,0,37,4,3,4
461559,999,981,96,463,445,91,536,0,536,7,0,0,0,0,9,0,0,1,4,66,1,7,0,53,0,0,1,1,18,0,0,1,80,1,1,0,0,1,0,194,0,2,1,0,0,74,5,0,8
461560,525,521,98,194,233,98,331,0,331,5,0,0,0,0,10,0,0,4,0,23,0,7,0,22,0,0,0,0,1,0,0,0,68,0,0,0,0,0,5,79,0,0,7,0,0,77,5,3,15
461561,816,801,62,363,398,55,453,0,453,4,1,1,2,0,7,0,0,0,0,81,1,0,0,45,0,0,0,0,4,0,0,2,36,0,2,0,0,0,4,131,3,1,23,0,0,87,6,2,10
461562,564,554,69,248,253,63,316,0,316,2,1,1,0,1,5,0,0,1,0,48,0,2,0,34,0,0,0,0,11,0,0,0,52,0,0,0,0,0,3,57,0,0,17,0,0,60,3,4,14
461563,309,300,33,141,141,27,168,0,168,1,0,0,0,0,3,0,0,0,1,33,0,0,0,25,0,1,0,0,0,0,0,0,10,0,0,0,0,1,0,69,1,0,0,0,0,18,2,1,2
461564,237,231,30,88,119,30,149,0,149,1,0,0,0,0,0,0,0,0,1,24,0,0,0,19,0,0,0,0,9,1,0,3,11,0,2,0,0,0,1,34,0,0,1,0,0,35,5,0,2
461565,351,353,20,125,207,19,226,0,226,3,0,1,0,0,2,0,0,0,1,35,0,0,0,28,0,1,0,0,2,0,0,1,35,0,0,0,0,0,1,61,1,0,0,1,0,45,5,0,3
461566,606,584,68,270,274,62,336,0,336,2,0,0,0,0,3,0,0,0,0,40,0,3,0,21,0,0,0,0,16,1,0,0,23,0,0,0,0,1,0,144,1,0,8,1,0,62,4,0,6
461567,306,300,32,118,161,27,188,0,188,2,0,0,0,0,0,0,0,0,0,47,0,0,0,9,0,0,0,0,3,0,0,1,12,0,0,0,0,0,0,53,0,0,3,0,0,52,4,0,2
461569,291,57,19,244,29,18,47,0,47,0,0,1,0,0,0,0,0,0,0,9,0,0,0,2,0,0,0,0,3,0,0,0,4,0,0,0,0,0,1,14,0,0,1,0,0,11,0,0,1
461570,126,35,3,93,30,3,33,0,33,0,0,0,0,0,0,0,0,0,0,4,0,0,0,2,0,0,0,0,2,0,0,0,4,0,0,0,0,0,0,10,0,0,0,0,0,9,1,0,1
461759,1155,1142,22,435,700,20,720,0,720,5,1,1,3,0,7,0,0,0,1,158,0,1,0,65,1,0,0,0,61,0,0,0,15,0,0,0,0,0,1,205,0,1,55,0,1,128,5,0,5
461760,1542,1528,30,586,939,17,956,0,956,14,1,2,3,0,9,2,0,3,0,180,0,2,0,130,1,0,0,0,90,1,0,0,20,0,1,0,0,0,0,303,0,0,54,0,0,135,0,0,5
461761,1545,1524,22,592,939,14,953,0,953,15,1,2,0,2,7,1,0,2,0,207,0,0,0,118,0,0,0,0,71,1,0,3,18,1,3,0,0,1,1,288,1,0,61,0,0,135,10,1,3
461762,1488,1470,27,537,928,23,951,0,951,9,2,1,2,1,11,0,0,4,0,209,1,1,1,127,0,0,0,2,47,0,0,0,11,0,6,0,0,0,1,252,0,0,67,0,1,178,9,1,7
461763,1623,1592,29,600,998,25,1023,0,1023,13,1,1,3,1,12,0,0,2,0,238,1,0,1,110,1,0,0,0,63,2,1,2,36,0,4,0,0,1,0,258,0,0,66,0,0,193,2,0,11
461764,1728,1720,21,652,1055,21,1076,0,1076,14,1,0,0,0,10,1,0,2,1,232,1,0,0,120,0,0,0,1,77,2,0,1,31,0,5,0,0,0,2,237,0,1,67,0,1,259,1,0,9
461765,1680,1659,14,597,1072,11,1083,0,1083,15,1,1,1,1,9,1,0,1,1,240,0,9,2,152,0,0,1,0,81,1,0,1,17,0,6,0,0,0,1,287,0,0,83,0,0,152,6,2,11
461766,1323,1289,29,491,804,28,832,0,832,11,0,1,2,1,16,1,0,0,0,199,0,0,0,90,0,2,0,1,63,0,0,3,20,0,2,0,0,0,0,225,0,1,59,0,0,129,1,0,5
461767,1407,1394,14,558,836,13,849,0,849,9,2,2,0,0,3,0,1,0,1,164,0,0,0,98,1,0,0,2,62,0,0,0,15,0,1,0,0,0,0,259,0,2,47,0,1,163,9,1,6
461768,1380,1376,21,514,848,18,866,0,866,6,0,3,2,0,13,0,0,3,1,176,0,0,0,118,0,0,0,0,63,0,2,0,14,0,3,0,0,1,1,273,0,1,49,0,2,122,8,0,5
461769,1503,1524,22,599,889,15,904,0,904,9,0,3,2,1,18,1,0,3,1,167,0,8,0,151,0,4,0,0,64,1,0,0,19,1,3,0,0,0,0,250,0,0,59,0,0,129,6,2,2
461770,1458,1466,13,504,944,10,954,0,954,12,2,1,1,0,16,0,0,4,0,182,0,3,0,119,1,1,0,0,56,0,0,0,20,0,1,0,0,0,2,278,0,1,74,0,1,168,4,1,6
461771,1443,1444,30,499,920,24,944,0,944,4,0,1,0,1,23,0,1,5,0,202,0,2,0,116,1,0,0,0,49,0,0,0,14,0,3,1,0,0,1,285,0,0,74,0,0,151,5,0,5
461772,1524,1514,30,589,909,26,935,0,935,16,1,0,3,0,13,0,0,3,0,169,0,0,0,119,1,0,0,0,46,1,1,1,15,2,3,0,0,0,2,293,0,0,70,0,0,162,6,0,8
461773,1443,1449,25,491,930,22,952,0,952,7,3,0,0,0,14,0,0,2,0,217,0,1,0,102,0,1,0,0,76,0,1,0,18,0,2,0,1,0,0,220,1,1,84,0,0,191,1,1,8
461774,1499,1478,18,566,918,15,933,0,933,8,3,2,2,0,12,0,0,1,0,216,0,1,1,125,0,2,2,1,49,2,0,0,8,0,5,0,2,0,0,268,0,1,76,0,0,133,6,0,7
461775,1515,1497,25,525,968,22,990,0,990,7,2,2,4,1,19,0,0,6,0,205,0,3,0,168,2,1,0,0,65,4,0,0,17,0,2,0,1,0,1,253,1,0,60,0,0,148,6,1,11
461776,1413,1410,39,499,875,39,914,0,914,7,3,2,3,0,2,0,0,2,0,181,0,1,0,87,0,0,0,0,88,1,0,1,11,0,2,0,1,1,0,293,0,0,45,0,1,176,0,1,5
461777,357,113,58,271,43,43,86,0,86,0,0,0,0,0,1,0,0,0,0,18,0,1,0,7,0,0,0,0,4,0,0,0,3,0,0,0,0,0,0,25,0,0,5,0,0,17,3,0,2
462163,471,462,42,156,276,39,315,0,315,2,0,1,0,0,0,0,0,0,1,18,0,0,0,16,0,0,0,0,5,0,0,0,35,0,0,0,0,0,1,110,0,1,6,0,0,105,9,0,5,01,04,2019,01,20
