530177,1437,1419,42,469,930,38,968,0,968,14,0,1,2,0,59,1,0,24,0,62,0,0,1,364,4,3,0,0,18,0,0,1,63,0,2,0,0,0,1,105,0,2,78,0,0,146,11,1,5
530178,1479,1471,49,496,942,41,983,0,983,10,1,1,1,0,57,0,0,18,0,77,0,0,2,387,7,2,1,0,15,0,0,0,44,1,7,0,1,0,0,110,1,1,79,1,1,147,5,0,6
530179,1716,1708,33,596,1090,30,1120,0,1120,12,1,1,1,2,66,0,0,15,0,81,1,3,0,492,2,0,0,0,16,1,0,0,66,1,0,1,0,0,1,93,0,1,80,0,2,170,5,0,6
530180,2037,2010,53,707,1282,48,1330,0,1330,15,1,2,2,0,86,0,0,20,0,86,1,2,1,575,1,1,0,0,32,1,0,3,74,2,0,0,0,0,0,118,0,3,80,2,1,200,9,3,9
530181,165,168,13,58,95,12,107,0,107,1,0,1,0,0,12,0,0,3,0,5,0,0,0,39,0,0,0,0,2,0,0,0,12,0,0,0,1,0,0,6,0,0,3,0,0,19,1,0,2
530182,297,292,11,101,186,10,196,0,196,2,0,0,0,0,8,0,0,1,0,6,0,0,0,82,0,2,0,0,1,0,0,0,25,0,0,0,0,0,0,24,0,0,4,0,0,38,3,0,0
530183,315,310,23,108,186,21,207,0,207,0,0,0,0,0,10,0,0,2,0,8,0,0,0,75,0,0,0,0,2,0,0,0,32,0,0,0,0,0,0,22,0,0,10,0,0,44,0,0,2
530184,420,412,22,162,240,18,258,0,258,4,0,0,0,1,16,1,0,2,0,4,0,0,0,91,1,0,0,0,5,0,0,1,27,0,1,0,0,0,0,21,0,0,15,0,0,61,7,0,0
530185,813,811,37,272,505,36,541,0,541,4,0,0,0,0,30,0,0,8,0,17,0,0,1,213,2,0,0,0,1,0,0,1,68,0,1,0,0,0,1,82,0,0,30,0,0,75,4,0,3
530186,846,776,69,236,553,57,610,0,610,7,0,0,0,0,58,0,2,11,0,23,1,1,0,213,0,2,0,0,10,0,0,0,53,1,0,0,0,0,0,53,0,0,42,0,0,120,7,0,6
530187,216,215,27,71,123,22,145,0,145,0,0,0,0,0,14,0,0,5,0,4,0,0,1,53,0,0,0,0,1,0,0,2,9,0,0,0,0,0,0,9,0,0,8,0,0,35,3,1,0
530188,204,204,8,81,116,7,123,0,123,0,0,1,0,0,10,0,0,4,0,3,0,0,0,30,0,1,0,0,0,0,0,0,12,0,0,0,0,0,0,2,0,0,16,0,0,38,6,0,0
530189,729,727,26,294,413,22,435,0,435,2,0,0,1,0,21,1,0,8,0,18,0,0,0,173,1,0,0,0,2,0,0,1,35,0,0,0,0,0,1,53,0,1,15,0,2,91,9,0,0
530190,702,694,53,224,430,48,478,0,478,2,0,0,0,0,23,0,0,5,0,31,0,1,1,200,1,2,0,0,5,0,1,0,58,0,0,0,0,0,0,27,0,0,17,0,0,100,4,0,0
530191,285,280,31,105,153,27,180,0,180,2,0,0,0,0,17,0,0,1,0,8,0,0,0,49,0,0,0,0,4,0,0,1,18,1,0,0,0,0,0,19,0,0,2,0,0,52,3,0,3
530192,261,256,10,89,163,9,172,0,172,1,0,0,0,0,6,0,0,1,0,14,0,0,0,50,1,1,0,0,3,0,0,0,21,0,0,0,0,0,0,20,0,0,6,2,2,42,1,0,1
530193,729,718,73,281,383,65,448,0,448,2,0,0,0,1,46,0,0,6,0,29,1,3,1,163,2,0,0,0,2,0,0,1,40,0,1,1,0,0,0,17,0,1,32,0,0,94,5,0,0
530194,426,423,47,131,253,42,295,0,295,1,0,0,0,0,15,0,1,5,0,8,0,0,0,105,0,1,0,0,4,0,0,2,44,0,1,0,0,0,0,17,0,0,19,0,0,68,2,0,2
530195,1842,1826,28,694,1125,23,1148,0,1148,15,5,1,2,2,63,1,0,22,1,69,0,0,1,471,7,0,0,0,12,0,0,0,65,2,2,0,0,0,2,83,0,0,91,0,2,205,13,3,8
530196,171,173,6,59,107,5,112,0,112,1,0,0,0,0,13,0,0,3,0,2,0,0,0,37,0,0,0,0,0,0,0,0,11,0,0,0,0,0,0,12,0,0,10,0,0,22,1,0,0
530197,546,538,42,165,345,36,381,0,381,7,1,1,0,0,28,0,0,3,0,11,0,0,0,129,3,0,0,0,7,0,0,1,39,0,1,0,0,0,0,23,0,0,10,0,1,106,6,0,4
530198,1947,1938,48,660,1243,44,1287,0,1287,18,2,2,7,2,93,2,1,18,0,85,0,0,1,527,5,0,1,1,13,1,0,0,61,1,1,0,0,0,1,117,0,0,117,0,1,194,3,1,11
530199,1875,1847,82,586,1233,56,1289,0,1289,17,0,1,1,1,139,0,2,23,0,74,0,0,1,467,8,2,0,0,20,0,0,1,70,2,4,0,2,0,0,129,0,0,118,0,1,195,6,0,5
530200,1683,1658,78,597,1022,64,1086,0,1086,17,2,0,0,2,102,1,0,12,0,62,0,0,0,382,5,2,0,1,5,1,0,0,65,5,4,0,0,0,0,86,3,2,143,0,1,175,3,0,5
530201,1491,1469,71,514,922,55,977,0,977,12,0,0,2,1,85,0,1,10,0,60,0,1,0,353,3,0,0,0,24,1,0,0,55,1,4,0,0,0,2,61,1,0,115,0,1,175,2,0,7
530202,597,594,32,200,366,31,397,0,397,5,1,0,1,0,47,0,0,2,0,26,0,2,0,109,1,1,0,0,10,0,0,0,29,0,0,0,0,0,1,27,0,0,36,0,0,92,5,1,1
530203,186,184,9,42,135,9,144,0,144,0,0,0,0,0,7,1,0,0,0,12,0,1,0,31,1,0,0,0,3,0,1,0,16,0,1,0,0,0,0,15,0,0,8,0,0,46,0,0,1
530204,291,295,27,110,160,21,181,0,181,1,0,1,0,0,26,0,0,1,0,11,0,1,0,46,1,1,0,0,3,0,0,2,18,0,1,0,0,0,1,19,0,0,9,0,0,32,1,2,4
530205,1104,1089,40,335,731,38,769,0,769,5,0,0,1,1,63,1,3,11,0,61,0,1,0,298,1,0,0,0,13,1,0,1,35,2,1,0,0,0,0,50,0,0,45,1,0,165,2,0,7
530206,1176,1160,67,406,706,64,770,0,770,6,0,1,2,1,60,0,0,17,0,43,0,0,1,301,3,1,2,0,5,2,0,0,34,1,1,0,0,0,1,48,0,0,54,0,2,179,3,0,2
530207,1104,1099,72,391,656,57,713,0,713,5,1,1,0,1,63,0,1,12,1,43,0,1,0,261,0,1,0,0,4,2,1,0,52,0,1,0,0,0,0,51,0,1,44,0,0,156,4,1,5
530208,924,914,28,309,590,25,615,0,615,6,1,0,0,0,44,0,2,9,0,51,0,3,0,214,2,1,2,0,3,1,0,0,31,1,1,0,0,0,0,42,0,0,50,0,0,141,6,0,4
530209,258,255,47,86,127,45,172,0,172,2,0,0,0,0,12,1,1,1,0,11,0,1,0,60,0,0,0,0,0,0,0,0,22,0,0,0,0,0,0,10,0,0,6,0,0,42,3,0,0
530210,246,244,27,70,154,22,176,0,176,4,0,0,0,0,20,0,0,0,0,11,0,0,0,52,3,1,0,0,1,0,1,0,28,0,1,0,0,0,0,15,0,0,9,0,0,25,2,0,3
530211,420,414,41,131,257,32,289,0,289,2,0,0,0,0,23,0,1,1,0,18,0,1,1,104,2,2,0,0,3,1,0,2,22,0,0,0,0,0,0,23,0,0,17,0,1,63,1,0,1
530212,723,718,47,207,473,43,516,0,516,7,0,0,0,0,42,0,0,1,0,22,0,1,1,179,3,2,0,0,3,0,2,0,36,1,1,0,0,0,0,41,2,1,31,0,0,129,8,1,2
530213,450,454,20,139,292,19,311,0,311,5,0,0,0,1,24,2,0,1,0,11,0,0,0,106,3,1,2,0,4,0,0,0,48,0,0,0,0,0,0,24,0,0,17,1,0,58,0,1,2
530214,180,182,19,50,111,19,130,0,130,1,0,0,0,0,6,0,0,0,1,4,0,0,0,44,4,0,0,0,1,0,0,0,7,0,1,0,0,0,0,10,0,0,4,0,0,45,2,0,0
530215,1176,1162,127,368,693,115,808,0,808,11,0,0,1,0,57,1,0,7,0,60,0,0,1,288,1,2,1,0,25,1,0,0,99,0,0,1,0,0,0,40,0,0,57,0,1,146,5,0,3
530216,309,306,48,71,195,43,238,0,238,0,1,1,0,0,27,0,0,0,0,10,0,0,1,72,3,0,0,0,0,0,0,2,63,0,0,0,0,0,0,9,0,0,3,0,0,43,3,0,0
530217,648,647,87,162,404,82,486,0,486,3,0,0,2,1,22,0,0,4,1,16,0,0,0,141,2,1,0,0,1,0,0,2,50,1,0,0,0,0,0,20,2,0,14,0,0,193,8,0,2
530218,132,136,21,45,72,15,87,0,87,0,0,1,0,0,7,0,1,0,0,9,0,0,0,21,1,0,0,0,3,0,0,0,6,0,0,0,0,0,0,8,0,0,4,0,0,24,1,0,1
530219,390,399,69,119,208,63,271,0,271,4,1,0,0,0,26,1,0,2,0,28,0,0,0,81,3,2,0,0,2,0,0,1,33,0,2,0,0,0,0,17,0,0,0,0,0,65,0,1,2
530220,441,438,46,144,252,45,297,0,297,8,0,0,1,0,16,0,0,3,0,14,0,0,0,94,0,0,0,0,1,0,0,2,25,0,1,0,0,0,0,14,0,1,6,1,0,104,1,0,5
530221,846,836,99,294,466,86,552,0,552,5,0,0,3,1,43,0,0,4,0,39,0,1,0,183,4,1,1,0,3,0,0,3,70,0,1,0,0,0,0,32,0,1,28,0,0,122,4,0,3
530222,381,380,28,157,204,20,224,0,224,2,0,0,2,1,31,0,0,5,0,4,0,0,0,82,1,0,0,0,2,0,0,0,19,0,1,0,0,0,0,9,0,0,8,0,1,49,2,0,5
530223,138,134,19,58,65,15,80,0,80,1,1,1,0,0,7,0,0,0,0,4,0,0,0,29,0,0,0,0,0,0,0,0,14,0,0,0,0,0,0,1,0,0,0,0,0,21,1,0,0
530224,381,374,38,113,233,35,268,0,268,1,0,0,1,1,23,0,0,1,0,13,0,0,0,65,0,0,0,0,3,0,0,0,43,0,0,0,0,0,0,20,0,0,21,0,0,73,0,0,3
530225,330,324,46,86,205,39,244,0,244,1,0,0,0,0,28,0,0,3,0,15,0,0,1,86,1,0,0,0,4,0,0,0,30,0,0,0,0,0,0,20,0,0,9,0,0,41,3,0,2
530226,243,240,25,72,148,23,171,0,171,4,0,0,0,0,26,0,0,3,1,23,0,0,0,22,0,0,1,0,1,0,0,1,27,0,2,0,2,0,0,14,0,0,6,0,1,33,4,0,0
530227,369,362,28,142,204,23,227,0,227,1,0,0,0,0,20,0,0,1,0,14,0,0,0,78,0,0,0,0,1,0,0,0,21,0,0,0,0,0,0,14,0,1,19,0,1,48,4,0,4
530228,90,91,14,25,53,12,65,0,65,1,0,0,0,0,2,0,0,0,0,2,0,0,0,8,0,1,0,0,1,0,0,0,11,1,0,0,0,0,0,4,0,0,5,0,0,28,1,0,0
530229,411,410,58,104,256,51,307,0,307,2,0,6,0,0,27,0,0,5,0,20,0,0,0,109,3,0,0,0,2,0,0,2,40,0,0,0,0,0,0,27,0,1,6,0,1,48,4,1,3
530230,126,125,27,36,72,18,90,0,90,0,0,0,0,0,6,0,0,0,0,5,0,0,0,16,0,1,0,0,0,0,0,1,15,0,0,0,0,0,0,9,0,0,0,0,0,34,2,0,1
530231,626,624,51,236,347,43,390,0,390,5,0,0,0,0,42,0,1,4,0,21,0,0,0,132,1,0,0,0,2,1,1,0,13,2,2,0,0,0,0,27,0,0,17,0,1,113,3,0,2
530232,216,218,27,70,121,25,146,0,146,2,0,0,0,0,12,1,0,0,0,9,0,0,1,52,0,1,0,0,0,0,0,0,28,0,0,0,0,0,0,2,0,1,2,0,0,33,2,0,0
530233,615,614,84,185,356,74,430,0,430,0,1,0,1,0,32,0,0,7,0,32,0,0,1,149,0,1,0,0,4,0,1,1,61,3,1,2,0,0,0,51,0,0,18,0,1,57,1,0,5
530234,276,269,32,112,138,26,164,0,164,3,0,0,0,0,11,0,0,2,1,13,0,0,0,43,0,0,0,0,0,0,0,2,25,0,0,0,0,0,0,12,0,0,16,0,0,32,4,0,0
530235,624,616,78,192,360,72,432,0,432,4,0,1,1,0,37,0,0,16,0,28,0,1,0,112,0,2,0,0,3,0,0,1,65,0,0,0,0,0,0,34,0,2,12,0,0,106,6,0,1
530236,729,724,30,256,444,29,473,0,473,4,0,0,0,0,38,0,1,4,0,48,0,0,0,168,1,2,0,0,6,0,0,0,48,1,0,1,0,0,0,40,0,1,33,0,0,72,3,0,2
530237,855,853,55,252,551,52,603,0,603,7,0,2,1,2,37,0,0,6,0,30,0,1,0,223,5,3,0,0,7,0,0,0,82,0,0,0,0,0,0,24,1,0,58,0,1,106,3,0,4
530238,411,408,55,111,250,50,300,0,300,6,0,0,0,0,55,0,1,5,1,23,0,0,0,73,0,1,0,0,4,0,0,0,56,0,1,0,0,0,1,13,0,0,15,0,0,41,2,1,1
530239,462,459,67,143,258,61,319,0,319,1,1,0,0,0,39,1,0,11,0,4,0,0,0,78,0,0,0,0,0,1,0,0,50,0,1,0,1,0,0,22,0,0,10,1,1,93,3,0,1
530240,564,559,37,196,335,33,368,0,368,3,0,0,0,0,37,0,0,3,1,26,0,0,1,109,0,0,0,0,1,0,0,0,37,0,1,0,0,0,1,13,0,2,21,1,0,101,7,0,3
530241,552,543,55,197,308,47,355,0,355,1,0,1,0,0,27,0,0,13,0,31,0,0,0,130,2,4,0,0,3,0,0,1,37,0,2,0,0,0,0,20,0,0,9,0,0,68,3,0,3
530242,222,219,39,67,121,34,155,0,155,3,0,0,0,0,18,0,0,2,0,11,0,0,0,46,2,1,0,0,4,0,0,2,33,1,0,0,0,0,0,9,0,0,2,0,0,17,3,0,1
530560,711,702,32,262,421,28,449,0,449,4,0,0,2,0,31,0,0,7,0,21,0,0,1,186,1,0,0,0,3,0,0,0,58,2,1,0,1,0,0,30,0,2,24,0,0,67,4,2,2
530561,432,431,60,124,260,48,308,0,308,2,0,0,0,0,23,0,0,4,0,25,1,0,0,92,0,0,0,0,4,0,0,1,47,1,3,0,0,0,0,24,0,1,44,0,0,32,1,1,2
530562,693,687,57,241,398,54,452,0,452,1,0,1,1,1,33,0,1,5,1,17,0,0,1,141,3,2,0,0,22,0,0,2,81,1,0,0,0,0,0,38,0,1,31,0,1,65,1,0,1
530563,1278,1264,54,478,748,52,800,0,800,6,0,1,1,1,87,0,0,22,0,21,0,0,0,260,0,5,0,0,16,0,0,2,93,3,2,0,0,0,0,68,0,0,77,0,0,129,1,1,4
530564,1401,1389,60,556,796,49,845,0,845,8,0,0,3,1,81,2,1,15,0,24,0,0,0,283,1,1,1,0,4,0,0,0,139,1,0,0,0,0,0,71,1,1,82,0,3,115,5,0,2
530565,312,311,14,111,190,11,201,0,201,1,0,0,0,0,10,0,0,3,0,11,0,0,0,67,3,0,2,0,2,0,0,1,18,1,0,0,0,0,0,17,0,0,1,0,1,60,2,0,1
530566,1188,1173,35,444,710,34,744,0,744,4,1,0,1,2,70,1,0,6,0,47,1,0,0,255,0,1,0,0,25,0,1,0,65,0,3,0,0,1,0,69,1,1,59,0,2,117,6,0,5
530567,993,980,52,385,556,52,608,0,608,6,0,1,0,0,52,0,0,7,0,28,0,0,0,209,0,0,0,0,20,0,0,0,92,1,3,0,0,0,1,42,1,0,45,0,1,93,4,0,2
530568,705,703,50,292,363,50,413,0,413,3,2,0,0,0,24,0,0,6,0,30,0,0,0,125,0,0,0,0,5,0,0,0,44,0,0,0,0,0,0,46,0,3,28,0,0,89,7,1,0
530569,117,121,8,33,78,6,84,0,84,1,0,1,0,0,9,1,0,1,0,3,0,0,0,19,0,0,0,0,3,0,0,0,12,0,1,0,0,0,0,6,0,0,7,0,0,17,0,0,3
530570,612,611,57,158,398,56,454,0,454,4,1,1,0,2,26,0,0,0,0,27,0,0,1,104,2,0,0,0,5,0,0,1,118,0,2,0,0,0,1,37,0,1,22,0,0,90,6,0,3
530571,813,818,69,302,447,64,511,0,511,2,1,1,0,0,41,1,1,4,1,26,0,0,0,181,0,1,1,0,4,1,0,0,65,1,2,0,1,0,0,33,0,0,38,0,2,92,3,5,3
530572,513,507,50,200,275,38,313,0,313,2,0,0,3,1,23,1,1,1,0,17,0,0,1,91,0,0,0,0,1,1,0,1,42,2,3,0,0,0,0,27,0,1,26,0,0,59,3,0,6
530573,225,223,30,69,130,26,156,0,156,3,0,1,0,0,7,0,0,3,0,8,0,0,0,34,0,0,0,0,0,0,0,0,22,0,0,1,0,0,0,11,0,0,3,0,0,58,2,0,3
530574,825,816,36,308,484,33,517,0,517,10,1,0,1,1,49,0,0,5,0,33,0,0,0,182,0,2,0,1,8,0,0,1,70,0,2,0,1,0,0,24,0,0,17,0,1,96,9,0,3
530575,813,803,49,296,472,45,517,0,517,10,0,0,0,0,41,1,0,7,0,31,0,0,0,184,0,0,0,0,5,0,0,0,87,1,0,0,0,0,0,32,0,1,16,0,0,89,6,1,5
530576,147,145,15,63,71,13,84,0,84,0,1,0,0,0,3,0,0,1,0,5,0,1,0,24,0,0,0,0,0,0,0,0,8,0,0,0,0,0,0,8,0,0,1,0,0,31,0,0,1
530577,447,446,40,142,266,39,305,0,305,3,0,3,0,0,25,1,0,2,0,42,0,1,1,70,0,0,0,0,1,0,0,1,52,0,0,0,0,0,0,19,1,0,16,0,1,60,5,0,1
530578,138,141,19,30,89,19,108,0,108,2,0,3,0,0,4,0,0,2,0,5,0,0,0,15,0,2,0,0,0,0,0,0,12,0,0,0,0,0,0,12,0,0,2,0,1,44,1,0,3
530579,1212,1204,52,422,740,50,790,0,790,8,0,2,2,1,72,0,0,12,0,37,0,0,0,297,2,2,1,0,7,0,1,0,83,1,3,0,0,1,0,56,0,1,60,0,1,131,7,1,1
530580,459,453,47,155,261,43,304,0,304,5,0,0,0,1,15,0,0,1,0,21,0,0,0,139,0,2,0,0,3,0,0,0,49,0,1,0,0,0,0,23,0,0,14,0,0,25,0,2,3
530581,1284,1271,63,508,719,57,776,0,776,4,0,2,1,1,64,0,0,11,0,32,0,0,0,322,1,0,0,0,6,0,0,0,101,1,1,0,0,0,0,50,0,3,48,1,0,114,6,3,4
530583,1983,1964,73,868,1053,62,1115,0,1115,11,1,0,0,3,101,1,2,17,0,79,0,0,0,424,1,1,2,0,19,0,1,3,98,1,4,1,0,0,1,98,1,0,103,1,0,127,9,0,5
530585,312,309,9,113,192,7,199,0,199,1,0,1,1,0,12,0,0,1,0,11,0,0,0,34,0,0,0,0,3,0,0,0,41,0,3,0,0,0,0,25,0,0,4,0,0,55,5,1,1
530586,705,698,57,150,504,51,555,0,555,10,0,2,0,0,55,1,0,16,2,13,0,1,0,137,3,0,0,0,3,0,0,1,96,3,3,0,0,0,0,46,0,2,26,0,0,123,8,0,4
530587,162,165,18,24,124,14,138,0,138,0,0,1,0,0,16,0,0,1,0,1,0,0,0,28,0,3,0,0,7,0,0,1,18,0,2,0,0,0,0,5,0,0,6,0,0,46,2,0,1
530588,66,67,3,5,58,3,61,0,61,0,0,0,0,0,3,0,0,1,0,2,0,0,0,8,0,0,0,0,0,0,0,0,10,0,0,0,0,0,1,11,0,0,1,0,0,22,1,0,1
530589,84,82,6,10,68,6,74,0,74,3,0,1,0,0,7,0,0,0,0,5,0,0,0,18,0,0,0,0,0,0,0,0,11,0,0,0,1,0,0,8,0,0,0,1,1,18,0,0,0
530590,315,312,24,94,199,22,221,0,221,1,0,0,0,0,27,1,0,4,0,9,0,0,0,51,1,1,0,0,0,0,0,0,50,0,0,0,0,0,1,13,0,0,12,0,1,47,2,0,0
530591,156,152,26,47,85,24,109,0,109,1,0,1,0,0,14,0,1,5,1,3,0,1,0,24,0,1,0,0,0,1,0,0,15,1,1,0,2,0,0,5,0,0,3,1,1,24,1,0,2
530592,288,285,23,107,158,23,181,0,181,2,0,1,0,0,13,0,0,3,0,2,0,0,0,63,0,0,0,1,0,0,0,0,31,1,0,0,0,0,0,9,0,0,10,0,0,41,3,0,1
530593,108,106,4,28,76,4,80,0,80,0,0,0,0,0,5,0,0,1,0,1,0,0,0,22,0,0,0,0,2,0,0,0,16,0,0,0,0,0,0,9,0,0,2,0,0,21,0,0,1
530594,1368,1350,53,638,681,49,730,0,730,7,0,1,0,0,58,0,0,4,0,29,0,0,1,253,1,2,0,0,6,0,0,2,126,0,4,0,0,0,0,73,0,0,41,0,0,112,5,2,3
530595,156,162,17,41,98,17,115,0,115,3,0,0,0,0,8,0,0,0,0,2,0,0,0,34,1,1,0,0,1,0,0,0,22,0,0,0,0,0,0,11,0,1,2,0,0,27,0,0,2
530596,321,317,24,103,194,24,218,0,218,1,0,0,0,0,14,0,0,5,0,9,0,2,0,66,2,0,0,0,3,0,0,0,44,1,0,0,0,0,0,22,0,0,5,0,1,36,3,1,3
530597,345,344,33,93,221,31,252,0,252,5,0,0,0,0,16,0,0,3,0,21,0,0,0,69,0,1,0,0,2,0,0,0,44,0,0,0,0,0,0,29,0,0,23,0,0,34,1,2,2
530598,267,270,36,70,169,28,197,0,197,1,0,2,0,0,8,0,0,5,0,4,0,0,0,45,0,0,0,0,3,0,0,1,39,0,1,0,0,0,0,31,0,0,8,0,0,44,2,1,2
530599,447,436,46,194,216,37,253,0,253,2,0,1,0,1,15,0,0,2,0,4,0,0,0,79,0,0,0,0,3,0,0,0,36,0,1,0,0,0,0,12,0,0,9,0,1,79,7,0,1
530600,111,109,9,36,67,8,75,0,75,0,0,1,0,0,7,0,0,1,0,2,0,0,0,20,0,0,0,0,0,0,0,0,14,1,2,0,0,0,0,8,0,0,0,0,0,17,2,0,0
530601,561,558,54,232,277,52,329,0,329,3,0,1,0,2,35,0,0,1,0,9,0,0,0,82,5,1,0,0,2,0,0,0,51,1,0,0,0,0,0,20,0,3,21,0,0,84,3,0,5
530602,807,802,20,337,453,17,470,0,470,4,2,0,0,0,50,1,0,7,0,31,0,0,0,169,1,2,0,0,5,0,0,0,44,0,0,0,0,0,1,38,0,0,59,0,0,51,1,2,2
530603,264,260,16,89,165,10,175,0,175,0,0,0,0,0,18,1,0,3,1,8,0,0,0,36,2,0,0,0,0,0,0,1,33,0,0,0,0,1,0,16,0,0,8,0,0,47,0,0,0
530604,282,285,24,78,181,23,204,0,204,0,0,1,0,0,18,0,0,2,0,12,0,0,0,76,1,0,0,0,5,0,0,1,22,0,1,0,0,0,0,13,0,0,10,0,0,37,2,0,3
530780,1656,1652,26,564,1069,23,1092,0,1092,12,5,1,1,2,74,0,0,17,0,64,0,0,0,409,2,7,0,0,27,3,0,1,80,1,2,0,0,2,1,95,0,0,73,0,1,193,10,1,8
530781,1287,1275,20,424,845,18,863,0,863,5,3,1,3,1,57,0,0,12,1,41,1,2,0,323,1,2,0,0,30,3,0,0,55,0,3,0,0,1,0,86,0,0,45,0,0,177,5,0,5
530782,1491,1480,34,519,944,28,972,0,972,6,0,2,2,0,52,0,1,14,0,43,0,0,0,401,0,2,1,0,19,2,0,0,73,0,2,0,0,0,2,94,0,0,62,0,0,182,6,2,4
530783,1065,1052,35,359,679,27,706,0,706,3,4,0,2,5,46,0,0,19,0,26,0,3,0,265,2,2,0,0,14,1,0,0,58,0,1,0,0,0,0,62,0,0,31,1,0,158,1,0,2
530784,1158,1145,18,383,759,16,775,0,775,8,2,0,4,1,47,0,0,7,0,51,1,0,0,322,0,0,0,0,10,0,0,0,66,0,1,0,0,0,1,68,0,0,54,0,2,125,2,0,3
530785,312,311,11,110,191,11,202,0,202,3,0,0,1,1,11,0,0,4,0,13,0,0,0,84,2,0,0,0,1,1,0,1,27,1,0,0,0,0,0,11,0,0,9,0,1,27,3,0,1
530786,834,829,32,288,518,28,546,0,546,8,0,1,1,0,56,1,0,6,0,12,0,0,0,208,2,0,0,0,6,0,1,0,60,0,1,0,0,1,0,48,0,1,26,0,3,97,4,1,2
530787,312,310,10,72,230,10,240,0,240,0,0,0,0,0,9,0,0,2,0,5,0,0,0,99,3,0,0,0,6,0,0,0,25,2,3,0,1,0,1,18,0,0,10,0,0,52,4,0,0
530788,198,196,4,68,126,4,130,0,130,1,0,1,0,0,5,0,0,0,0,4,1,0,0,51,3,0,0,0,4,0,0,0,27,0,1,0,0,0,0,8,0,0,0,0,0,19,1,1,3
530789,609,604,24,220,369,20,389,0,389,8,2,1,0,0,23,0,0,7,0,11,0,0,1,150,2,0,0,0,8,0,0,0,69,0,1,0,0,0,0,19,0,0,9,0,2,68,4,1,3
530790,285,285,7,126,152,7,159,0,159,0,2,0,0,0,5,1,0,1,0,5,0,2,1,68,2,0,0,0,0,0,0,0,14,1,1,0,0,0,0,7,0,0,6,0,0,38,3,0,2
530791,984,977,42,336,611,37,648,0,648,5,0,0,0,2,35,0,0,4,1,39,1,0,0,273,2,1,1,0,33,0,0,0,54,1,1,0,1,1,0,40,0,1,17,1,1,127,4,0,2
530792,831,828,40,277,521,33,554,0,554,2,0,1,0,1,32,0,0,6,0,25,0,0,0,249,1,2,1,0,9,0,0,0,60,1,0,0,0,0,0,34,0,0,11,0,0,105,7,2,5
530793,231,223,11,88,133,10,143,0,143,0,0,0,0,1,10,0,0,2,0,2,0,0,0,50,1,0,0,0,1,0,0,0,26,0,0,0,0,0,0,9,0,0,1,1,1,33,3,0,2
530794,372,371,41,92,241,39,280,0,280,3,0,0,0,0,10,1,0,5,0,13,0,1,1,99,0,3,0,0,3,1,0,0,37,1,0,0,0,0,0,19,0,0,20,0,0,59,2,0,2
530795,144,146,16,42,88,14,102,0,102,0,2,0,0,0,5,0,0,0,0,5,0,0,0,28,0,0,0,0,1,3,0,0,10,0,1,0,0,0,0,18,0,1,4,0,0,23,0,0,1
530796,486,485,29,185,275,26,301,0,301,5,0,0,0,0,20,0,0,1,1,7,0,0,0,109,0,1,0,0,6,2,0,0,42,0,1,0,0,0,0,32,0,0,12,0,0,58,3,0,1
530797,387,385,40,136,224,27,251,0,251,3,0,0,0,1,16,0,0,6,0,11,0,0,0,96,1,0,0,0,3,0,0,1,31,0,0,0,0,0,0,24,0,0,10,0,2,44,0,0,2
530798,357,360,30,97,234,26,260,0,260,1,0,0,0,0,17,0,0,2,0,7,0,0,0,104,0,0,1,0,10,0,0,0,38,1,0,0,0,0,0,15,0,0,15,0,1,45,2,0,1
530799,399,400,40,114,249,36,285,0,285,2,0,1,0,0,18,0,0,1,0,7,1,0,0,85,0,1,0,0,4,1,0,1,40,0,0,0,0,0,0,36,0,0,19,0,0,63,4,1,0
530800,387,381,44,110,236,41,277,0,277,2,0,0,0,0,20,0,0,3,0,9,1,0,0,97,1,0,0,0,6,2,0,1,55,0,2,0,0,0,0,10,0,1,20,1,0,45,0,0,1
530801,195,194,27,61,110,24,134,0,134,0,0,0,0,0,6,0,1,6,0,3,0,0,0,40,0,0,0,0,1,0,0,2,25,1,1,0,0,0,0,17,1,0,2,0,1,26,1,0,0
530802,312,311,43,85,189,38,227,0,227,1,0,0,0,0,26,0,0,3,0,6,0,0,0,73,0,0,0,0,1,0,0,0,60,0,2,0,0,0,0,12,0,0,7,0,0,34,2,0,0
530803,183,186,15,38,131,14,145,0,145,0,0,1,0,0,36,0,0,2,1,7,0,0,0,42,0,0,0,0,1,0,0,2,25,0,0,0,0,0,0,8,0,0,0,0,0,0,19,1,0
530804,402,392,38,127,237,38,275,0,275,1,0,0,0,0,8,0,0,4,0,12,0,1,0,108,0,2,0,0,5,0,0,1,47,1,0,0,0,0,1,27,0,0,6,1,0,46,3,0,1
530805,270,265,20,56,194,20,214,0,214,2,0,0,0,0,7,0,1,2,0,9,0,1,0,61,1,0,0,0,2,0,0,1,48,0,0,0,0,0,0,20,0,0,3,1,0,50,4,0,1
530806,504,504,26,186,295,23,318,0,318,1,0,0,0,0,20,0,2,3,1,16,0,1,0,93,2,0,0,0,2,0,0,1,76,1,0,0,0,0,0,30,0,1,7,0,0,51,7,0,3
530807,780,774,45,310,428,42,470,0,470,5,0,1,2,0,21,0,0,8,0,24,1,0,1,174,1,0,0,0,5,0,0,0,101,0,1,0,0,0,0,43,0,1,16,0,1,59,3,0,2
530808,387,379,21,117,250,20,270,0,270,1,0,0,0,0,9,0,0,5,0,16,0,0,0,78,0,0,1,0,3,0,0,1,48,0,2,0,0,0,0,15,0,0,13,0,0,71,3,0,4
530809,573,569,42,197,336,40,376,0,376,3,0,1,1,0,13,0,0,6,0,17,0,0,0,166,2,0,0,0,8,0,0,1,32,0,1,0,0,0,0,20,0,0,22,0,0,79,3,0,1
530810,510,511,40,168,305,37,342,0,342,1,0,1,1,1,24,0,0,3,0,17,0,0,0,95,1,0,0,0,14,0,0,2,46,1,1,0,0,0,0,38,0,2,23,0,1,66,4,0,0
530811,702,700,63,244,402,56,458,0,458,4,0,0,0,0,30,0,0,5,0,25,0,1,0,158,6,1,0,0,2,5,1,3,61,1,0,0,0,0,0,55,1,1,21,0,1,69,6,0,1
530812,489,482,35,169,288,32,320,0,320,2,1,0,0,0,11,1,0,4,0,6,0,0,0,128,0,2,0,0,2,1,0,0,59,1,0,0,0,0,0,11,0,0,10,2,1,72,4,1,1
530813,222,220,21,71,132,19,151,0,151,2,0,0,1,0,11,1,0,2,0,8,0,0,0,42,1,0,0,0,2,0,0,0,19,0,0,0,0,0,1,4,0,0,3,0,2,47,4,0,1
530814,366,363,27,107,233,26,259,0,259,2,0,0,0,2,18,0,0,3,1,13,0,5,0,63,0,0,0,0,3,0,0,1,51,0,1,0,1,0,0,24,0,0,5,0,0,63,2,0,1
530815,306,298,7,86,214,6,220,0,220,0,0,0,0,0,13,0,0,0,0,12,0,0,2,81,0,0,0,0,4,0,0,2,31,0,0,0,0,0,0,17,0,0,15,1,2,35,3,1,1
530816,309,308,33,72,208,29,237,0,237,0,0,0,0,1,15,1,0,4,0,5,0,0,0,77,0,0,0,0,5,1,0,1,41,1,0,0,1,0,0,12,0,0,7,0,0,60,4,0,1
530817,243,243,29,61,154,28,182,0,182,3,0,0,0,0,15,0,0,4,0,7,0,1,0,54,0,2,0,0,5,0,0,2,28,0,0,0,0,0,0,11,0,0,9,0,0,38,2,0,1
530960,1959,1950,86,671,1215,73,1288,0,1288,11,6,2,2,1,159,0,1,16,0,68,0,0,0,449,12,0,0,0,17,0,0,0,102,1,1,0,0,0,0,118,0,5,107,0,0,184,14,0,12
530962,1953,1936,85,611,1270,72,1342,0,1342,14,1,2,3,3,150,3,0,18,1,76,1,0,0,434,11,1,0,0,7,3,1,0,101,2,4,0,0,0,3,136,1,2,104,0,1,243,10,0,6
530964,261,261,15,83,166,12,178,0,178,3,0,1,0,0,20,0,0,1,0,3,0,1,0,45,2,0,0,0,3,0,0,1,30,0,0,0,0,0,0,10,0,0,11,0,1,45,1,0,0
530965,276,275,40,76,162,38,200,0,200,1,0,0,0,0,33,1,0,3,0,2,0,0,0,52,0,0,0,0,0,3,1,1,42,0,1,0,0,0,0,2,0,0,7,0,0,41,3,0,7
530966,402,402,39,112,255,35,290,0,290,0,1,0,0,0,47,0,0,1,0,14,0,0,0,96,1,2,0,1,2,0,0,0,51,0,0,0,1,0,0,17,0,0,7,0,0,46,2,0,1
530967,360,359,42,99,222,39,261,0,261,5,0,1,1,0,17,0,0,1,0,2,0,0,0,66,1,1,0,0,4,0,0,1,40,0,0,0,0,0,0,18,0,0,9,0,0,82,5,1,6
530968,459,457,40,151,275,33,308,0,308,1,0,0,0,1,36,0,0,1,0,16,0,0,0,116,1,0,0,1,1,0,0,1,52,1,0,0,0,0,1,9,0,1,10,0,2,51,4,0,2
530969,609,602,38,186,392,31,423,0,423,4,0,1,0,0,22,0,1,5,0,25,0,0,0,153,12,1,0,0,2,0,0,1,51,2,0,0,0,0,1,31,0,1,24,0,0,79,6,0,1
530970,261,259,18,101,143,17,160,0,160,4,0,0,0,0,9,0,0,5,0,2,0,0,1,57,0,0,0,0,3,1,0,0,33,0,0,0,0,0,0,6,0,0,5,0,0,29,4,0,1
530971,726,718,46,220,467,39,506,0,506,1,0,0,1,1,44,0,0,1,0,22,1,0,0,170,2,0,0,0,2,0,0,0,93,1,1,0,0,0,0,54,0,0,24,0,0,87,1,0,0
530972,765,761,70,273,427,65,492,0,492,0,0,0,0,0,32,0,0,4,0,22,0,0,0,162,0,1,0,0,5,4,0,3,74,0,2,0,2,0,1,18,0,0,13,0,0,137,8,0,4
530973,483,476,53,131,303,49,352,0,352,1,0,0,0,0,41,0,0,3,0,5,0,0,0,105,1,0,0,0,4,0,0,0,87,0,2,0,0,0,1,19,0,0,9,0,0,69,2,0,3
530974,528,523,34,163,333,32,365,0,365,1,0,1,3,0,20,1,0,3,0,9,0,0,1,140,1,0,0,0,4,0,0,1,62,2,0,0,0,0,0,23,0,0,16,0,0,68,1,1,7
530975,444,448,39,163,245,36,281,0,281,1,0,0,0,0,21,1,0,3,0,9,0,0,0,91,2,0,0,0,4,0,1,1,57,1,0,0,0,0,0,19,0,0,8,0,0,55,4,1,2
530976,381,384,38,102,243,36,279,0,279,0,0,1,0,3,26,0,0,5,0,9,0,0,1,78,0,0,1,0,3,0,0,0,31,1,1,0,1,0,0,21,0,0,6,0,0,86,3,0,2
530977,774,769,50,277,453,44,497,0,497,7,0,0,1,0,36,1,0,7,0,24,0,0,1,177,4,1,0,0,3,0,0,0,78,0,2,0,0,0,0,41,0,0,21,0,0,89,2,1,1
530978,543,544,59,191,300,52,352,0,352,5,0,0,1,1,49,0,1,6,1,11,0,0,0,136,3,0,0,1,1,1,0,1,44,1,1,0,1,0,0,19,0,0,5,1,1,58,1,0,2
530979,1026,1020,79,330,618,78,696,0,696,6,0,0,1,1,56,0,0,10,0,25,0,0,0,231,3,1,0,0,10,0,0,1,101,0,0,0,0,0,0,51,0,1,39,0,1,136,13,1,8
530980,426,426,52,149,231,46,277,0,277,2,0,0,0,1,22,0,0,2,1,6,0,1,0,84,4,2,0,0,15,0,0,1,67,1,0,1,0,0,0,11,0,1,8,1,0,43,1,1,1
530981,1821,1803,97,686,1049,86,1135,0,1135,16,1,1,2,3,86,1,1,5,0,63,1,0,0,416,4,2,1,0,9,0,1,1,111,4,1,1,0,0,1,72,1,3,88,1,0,218,13,0,7
530982,1503,1487,49,521,940,42,982,0,982,8,1,0,0,2,68,0,0,10,1,51,0,0,0,402,8,3,0,0,6,0,0,2,69,0,1,0,0,0,1,89,0,1,93,0,1,146,10,1,8
531022,1983,1950,20,693,1270,20,1290,0,1290,10,2,1,2,0,135,3,0,28,0,66,0,0,2,509,3,1,0,0,25,1,1,0,60,0,4,0,2,0,0,139,1,1,148,5,0,131,2,1,7
531023,1401,1410,15,449,939,13,952,0,952,8,1,3,3,0,96,1,1,14,1,69,0,1,0,374,4,0,2,0,15,1,1,1,41,2,4,0,0,0,0,104,0,2,85,0,1,111,4,2,0
531024,1824,1808,63,626,1145,53,1198,0,1198,20,2,1,3,2,131,0,0,20,0,36,0,0,0,497,5,0,0,0,23,1,0,1,81,4,0,0,0,0,2,66,0,0,82,1,0,203,8,1,8
531025,1818,1811,20,689,1111,18,1129,0,1129,13,3,1,1,0,100,1,1,12,0,59,1,1,1,481,3,1,0,0,25,3,0,2,50,0,3,0,0,0,1,107,0,2,99,0,0,147,5,1,5
531026,1755,1833,23,522,1216,17,1233,0,1233,12,2,1,2,1,147,5,0,43,0,90,0,0,1,397,3,2,0,0,25,0,0,0,57,0,2,0,0,0,0,110,0,1,134,0,0,184,5,1,8
531027,1650,1651,34,561,1059,30,1089,0,1089,12,1,2,2,0,142,1,0,43,1,81,0,1,0,313,7,1,0,1,12,0,1,0,61,0,0,0,0,0,1,140,0,0,133,0,0,126,4,0,3
531028,1767,1765,28,602,1141,24,1165,0,1165,16,4,1,0,1,121,3,0,28,1,61,0,0,0,455,6,1,1,0,16,2,1,0,60,1,5,0,1,0,0,96,0,1,109,0,0,168,0,0,6
531029,1839,1802,12,716,1113,10,1123,0,1123,23,1,2,3,0,261,3,1,40,1,78,0,2,0,351,3,1,1,0,14,0,0,1,35,3,1,0,0,0,2,100,1,0,112,0,0,77,2,0,4
531030,1839,1790,7,700,1133,6,1139,0,1139,18,1,0,0,1,81,2,0,20,1,100,0,4,0,532,2,0,0,0,27,0,0,1,55,0,2,0,0,0,1,118,0,4,68,1,0,86,2,2,10
531031,1896,1940,26,614,1259,23,1282,0,1282,11,2,2,1,3,105,2,0,29,0,74,0,0,0,501,6,0,2,0,25,0,2,0,54,3,7,0,0,0,1,141,0,1,150,0,0,150,2,0,8
531032,1296,1289,24,401,872,23,895,0,895,4,0,0,0,1,93,0,0,19,1,81,1,1,0,310,5,2,0,0,14,2,0,0,37,1,4,1,0,0,0,99,0,1,113,0,3,95,3,0,4
531033,1698,1685,33,687,982,29,1011,0,1011,7,1,0,4,0,124,0,0,21,0,50,0,2,0,386,1,2,1,0,16,0,0,4,72,2,2,0,1,0,0,71,0,2,72,1,1,155,10,0,3
531034,1869,1872,23,590,1259,20,1279,0,1278,15,0,1,2,3,143,2,0,42,0,100,0,2,1,457,3,2,0,2,19,1,0,1,48,0,2,0,0,2,0,155,0,1,123,1,1,143,2,0,4
531035,1683,1676,8,603,1072,8,1080,0,1080,8,1,4,1,0,164,0,1,26,0,45,0,0,0,388,5,0,1,0,21,0,2,1,46,0,3,1,1,1,0,107,0,2,104,0,1,140,1,0,5
531036,1818,1816,15,683,1123,12,1135,0,1135,17,1,0,2,1,113,0,1,18,1,75,0,0,4,445,4,2,1,0,21,0,0,1,62,2,6,0,0,0,1,104,1,0,94,0,0,141,7,1,9
531037,1422,1405,12,565,849,8,857,0,857,13,1,4,2,1,71,1,0,14,0,73,1,1,0,349,3,1,0,0,18,1,0,1,40,1,2,0,0,1,0,81,1,1,77,0,0,89,4,1,4
531038,1905,1879,14,731,1162,12,1174,0,1174,22,1,1,1,1,125,0,0,16,1,91,0,4,0,424,5,2,1,1,16,3,0,1,52,1,6,0,0,0,1,123,0,0,102,0,1,167,0,0,5
531039,2004,1974,14,762,1229,13,1242,0,1242,15,0,1,2,2,109,2,0,26,0,105,0,2,0,484,5,4,0,0,17,1,0,0,66,0,7,0,0,1,0,102,0,0,132,1,1,148,3,4,2,31,03,2019,22,20
