530036,1581,1579,18,511,1057,13,1070,0,1070,9,3,0,2,1,106,1,1,15,0,88,0,0,0,295,7,1,0,0,16,2,0,0,48,1,5,0,1,0,0,116,1,1,163,0,0,173,6,0,8
530037,1047,1025,19,426,604,17,621,0,621,8,1,0,2,1,43,0,0,10,0,47,0,0,0,209,7,1,0,0,15,0,0,1,47,1,2,0,0,0,0,59,0,0,50,0,0,109,2,2,4
530038,1326,1332,9,498,821,7,828,0,828,11,2,0,3,1,67,0,0,10,0,74,0,0,0,265,1,1,0,1,15,0,0,0,41,1,4,0,0,0,1,80,0,1,106,0,0,131,6,1,5
530039,1551,1537,16,556,980,15,995,0,995,7,2,0,3,4,67,0,0,13,0,63,0,0,2,356,3,5,1,0,11,4,0,1,74,0,1,0,0,0,1,72,0,0,114,0,1,179,3,0,8
530040,1449,1434,22,468,960,21,981,0,981,8,3,0,2,2,72,0,0,24,0,63,0,0,0,320,8,5,0,0,21,1,0,1,74,0,4,0,0,0,0,101,1,0,104,0,1,157,6,0,3
530041,1611,1587,15,583,1014,14,1028,0,1028,10,3,1,3,2,63,0,1,16,0,72,0,2,0,390,2,3,0,1,9,0,0,3,52,0,4,0,0,0,1,80,0,0,119,0,1,172,12,1,5
530042,1659,1641,11,617,1032,10,1042,0,1042,7,4,2,2,1,57,0,0,15,0,59,1,1,1,397,8,2,0,0,22,1,0,1,60,0,3,0,0,0,0,82,0,5,139,0,0,164,1,0,7
530043,1899,1891,134,593,1175,131,1306,0,1306,11,2,2,4,1,126,0,0,24,0,86,1,1,0,462,0,3,0,1,23,0,0,0,83,3,1,0,0,0,0,94,0,0,127,0,2,233,13,1,2
530044,1644,1639,10,589,1046,9,1055,0,1055,9,7,1,4,3,80,1,1,19,0,80,0,0,1,356,12,2,0,0,15,0,0,1,43,1,6,1,0,0,0,102,0,0,135,0,2,165,4,1,3
530045,942,940,14,354,578,10,588,0,588,13,4,0,0,0,45,0,0,8,0,41,0,0,1,181,4,1,0,0,4,0,0,1,31,0,4,0,1,0,0,62,0,0,53,0,0,130,3,0,1
530046,1170,1148,18,438,718,14,732,0,732,10,2,0,1,0,64,0,0,10,0,44,0,0,1,250,5,0,0,0,18,0,0,0,46,0,0,0,0,0,0,55,1,2,90,1,0,127,2,0,3
530047,1017,1013,9,359,649,9,658,0,658,4,5,2,2,1,56,2,0,10,0,45,0,0,0,212,6,3,0,0,3,0,0,1,35,0,3,0,0,0,0,67,0,0,76,0,0,115,7,1,2
530048,888,877,111,337,446,105,551,0,551,4,0,0,1,1,34,0,1,9,0,41,0,0,0,138,0,3,0,0,5,0,0,0,97,1,4,0,0,0,0,55,0,1,34,0,1,112,8,0,1
530049,876,873,28,291,562,23,585,0,585,4,0,0,1,0,47,0,0,6,0,19,0,0,0,215,2,5,1,0,11,0,0,0,54,0,2,0,0,0,1,34,0,0,30,0,0,143,7,0,3
530050,243,239,40,32,171,40,211,0,211,0,0,0,0,0,6,0,0,3,0,5,0,0,0,55,0,1,0,0,2,0,0,0,39,0,1,0,0,0,0,10,0,1,4,0,0,82,0,0,2
530051,492,494,31,128,339,25,364,0,364,3,2,0,0,1,48,0,0,2,0,35,0,0,0,83,1,0,0,0,2,0,0,0,51,2,1,0,0,0,0,31,1,0,7,0,1,81,8,1,3
530052,627,633,30,225,377,25,402,0,402,7,0,0,0,1,20,0,0,2,0,15,0,0,0,133,5,3,0,0,3,0,0,1,51,1,2,0,0,0,1,29,0,1,27,0,0,90,9,0,1
530053,966,953,15,372,579,15,594,0,594,4,2,1,1,1,38,0,1,9,0,24,0,0,0,210,2,3,0,0,6,2,0,3,97,0,0,0,0,1,1,42,0,2,42,0,0,93,1,2,6
530054,333,329,3,135,198,0,198,0,198,1,1,0,0,0,21,0,0,4,0,8,0,0,0,58,0,0,0,0,0,0,0,1,31,0,0,0,0,0,0,17,0,0,11,0,0,44,1,0,0
530055,1800,1783,30,771,1005,24,1029,0,1029,22,0,3,2,1,48,3,0,14,0,43,0,0,0,391,8,3,0,0,5,0,0,2,108,2,1,0,0,0,0,67,0,0,81,0,0,210,9,1,5
530056,327,326,20,113,196,18,214,0,214,0,0,0,0,0,10,0,0,3,0,4,0,0,0,62,1,2,0,0,1,0,0,0,44,1,1,0,0,0,0,10,0,0,25,0,0,42,6,0,2
530057,675,675,48,254,376,45,421,0,421,1,0,0,1,0,36,0,1,5,0,17,0,0,0,146,0,1,0,0,0,0,0,0,61,2,0,0,0,0,0,58,0,0,14,0,1,75,0,0,2
530058,879,875,41,270,572,37,609,0,609,6,1,0,2,0,36,0,1,3,0,20,0,0,0,201,2,2,1,1,10,0,0,1,85,1,0,1,0,0,1,42,0,2,36,2,0,141,9,1,1
530059,480,474,21,137,325,18,343,0,343,2,5,0,0,0,20,0,0,2,0,16,0,0,1,103,1,1,0,0,8,0,0,0,66,0,1,0,0,0,0,18,0,1,34,0,0,56,4,0,4
530060,762,754,59,261,450,51,501,0,501,4,1,1,0,0,23,0,0,6,0,72,0,0,0,149,3,1,1,0,8,0,0,1,78,0,0,0,1,0,0,26,0,1,40,0,0,81,3,0,1
530061,165,167,28,50,94,21,115,0,115,2,0,0,0,0,5,1,0,3,0,6,0,0,0,35,1,1,0,0,3,0,0,1,21,0,0,0,0,0,0,7,1,0,4,0,0,21,2,0,1
530062,597,578,25,227,350,20,370,0,370,1,0,0,2,1,38,0,0,4,0,30,0,0,0,75,6,3,0,0,6,0,0,0,57,1,0,0,0,0,0,34,0,0,38,0,0,69,3,1,1
530063,261,272,14,79,168,14,182,0,182,3,0,0,1,0,16,0,0,1,0,10,0,0,0,43,0,4,0,0,5,0,0,0,25,0,0,0,0,0,0,11,0,0,10,0,0,48,2,0,3
530064,381,376,12,142,231,8,239,0,239,4,0,0,0,0,19,0,0,5,0,10,0,1,0,96,0,0,0,0,6,0,0,2,23,1,0,0,0,0,0,18,0,1,7,0,1,43,1,0,1
530065,72,74,3,24,46,2,48,0,48,0,0,0,0,0,4,0,0,3,0,2,0,0,0,15,0,0,0,0,1,0,0,0,6,0,0,0,0,0,0,2,0,0,0,0,0,14,1,0,0
530066,75,76,6,26,45,4,49,0,49,0,0,0,0,0,8,0,0,1,0,6,0,0,0,9,0,0,0,0,2,0,0,0,5,0,0,0,0,0,0,5,0,0,3,0,0,10,0,0,0
530067,1173,1162,32,468,682,23,705,0,705,4,0,0,2,1,43,0,1,4,0,58,0,0,0,281,1,2,1,0,2,0,0,0,60,1,1,0,0,0,0,38,0,2,29,0,0,165,6,0,3
530068,1101,1085,13,478,611,12,623,0,623,4,1,1,0,1,42,0,0,16,0,47,0,0,0,255,2,2,0,0,9,0,0,1,78,0,1,0,0,0,0,21,0,2,26,0,1,100,8,1,4
530069,369,359,20,141,211,17,228,0,228,3,0,1,0,0,10,1,0,6,0,8,0,0,0,68,0,1,0,0,3,0,0,0,47,0,0,0,0,0,1,11,0,0,2,1,1,56,6,0,2
530070,786,770,47,280,463,43,506,0,506,5,0,2,1,1,44,0,0,7,0,22,0,0,0,175,2,1,0,0,7,0,0,1,73,0,1,0,0,0,1,46,0,0,17,0,1,82,8,0,9
530071,1107,1090,43,473,601,33,634,0,634,14,0,1,2,2,51,0,0,8,0,25,0,0,2,274,1,3,0,0,4,1,0,0,57,2,2,0,1,0,0,34,0,0,61,1,0,85,1,0,2
530072,801,793,18,273,515,13,528,0,528,1,1,1,0,0,55,0,0,8,1,27,0,0,1,189,5,1,0,0,5,0,0,0,62,0,0,0,0,0,0,33,0,1,50,0,1,81,2,0,3
530073,615,609,70,230,322,63,385,0,385,1,0,0,0,0,44,0,0,0,0,32,0,1,0,104,3,1,0,0,3,0,0,1,64,0,1,0,0,0,1,33,0,0,26,0,2,66,2,0,0
530074,1278,1266,116,355,812,111,923,0,923,8,2,3,1,0,30,1,1,12,1,57,0,0,1,282,0,1,1,0,7,0,1,2,79,3,4,0,0,0,0,118,1,0,30,0,2,252,16,1,6
530075,795,790,62,251,486,58,544,0,544,5,1,0,1,1,24,1,0,6,0,24,0,0,1,186,3,3,0,0,6,0,0,0,91,2,1,0,0,1,0,43,0,1,29,0,1,108,0,0,5
530076,747,741,35,279,441,27,468,0,468,2,0,2,1,1,28,0,0,8,0,22,0,0,0,156,2,2,0,0,6,0,0,0,62,0,0,0,1,0,0,49,0,1,33,0,0,88,4,0,0
530077,498,498,29,189,284,25,309,0,309,4,1,0,0,0,19,1,0,5,0,17,0,0,0,102,0,0,0,0,4,0,0,0,47,1,2,0,0,0,0,15,0,0,14,0,0,73,1,1,2
530078,987,973,24,349,615,23,638,0,638,4,0,0,0,0,38,0,0,6,1,36,0,0,0,226,1,1,0,0,3,1,0,0,93,0,1,0,0,1,0,32,0,2,32,0,2,153,4,0,1
530079,615,611,19,231,366,18,384,0,384,4,0,0,1,0,25,1,0,11,1,19,0,0,0,122,0,3,0,0,6,0,0,0,56,0,0,0,0,0,0,19,0,0,21,1,0,94,0,0,0
530080,330,331,5,130,197,3,200,0,200,3,2,0,1,0,11,0,0,7,0,7,0,2,0,65,0,2,0,0,2,0,0,1,20,0,0,0,0,0,0,12,0,0,26,0,1,34,3,0,1
530081,528,523,13,199,318,11,329,0,329,4,0,0,1,0,22,0,1,7,0,8,0,0,0,95,4,1,0,0,2,0,0,0,63,0,0,0,0,0,0,20,0,0,27,0,0,68,5,1,0
530082,174,174,1,63,110,1,111,0,111,4,0,0,0,0,11,0,0,1,0,3,0,0,0,34,0,1,0,0,0,0,0,1,25,0,0,0,0,0,0,15,0,0,2,0,0,13,1,0,0
530083,294,289,4,103,187,4,191,0,191,0,0,0,0,0,8,1,0,3,0,8,0,0,0,44,0,1,0,2,6,0,0,0,24,2,0,0,0,0,0,18,0,0,30,0,0,40,0,1,3
530084,204,202,4,76,124,4,128,0,128,0,0,0,0,0,8,0,0,1,0,12,0,0,0,39,1,0,0,0,0,0,0,0,29,0,0,0,0,0,0,10,0,0,7,0,0,20,1,0,0
530085,666,660,32,238,401,27,428,0,428,3,0,0,0,0,21,0,0,3,0,25,0,0,0,123,0,4,0,0,5,0,1,0,99,0,0,0,0,0,0,36,0,0,15,0,0,81,7,0,5
530086,417,417,20,143,259,15,274,0,274,0,0,0,1,0,15,0,0,3,0,20,0,0,0,70,0,1,0,0,1,0,0,0,47,0,4,1,1,0,0,29,0,0,10,0,0,66,2,0,3
530087,132,136,6,49,79,4,83,0,83,0,0,0,0,0,2,0,0,2,0,5,0,0,0,23,0,0,0,0,0,0,0,0,7,0,0,0,0,0,0,8,0,0,3,0,0,31,0,0,2
530088,441,449,35,116,294,31,325,0,325,4,1,1,0,0,42,1,1,4,0,7,0,0,0,88,7,1,0,0,1,0,0,0,27,0,2,0,0,0,0,30,1,0,28,0,0,72,5,0,2
530146,1116,1096,37,463,622,31,653,0,653,8,4,1,1,2,38,0,0,7,1,36,0,0,1,206,1,1,0,1,4,0,0,1,110,2,2,0,1,0,0,66,0,0,61,0,0,88,4,1,5
530147,465,470,11,191,267,7,274,0,274,1,2,1,1,1,29,0,0,2,0,19,0,0,0,80,2,2,0,1,8,0,0,0,43,0,0,0,0,0,0,26,0,1,16,0,0,37,0,0,2
530148,921,921,12,348,563,10,573,0,573,7,3,0,0,2,64,0,2,8,0,31,0,0,1,169,2,3,0,0,5,0,2,0,90,0,0,0,0,0,0,53,1,0,49,0,0,75,1,1,4
530149,1272,1268,51,493,733,46,779,0,779,8,0,2,1,1,63,1,0,15,0,55,0,1,0,205,4,0,0,0,10,1,0,1,145,1,0,0,0,0,0,99,0,0,53,0,0,103,3,2,5
530150,909,901,24,370,520,19,539,0,539,5,0,0,1,0,41,0,0,10,0,38,0,0,0,158,3,2,0,0,6,0,0,1,99,0,0,0,0,0,0,63,0,0,25,0,1,82,0,0,4
530151,819,801,12,292,516,11,527,0,527,7,3,2,0,0,66,0,0,7,0,37,0,1,0,142,5,0,1,0,8,0,0,0,56,1,0,0,0,0,0,69,0,1,51,0,0,66,1,0,3
530152,1203,1185,14,432,760,11,771,0,771,12,5,1,5,1,70,1,0,14,0,54,0,1,0,226,2,0,0,0,2,0,0,2,96,0,2,0,2,0,0,92,0,0,75,0,1,99,2,2,4
530153,1428,1414,30,663,743,22,765,0,765,10,2,2,2,2,64,1,1,4,0,37,0,1,0,255,2,2,1,0,11,0,2,0,112,0,1,0,0,0,0,83,0,0,71,1,1,86,3,0,8
530154,921,909,14,366,544,11,555,0,555,6,1,0,2,1,41,0,1,12,1,29,0,0,0,173,0,0,0,0,8,1,0,1,95,1,2,0,0,0,0,59,1,1,49,1,0,60,1,2,6
530155,264,262,15,123,128,13,141,0,141,1,0,0,0,0,17,0,0,0,0,9,0,0,0,42,0,0,0,0,0,0,0,0,23,0,0,0,0,0,0,19,1,0,7,0,1,19,2,0,0
530156,396,393,18,146,233,17,250,0,250,2,0,0,0,0,9,0,0,1,0,11,1,0,1,88,2,0,0,0,4,0,0,0,41,0,0,0,0,0,1,27,0,1,12,0,0,48,1,0,0
530157,270,264,20,118,134,18,152,0,152,0,0,1,0,0,1,0,0,2,0,3,0,0,0,40,0,0,0,0,0,0,0,1,44,0,0,0,0,0,0,21,0,0,4,0,0,33,1,0,1
530158,705,697,37,296,379,30,409,0,409,0,3,0,2,0,25,0,0,4,0,32,0,1,0,81,10,1,0,0,5,0,0,1,88,0,0,0,0,1,1,83,0,1,18,0,1,42,6,1,2
530159,312,314,20,116,178,18,196,0,196,4,1,0,0,0,8,0,0,3,0,9,0,0,0,37,0,1,0,0,0,0,0,1,48,1,0,0,0,0,0,34,3,0,1,0,0,42,3,0,0
530160,525,518,33,161,331,33,364,0,364,3,0,0,1,1,18,1,0,4,0,13,0,0,0,103,0,0,0,0,1,0,0,0,62,0,0,0,0,0,0,49,2,0,20,0,1,78,1,1,5
530161,336,332,29,101,208,27,235,0,235,1,0,0,0,0,17,0,0,5,0,9,0,0,0,58,2,0,0,0,0,0,0,0,30,1,0,0,0,0,0,28,1,0,8,1,1,69,3,0,1
530162,417,417,22,132,268,17,285,0,285,2,0,1,0,0,11,0,0,3,0,28,0,0,0,82,0,1,0,1,6,0,0,0,62,0,0,0,0,0,0,28,0,0,11,0,0,44,2,0,3
530163,414,411,43,140,242,32,274,0,274,2,0,1,0,0,20,0,0,4,1,19,0,2,0,79,1,0,0,0,1,0,0,1,56,0,0,0,0,0,0,31,0,0,10,0,0,41,2,1,2
530164,546,539,36,156,355,35,390,0,390,4,0,1,0,2,33,0,0,2,0,21,0,0,0,103,1,1,0,0,3,0,0,0,70,1,2,0,0,0,0,50,0,0,22,0,0,66,5,0,3
530165,135,140,12,39,85,11,96,0,96,3,0,0,0,0,4,0,0,0,0,1,0,0,0,22,0,0,0,0,0,0,1,1,20,0,0,0,0,0,1,12,0,0,6,0,0,22,3,0,0
530166,498,502,62,207,231,60,291,0,291,3,0,2,0,1,19,0,0,6,0,8,0,0,0,79,0,0,0,0,2,1,0,0,54,0,0,0,0,0,0,30,0,0,9,1,0,73,1,1,1
530167,489,485,32,180,285,24,309,0,309,2,1,0,0,2,29,0,0,4,0,7,0,0,0,119,1,0,1,0,1,0,0,2,52,0,1,0,0,0,0,23,0,0,18,0,0,44,2,0,0
530168,522,517,34,203,288,31,319,0,319,2,0,0,1,1,18,0,0,1,1,18,0,0,0,92,0,1,0,0,1,0,0,0,70,0,0,0,0,0,0,43,0,0,8,0,0,59,0,0,3
530169,825,833,60,307,463,55,518,0,518,3,0,1,3,1,29,3,1,5,1,30,0,0,0,140,1,0,0,0,2,0,0,0,128,0,1,0,0,0,1,56,0,0,31,0,0,74,4,0,3
530171,273,270,22,100,153,20,173,0,173,1,0,0,0,0,11,0,0,3,0,3,1,0,0,43,1,1,0,9,1,0,0,0,40,0,1,0,0,0,0,24,0,0,5,0,0,26,3,0,0
530172,633,620,74,214,351,68,419,0,419,3,0,2,0,1,12,0,0,9,0,21,0,0,0,117,2,0,0,0,3,0,0,3,91,0,0,0,0,0,0,39,0,0,23,0,0,83,6,1,3
530173,801,793,45,390,371,40,411,0,411,4,1,1,1,0,26,1,0,8,0,21,0,0,0,124,2,1,0,0,1,0,0,2,54,3,0,0,0,0,2,65,0,0,18,0,0,66,5,1,4
530175,696,687,29,321,349,26,375,0,375,3,5,0,1,0,30,0,0,2,0,12,0,0,1,92,2,0,0,0,2,1,0,1,89,0,0,0,0,0,0,26,0,0,17,0,0,85,3,0,3
530176,99,95,3,39,58,2,60,0,60,2,0,0,0,0,6,0,0,1,0,5,0,0,0,16,1,0,0,0,0,0,0,1,5,0,0,0,1,0,0,8,0,0,2,0,0,12,0,0,0
530417,1386,1379,75,477,847,62,909,0,909,7,0,1,1,1,45,1,0,8,0,78,0,1,0,268,6,1,1,0,10,1,0,0,97,3,5,0,0,0,0,95,0,2,90,1,1,170,8,1,6
530418,1860,1848,43,648,1175,37,1212,0,1212,18,0,3,3,1,88,1,1,12,0,90,0,1,0,400,14,1,1,0,19,0,1,1,86,2,2,0,2,0,0,130,0,2,113,0,1,200,9,1,9
530419,2340,2261,51,825,1470,45,1515,0,1515,18,0,5,2,0,111,1,0,21,2,98,1,3,1,539,13,2,0,1,31,0,0,0,118,0,5,0,0,1,0,163,1,2,129,0,1,227,8,3,8
530420,1914,1895,58,707,1160,47,1207,0,1207,10,0,1,2,2,78,2,1,19,0,80,0,0,1,409,6,1,0,0,12,0,0,0,104,1,6,0,0,1,0,120,0,1,99,1,0,241,2,2,5
530421,1317,1301,11,506,803,8,811,0,811,8,1,4,1,0,63,0,0,6,1,50,0,0,0,278,8,0,0,0,15,2,0,1,55,0,0,0,0,0,0,108,0,0,85,1,2,111,5,1,5
530422,327,322,20,109,202,16,218,0,218,1,0,1,0,0,16,0,0,3,0,20,0,0,0,50,1,0,0,0,2,0,0,0,21,0,0,0,0,0,0,24,0,2,15,0,0,53,5,0,4
530423,1923,1896,52,763,1108,52,1160,0,1160,2,0,1,2,2,77,0,0,16,0,58,0,0,2,392,1,3,0,0,20,0,0,0,64,0,4,0,0,0,0,156,0,1,117,0,1,231,6,0,4
530424,1695,1681,46,631,1024,40,1064,0,1064,17,3,0,1,1,85,1,0,14,0,67,0,1,0,378,2,3,0,0,13,0,0,1,63,1,3,0,0,0,0,98,1,1,88,0,5,200,8,0,9
530426,2070,2046,42,826,1209,35,1244,0,1244,14,1,1,3,2,71,2,0,15,0,68,0,0,1,386,3,3,2,0,17,0,0,2,71,2,7,0,0,0,0,159,0,6,178,1,1,216,11,0,1
530427,537,531,20,192,330,15,345,0,345,2,0,1,0,1,20,0,0,4,0,32,0,0,0,110,1,2,0,0,0,0,0,0,21,0,1,0,0,0,1,31,0,0,39,0,0,78,0,1,0
530428,501,500,33,177,291,33,324,0,324,4,0,0,1,0,12,0,0,3,0,18,0,0,0,97,1,2,0,0,6,0,0,0,57,0,0,0,0,0,0,32,0,0,22,0,0,56,5,2,6
530429,147,142,1,52,95,0,95,0,95,1,0,0,0,0,3,0,0,2,0,7,0,0,0,12,1,0,0,0,2,0,0,0,18,0,0,0,0,0,1,14,0,0,5,0,0,25,1,0,3
530430,243,244,27,86,134,23,157,0,157,1,0,0,0,0,10,0,1,1,0,7,0,0,0,24,1,0,0,0,0,0,0,0,45,0,1,0,0,0,0,18,1,0,9,0,0,36,1,0,1
530431,294,297,24,104,170,20,190,0,190,1,1,0,0,0,6,0,0,1,0,8,0,0,0,35,0,0,0,0,1,0,0,0,13,0,0,0,0,0,1,44,0,0,9,1,1,67,1,0,0
530432,699,688,49,307,347,45,392,0,392,0,1,1,2,0,16,0,0,2,0,16,0,0,0,105,1,2,0,0,3,0,0,1,57,0,0,0,0,0,1,49,0,0,30,0,0,93,8,0,4
530433,198,200,23,76,101,21,122,0,122,0,0,0,0,0,15,0,0,3,0,7,0,0,0,30,0,0,0,0,1,0,0,1,10,0,0,0,0,0,0,15,0,0,2,0,0,35,2,0,1
530434,258,255,33,66,163,29,192,0,192,1,0,2,2,0,22,1,2,1,1,12,0,0,0,52,8,0,0,1,0,0,0,0,20,0,0,0,0,0,1,21,0,0,4,0,2,29,6,0,4
530435,237,235,40,80,121,36,157,0,157,1,0,0,0,1,12,0,0,6,0,7,0,0,0,17,3,0,0,0,3,0,0,0,33,0,0,0,0,0,0,23,0,0,11,0,0,35,2,0,3
530436,258,256,18,96,147,15,162,0,162,1,0,1,0,0,7,0,1,2,0,3,0,0,0,39,5,0,0,0,6,0,0,2,22,0,1,0,0,0,0,10,0,0,13,1,0,43,2,0,3
530437,96,99,8,26,62,8,70,0,70,0,0,0,0,0,8,0,0,4,0,3,0,0,0,7,0,0,1,0,0,0,0,0,12,0,0,0,0,0,0,14,0,0,7,0,0,13,0,0,1
530438,813,804,61,339,415,59,474,0,474,4,1,1,0,0,46,0,0,5,0,30,0,0,0,119,2,1,0,0,8,0,0,0,73,0,0,0,0,0,0,23,0,0,17,0,1,130,10,2,1
530439,774,758,59,303,416,55,471,0,471,7,2,1,0,0,33,0,0,5,0,19,0,1,0,163,1,3,0,0,2,0,0,1,73,1,1,1,0,0,0,38,0,0,28,0,0,83,5,1,2
530440,234,230,30,104,109,21,130,0,130,3,0,0,0,0,13,0,0,1,0,4,0,0,1,23,1,0,0,0,0,0,0,0,15,0,0,1,0,0,1,18,0,0,6,0,0,37,4,1,1
530441,243,240,27,84,138,21,159,0,159,1,0,0,0,0,12,1,0,2,0,3,1,0,0,31,1,0,0,0,0,0,0,2,32,0,0,0,0,0,0,13,0,0,10,0,1,43,3,0,3
530444,690,682,38,245,408,37,445,0,445,3,0,1,0,0,28,0,0,5,1,31,0,0,0,152,1,1,0,0,5,0,0,0,57,1,1,0,0,0,0,39,0,5,23,0,0,78,6,0,7
530445,453,456,25,145,286,22,308,0,308,3,0,0,0,0,15,0,0,3,1,17,0,1,0,104,1,0,0,0,3,1,0,0,67,0,1,0,0,0,0,32,0,0,19,0,0,37,1,0,2
530446,123,120,11,48,65,10,75,0,75,1,0,0,0,0,8,1,0,0,0,0,0,0,0,14,0,0,0,0,2,0,0,0,7,0,0,0,0,0,0,10,0,0,2,0,0,24,2,0,4
530447,450,447,49,148,261,41,302,0,302,3,0,0,0,0,23,0,0,3,0,12,0,0,0,71,3,0,0,0,1,0,0,0,38,1,1,0,0,0,0,31,0,1,27,0,0,80,1,0,6
530448,219,218,36,57,133,29,162,0,162,1,0,0,1,0,24,0,1,3,0,11,0,0,0,18,1,0,0,0,0,0,0,0,25,1,0,0,0,0,1,14,0,3,3,0,0,52,1,0,2
530449,135,133,12,50,76,9,85,0,85,1,0,0,0,0,11,0,0,0,0,2,0,0,0,21,0,0,0,0,0,0,0,0,13,0,0,0,0,0,0,5,0,0,1,0,0,27,2,1,1
530450,507,499,42,186,286,35,321,0,321,1,0,1,0,2,34,0,0,8,0,12,0,0,0,82,1,0,1,0,2,0,0,2,56,1,1,0,0,0,0,34,0,0,5,0,0,72,0,0,6
530452,354,348,13,150,192,12,204,0,204,1,0,1,1,0,18,0,0,1,0,17,0,0,0,43,1,1,0,0,5,0,0,0,35,0,0,0,0,0,0,30,0,1,6,0,0,41,2,0,0
530453,525,523,21,181,327,17,344,0,344,3,0,0,1,0,43,0,0,6,0,28,0,1,1,81,1,1,1,0,1,0,0,0,33,0,1,0,0,0,0,38,0,0,24,0,0,74,4,0,2
530454,354,360,18,119,217,18,235,0,235,5,0,0,0,0,25,0,0,2,0,9,0,0,0,71,0,0,0,0,1,0,0,1,25,0,0,0,0,0,0,26,0,0,17,0,0,47,1,1,4
530455,273,279,18,83,175,15,190,0,190,1,0,0,0,0,18,0,0,2,0,13,0,0,0,50,0,0,0,0,5,0,0,1,9,0,1,0,0,0,0,22,0,0,16,0,0,45,2,0,5
530456,789,778,32,317,442,30,472,0,472,6,0,0,2,0,32,1,0,12,0,11,0,1,0,162,0,0,0,0,6,0,0,0,56,0,3,0,1,0,0,49,0,0,31,0,1,94,3,0,1
530457,840,828,43,377,423,40,463,0,463,3,0,0,0,0,33,0,0,3,0,26,0,0,1,143,0,1,1,0,11,0,0,0,62,1,3,0,0,0,0,40,0,1,20,0,0,107,5,0,2
530458,192,192,8,96,91,5,96,0,96,3,0,0,0,0,1,0,0,1,0,1,0,1,0,29,0,0,0,0,0,0,0,0,22,1,0,0,0,0,0,17,0,0,5,1,0,12,1,0,1
530459,606,595,35,214,360,32,392,0,392,0,1,2,0,0,16,1,0,1,0,28,0,0,0,86,1,2,0,0,2,0,0,1,77,0,1,0,0,0,0,32,0,0,25,0,2,107,5,1,1
530460,411,407,28,131,258,22,280,0,280,1,0,0,1,0,7,0,0,2,0,28,0,0,0,73,1,0,0,0,8,1,0,0,39,0,2,0,0,0,0,25,0,0,14,0,0,68,6,0,4
530461,357,359,37,101,223,33,256,0,256,1,0,0,0,0,25,0,0,3,0,25,0,0,0,57,1,0,0,0,4,0,0,0,43,0,1,0,0,0,0,13,1,0,21,0,0,55,3,0,3
530462,63,66,6,11,46,6,52,0,52,1,0,0,0,0,4,0,0,0,0,0,0,2,0,6,0,0,0,0,1,0,0,0,11,0,0,0,0,0,0,5,0,1,1,0,0,19,0,0,1
530463,168,165,11,65,92,11,103,0,103,1,0,0,0,0,4,0,0,1,0,4,0,0,1,35,1,1,0,0,2,0,0,0,14,0,0,0,0,0,0,9,0,0,4,0,0,26,0,0,0
530464,894,868,65,342,492,60,552,0,552,4,0,0,1,0,36,0,0,6,1,35,0,0,0,190,2,1,0,0,15,0,0,2,64,3,3,0,0,0,0,52,0,1,40,1,1,83,4,0,7
530465,690,676,43,246,403,41,444,0,444,4,0,1,0,0,22,0,0,8,0,31,0,1,0,148,3,1,0,0,5,0,0,2,56,0,3,0,0,0,0,37,0,0,32,0,2,77,6,0,5
530466,441,434,36,161,248,32,280,0,280,1,0,1,3,0,20,1,0,1,0,29,0,0,0,71,3,1,0,0,4,0,0,0,28,0,1,0,0,0,0,39,0,3,17,0,3,47,6,0,1
530467,162,162,15,54,94,14,108,0,108,1,0,2,0,0,10,0,0,0,0,12,0,0,0,16,0,0,0,0,2,0,0,1,25,0,0,0,0,0,0,11,0,0,6,0,0,20,1,1,0
530468,969,967,117,286,576,107,683,0,683,5,1,0,0,0,39,1,0,6,1,47,0,0,1,228,1,0,0,0,2,0,0,0,62,2,4,0,0,0,2,68,0,1,45,1,0,156,6,0,4
530469,336,332,35,95,209,32,241,0,241,3,0,2,0,0,11,0,0,2,0,9,0,0,0,79,0,0,0,0,2,0,0,2,36,0,1,0,0,0,0,17,0,0,6,0,0,66,3,0,2
530470,360,357,25,118,218,24,242,0,242,1,0,0,0,0,20,0,0,3,0,11,0,0,0,52,1,0,0,0,3,0,0,0,37,1,3,0,0,0,1,33,0,0,17,0,0,56,0,2,1
530471,177,178,10,57,110,10,120,0,120,1,0,0,0,0,20,0,0,1,1,12,0,0,0,23,1,0,0,0,0,0,0,0,12,0,1,0,1,1,0,9,0,0,3,1,1,29,2,0,1
530472,777,770,70,276,437,64,501,0,501,1,2,2,1,0,41,0,0,7,2,16,1,0,0,154,2,0,0,0,8,0,0,0,76,0,1,0,0,0,0,43,0,0,33,2,0,103,5,0,1
530473,96,93,9,21,67,8,75,0,75,0,0,0,0,0,4,0,0,1,0,3,0,0,0,14,0,0,1,0,0,0,0,0,9,0,0,0,1,0,0,10,0,0,3,0,0,27,0,0,2
530495,597,594,19,218,360,19,379,0,379,3,1,2,1,1,19,0,0,6,0,15,0,0,0,84,0,1,0,0,4,0,0,1,94,1,0,0,0,0,0,33,0,0,17,1,0,89,3,1,2
530496,642,588,51,226,371,45,416,0,416,4,0,2,0,0,10,0,0,3,0,21,0,1,0,95,4,2,0,0,0,0,0,0,76,0,1,0,0,0,0,46,1,0,15,0,1,122,8,1,3
530497,108,110,7,37,64,7,71,0,71,1,0,0,0,0,3,1,0,1,0,4,0,0,0,16,0,0,0,0,0,0,0,0,12,0,0,0,0,0,0,9,0,0,3,0,0,21,0,0,0
530498,213,209,16,68,130,15,145,0,145,1,0,0,0,0,8,0,0,0,0,17,0,0,0,42,0,0,0,0,0,0,1,0,21,0,0,0,0,0,0,14,0,0,11,0,0,25,4,0,1
530499,135,136,13,44,82,9,91,0,91,1,0,0,1,0,3,0,0,1,0,4,1,0,0,24,0,0,0,0,0,0,0,0,13,0,1,0,0,0,0,8,0,0,5,0,0,27,0,1,1
530500,603,594,32,240,331,32,363,0,363,3,0,0,1,0,15,0,0,3,0,27,0,0,0,99,0,2,0,0,2,0,0,2,62,1,0,0,0,0,0,38,0,0,20,0,0,80,4,1,3
530501,333,329,11,146,178,9,187,0,187,1,0,0,0,1,13,0,0,2,0,10,0,0,0,32,0,0,0,0,0,0,0,1,39,0,0,0,0,0,0,24,0,1,11,0,0,48,3,0,1
530502,177,182,13,45,119,13,132,0,132,0,0,0,0,0,10,0,0,1,0,8,0,0,0,28,2,0,0,0,1,0,0,0,19,0,0,0,0,0,0,18,0,0,15,0,0,23,2,0,5
530503,117,115,12,32,73,12,85,0,85,1,0,0,0,1,2,0,0,0,0,10,0,0,0,17,0,1,0,0,0,0,0,0,21,0,0,0,0,0,0,14,0,0,3,1,0,12,0,0,2
530507,753,741,60,260,437,56,493,0,493,4,0,2,0,1,24,0,0,5,0,27,0,0,0,118,2,0,1,0,6,2,0,0,91,0,0,0,1,0,0,44,0,1,28,0,1,118,6,2,9
530508,423,420,30,136,257,30,287,0,287,1,0,0,0,0,24,0,0,4,0,8,0,1,0,97,1,0,0,0,0,0,0,0,31,0,0,0,1,0,0,19,0,0,14,0,0,75,6,1,4
530509,114,113,24,44,51,19,70,0,70,1,0,0,0,0,4,0,0,1,0,9,0,0,0,16,1,0,0,0,0,0,0,0,13,1,0,0,0,0,1,5,0,0,3,0,0,11,0,1,3
530510,108,105,14,36,59,13,72,0,72,0,0,0,0,0,1,0,1,0,1,3,0,2,0,13,0,0,0,0,0,0,0,0,15,0,0,0,0,0,0,11,0,0,4,0,0,15,0,1,5
530511,852,839,35,300,517,35,552,0,552,2,1,1,0,0,21,0,1,4,1,16,0,0,0,153,1,0,0,0,4,0,0,1,103,1,2,0,0,0,0,45,0,1,47,0,0,137,5,1,4
530512,528,525,22,194,316,18,334,0,334,2,0,0,0,0,22,0,0,9,0,21,0,3,0,81,0,3,0,0,2,0,2,0,35,0,0,0,1,0,0,36,0,0,37,0,0,77,2,0,1
530513,306,302,19,123,167,16,183,0,183,2,0,0,0,0,11,0,0,10,0,10,0,0,0,51,5,0,0,0,0,0,0,0,30,0,0,0,0,0,0,13,0,0,8,0,0,39,3,0,1
530514,186,186,5,73,110,3,113,0,113,1,0,1,0,1,8,0,0,4,0,3,0,0,0,37,0,0,0,0,0,0,0,0,14,0,1,0,0,0,0,13,0,0,5,0,0,20,0,2,3
530515,255,250,29,113,120,22,142,0,142,0,0,0,1,0,19,0,0,1,0,19,0,0,0,27,0,1,0,0,0,0,0,0,24,1,0,0,0,0,1,7,0,1,5,0,0,26,2,0,7
530516,213,211,22,70,121,22,143,0,143,1,0,0,2,0,6,1,0,3,0,9,0,0,0,30,0,0,0,0,1,0,0,0,21,0,0,0,0,0,1,19,1,0,9,0,0,33,5,0,1
530517,363,365,34,133,196,34,230,0,230,1,0,1,0,0,13,0,0,5,0,4,0,0,0,56,1,0,0,0,4,1,0,1,37,0,0,0,0,0,0,20,0,0,9,0,0,66,5,1,5
530518,234,230,24,36,176,22,198,0,198,0,0,1,0,0,15,1,0,0,1,3,0,0,0,37,0,0,0,0,2,0,0,0,46,0,0,0,0,0,1,28,0,0,19,0,0,40,0,0,4
530520,264,260,20,80,165,19,184,0,184,1,0,0,1,0,14,0,0,0,0,8,0,0,0,66,0,0,0,0,0,0,0,2,27,0,0,0,0,0,0,22,0,0,9,1,0,28,0,0,5
530521,219,219,12,55,152,12,164,0,164,1,0,0,1,0,7,0,0,2,0,9,0,0,0,50,0,0,0,0,3,0,0,0,22,0,0,0,0,0,0,27,0,0,13,0,0,27,2,0,0
530689,939,932,83,305,558,76,634,0,634,7,3,1,3,0,39,0,0,13,0,29,0,0,0,146,0,2,2,0,10,0,0,1,83,1,5,0,1,4,0,69,1,3,37,1,2,157,8,2,4
530690,330,329,32,85,213,32,245,0,245,0,0,0,0,0,10,0,0,9,0,13,0,3,0,43,0,0,0,0,4,0,0,0,60,0,0,0,0,2,0,10,0,4,4,0,0,78,3,0,2
530691,201,201,12,50,139,12,151,0,151,0,0,0,0,0,4,0,0,0,0,4,0,0,0,48,0,0,0,1,0,0,0,0,25,0,0,0,0,0,0,19,0,0,6,0,1,39,4,0,0
530692,186,186,24,74,93,19,112,0,112,3,0,0,0,0,11,0,0,2,0,11,0,0,0,18,0,0,0,0,1,0,0,0,18,0,1,0,0,0,0,9,0,0,2,0,0,33,1,0,2
530693,246,237,31,75,146,25,171,0,171,0,0,0,1,0,3,1,0,0,1,9,0,0,0,59,1,2,0,0,1,0,0,0,29,0,0,0,0,0,0,8,0,0,5,0,0,42,5,0,4
530694,1398,1378,79,588,755,55,810,0,810,10,1,1,0,1,109,0,0,14,0,57,0,0,1,244,5,1,1,4,8,0,0,0,79,0,2,0,0,1,0,86,0,3,71,0,0,100,6,0,5
530695,375,374,26,129,223,23,246,0,246,0,0,0,0,0,13,0,0,7,0,11,0,0,0,57,1,0,0,0,2,0,0,0,58,0,0,0,0,0,1,24,0,1,23,0,1,44,1,1,1
530696,762,760,67,256,443,63,506,0,506,4,0,1,0,0,52,0,0,8,0,17,0,0,2,102,1,0,1,0,4,0,0,2,34,0,1,0,0,0,1,44,0,11,35,0,1,174,8,0,3
530697,348,345,32,124,195,29,224,0,224,2,0,0,1,0,14,0,0,7,0,10,0,1,0,35,0,4,2,0,0,0,0,0,68,0,0,0,1,1,0,15,0,0,13,0,0,45,4,1,0
530698,498,489,37,181,282,35,317,0,317,3,0,0,0,0,28,1,0,9,1,19,0,0,0,64,0,1,0,0,1,0,0,1,58,0,0,0,0,2,1,19,0,0,19,0,1,80,5,0,4
530699,171,179,15,61,98,12,110,0,110,0,1,0,0,0,0,0,0,3,0,4,0,0,0,15,0,0,1,0,3,0,0,1,22,0,0,0,0,0,0,10,0,0,9,0,0,37,3,1,0
530700,147,145,50,41,58,48,106,0,106,10,5,1,3,1,3,0,0,2,1,7,1,1,0,12,0,0,0,0,0,0,1,2,18,0,0,0,0,1,0,8,0,0,5,0,0,21,1,1,1
530701,678,676,35,266,380,32,412,0,412,7,1,0,1,0,38,1,0,5,0,18,1,0,0,115,1,0,0,0,2,0,0,0,54,0,0,0,0,0,0,35,1,1,27,0,1,103,0,0,0
530702,372,374,41,106,227,39,266,0,266,2,0,0,3,0,7,0,0,3,0,15,0,0,1,57,1,1,0,0,0,0,0,1,24,1,2,0,0,1,0,35,0,0,8,0,1,92,8,0,3
530703,237,231,17,90,135,12,147,0,147,0,0,0,0,0,4,0,0,1,0,14,0,0,0,36,0,0,0,0,1,0,0,0,26,0,0,0,0,0,0,16,0,0,4,0,0,40,4,0,1
530704,291,289,22,99,173,19,192,0,192,1,0,0,0,0,3,0,0,3,0,11,0,1,0,47,0,0,0,0,4,0,0,0,62,0,0,0,0,1,0,24,0,1,10,0,0,21,0,0,3
530705,138,139,16,33,90,15,105,0,105,1,0,0,0,0,2,0,0,0,0,13,0,0,0,16,0,0,0,0,4,0,0,2,18,0,1,0,0,0,0,17,0,0,4,1,0,25,1,0,0
530706,510,510,45,191,280,39,319,0,319,2,0,0,1,0,14,0,0,4,0,12,0,0,0,68,0,3,0,0,7,0,0,1,51,0,0,0,1,1,0,31,0,13,20,1,1,78,5,2,3
530707,387,380,21,170,203,14,217,0,217,4,0,1,1,1,4,0,0,3,0,8,0,0,0,75,0,0,0,0,3,0,0,0,37,0,0,0,0,1,1,20,0,1,11,0,0,40,5,0,1
530708,399,394,21,150,232,17,249,0,249,0,0,0,0,0,9,0,0,1,0,12,0,0,0,87,0,1,0,0,3,0,0,0,46,0,1,0,0,6,0,29,0,1,3,0,0,44,6,0,0
530709,243,248,14,73,156,14,170,0,170,1,0,1,0,0,8,0,0,0,0,7,0,0,0,42,0,0,0,0,6,0,0,0,42,0,0,0,1,0,0,18,0,0,4,0,0,36,2,0,2
530710,111,114,10,33,68,10,78,0,78,0,0,0,0,0,3,0,0,3,0,3,0,0,0,14,0,0,0,0,0,0,0,0,18,0,0,0,0,0,0,12,0,0,1,0,2,22,0,0,0
530711,93,96,0,22,71,0,71,0,71,0,0,0,0,0,0,0,0,2,0,5,0,0,0,16,0,1,0,0,0,0,0,1,13,0,0,0,0,3,0,8,0,0,0,0,0,21,0,0,1
530712,651,643,73,197,389,65,454,0,454,4,0,0,1,0,8,0,0,5,0,15,0,1,0,104,0,0,0,0,4,1,1,0,85,0,0,0,0,1,0,58,1,4,53,0,0,94,8,2,4
530713,717,713,54,262,409,46,455,0,455,3,1,1,0,1,19,0,0,0,1,28,0,2,1,125,3,1,0,0,4,0,0,2,65,0,2,0,1,0,3,49,0,2,30,0,0,104,6,0,1
530714,444,439,27,182,244,18,262,0,262,2,0,1,0,1,18,0,0,2,0,10,0,0,0,59,1,0,0,0,4,0,0,1,38,0,0,0,0,0,1,41,0,0,18,0,0,60,2,2,1
530715,390,403,31,129,233,28,261,0,261,1,0,0,0,1,5,0,0,9,0,10,0,0,0,70,0,0,0,0,3,0,1,0,54,0,0,0,0,0,0,23,0,0,18,0,0,60,3,0,3
530716,1815,1795,48,764,1005,46,1051,0,1051,9,0,1,1,2,76,3,0,33,1,72,0,0,1,307,3,0,0,0,8,1,0,3,73,1,3,0,1,1,0,133,0,1,129,2,1,174,5,2,4
530717,2085,2017,68,820,1201,64,1265,0,1265,13,6,0,3,1,106,0,0,32,0,76,0,1,1,394,5,7,1,1,19,2,2,0,97,0,1,0,0,1,1,132,0,1,115,0,0,236,5,2,4
530718,2277,2255,40,843,1397,37,1434,0,1434,14,5,1,2,0,122,1,0,27,1,99,0,0,0,442,2,0,0,0,17,0,0,0,88,0,5,0,0,2,2,177,1,1,175,1,1,226,4,2,16
530719,2184,2147,55,862,1279,43,1322,0,1322,15,1,3,1,3,102,1,0,17,1,60,0,2,1,425,1,1,1,0,16,2,1,3,106,1,3,0,1,0,2,147,0,3,166,0,2,212,17,0,5
530720,2373,2338,39,937,1400,36,1436,0,1436,16,1,3,4,1,96,0,0,31,1,83,0,3,2,456,2,0,0,0,13,1,0,3,107,2,2,0,0,1,1,153,0,6,173,0,0,255,10,1,9
530722,2028,2001,39,776,1223,29,1252,0,1252,15,5,2,1,1,99,1,0,14,0,88,0,1,0,402,1,1,0,0,18,2,1,0,86,2,3,0,0,0,0,146,0,1,129,0,1,220,7,0,5
530723,636,627,36,284,324,28,352,0,352,5,0,1,0,0,18,0,0,4,0,17,1,0,0,89,0,0,0,0,7,0,0,0,64,1,0,0,1,4,0,37,0,2,27,0,0,71,2,0,1
530913,306,305,32,102,172,32,204,0,204,1,0,0,0,0,21,0,0,1,0,13,0,0,0,62,1,0,0,0,1,0,0,1,41,2,0,0,0,0,0,12,0,0,5,0,0,37,5,0,1
530914,270,259,26,100,145,25,170,0,170,2,0,2,0,0,32,0,0,1,0,7,0,1,0,39,1,1,0,0,7,0,0,2,37,1,0,0,0,0,0,16,0,0,5,1,1,11,0,0,3
530915,723,719,66,253,409,61,470,0,470,3,0,0,0,0,37,0,0,4,2,16,0,0,0,157,2,0,0,1,4,0,1,3,48,3,0,0,0,0,0,46,0,2,51,0,1,83,5,0,1
530916,174,171,21,66,92,16,108,0,108,1,0,0,0,0,3,0,0,1,0,1,0,0,0,23,0,3,0,0,2,1,0,1,30,1,0,0,0,0,0,9,0,0,0,0,0,28,2,0,2
530917,258,257,32,77,149,32,181,0,181,3,0,0,0,0,9,0,0,1,0,20,0,0,0,53,0,0,0,0,4,0,0,1,27,1,0,0,0,0,0,15,0,0,0,0,0,46,1,0,0
530918,630,622,46,268,320,42,362,0,362,5,0,0,2,1,25,0,0,8,0,20,0,0,0,90,3,0,0,0,5,1,0,1,95,0,2,0,0,0,0,23,0,0,9,2,1,64,2,1,2
530919,330,322,17,100,215,15,230,0,230,6,0,0,2,0,15,0,0,5,0,19,0,0,0,62,2,0,0,0,3,0,0,1,31,0,0,0,0,0,0,22,0,0,7,0,0,49,1,0,5
530920,576,569,24,214,343,19,362,0,362,5,1,0,0,0,16,0,0,5,0,25,0,2,0,106,2,1,0,0,9,0,0,3,68,1,0,0,0,0,0,35,0,0,7,0,1,66,2,1,6
530921,582,576,43,245,294,43,337,0,337,1,2,5,0,0,16,0,0,2,0,22,0,0,0,83,9,0,0,1,5,0,0,0,42,0,2,0,0,0,0,40,0,1,14,1,1,84,4,1,1
530922,321,313,45,120,161,40,201,0,201,2,0,0,0,0,16,0,0,1,0,12,0,0,0,66,1,0,0,0,1,0,0,1,48,0,1,0,0,0,0,21,0,0,5,0,0,17,5,0,4
530923,378,376,31,149,202,27,229,0,229,1,0,1,1,0,24,0,0,2,0,9,0,0,1,63,1,5,0,0,3,0,0,2,48,1,0,0,0,0,0,14,0,0,10,0,0,41,2,0,0
530924,246,242,27,95,124,27,151,0,151,4,0,0,0,0,7,0,0,1,0,10,0,0,0,30,2,0,0,0,4,0,0,4,40,0,0,0,0,0,0,11,0,0,4,0,0,32,1,0,1
530925,447,440,55,141,251,55,306,0,306,3,0,1,2,1,6,0,0,6,0,28,1,0,0,76,1,3,0,0,3,0,0,1,42,0,0,0,0,0,0,33,0,0,18,0,1,73,4,0,3
530926,315,309,29,113,176,26,202,0,202,1,0,0,1,0,21,0,0,3,0,9,1,0,0,51,1,0,0,0,3,0,0,0,46,1,0,0,0,0,0,15,0,0,8,0,0,38,2,0,1
530927,255,257,47,78,139,38,177,0,177,0,0,0,0,1,9,0,1,3,0,11,0,0,1,23,4,1,0,0,8,0,0,0,19,0,0,0,0,0,0,29,0,0,9,1,0,49,4,0,4
530928,180,182,37,62,88,30,118,0,118,0,0,0,0,0,4,0,0,1,0,4,0,0,0,11,1,0,0,0,2,0,0,3,35,0,0,0,0,0,0,17,0,1,9,0,0,23,4,1,2
530929,705,700,53,270,387,48,435,0,435,8,0,0,0,0,42,0,0,0,0,22,0,0,0,124,10,2,0,0,7,0,0,0,67,2,0,0,0,0,1,43,0,0,11,0,1,84,5,1,5
530930,330,330,19,99,214,17,231,0,231,1,1,0,0,0,9,0,0,3,0,13,0,0,0,57,1,1,0,0,2,0,0,0,66,0,0,0,0,0,2,27,0,0,1,0,0,43,3,0,1
530931,990,975,19,399,575,16,591,0,591,9,0,1,0,4,43,1,0,10,0,52,0,0,1,176,14,1,0,0,20,0,1,1,47,0,1,0,0,0,1,79,0,0,39,1,1,85,2,0,1
530932,1245,1222,39,529,682,34,716,0,716,9,2,0,1,0,69,1,1,11,1,66,0,0,0,208,15,2,0,0,17,1,0,0,102,2,4,0,0,0,0,61,0,0,38,0,1,97,2,1,4
531277,165,163,22,62,87,16,103,0,103,0,0,0,0,0,9,0,0,0,0,9,0,0,0,26,3,0,0,0,3,0,0,0,13,1,0,0,0,0,0,7,0,0,5,0,0,24,0,0,3,01,04,2019,00,20
