560001,1353,1327,14,486,853,14,867,0,867,14,2,0,3,0,43,0,1,11,0,73,0,0,0,194,0,1,0,1,20,0,2,2,54,0,4,0,0,0,0,226,0,2,72,0,1,118,8,3,12
560002,1350,1340,4,493,853,4,857,0,857,10,2,2,2,0,35,1,0,9,0,82,0,0,0,272,0,1,1,0,12,0,0,0,51,0,3,0,0,0,0,186,0,2,67,0,1,109,3,1,5
560003,1869,1850,8,690,1171,8,1179,0,1179,11,2,2,5,3,48,0,0,12,0,127,0,0,0,297,0,1,0,0,42,0,1,2,65,1,2,0,0,0,0,284,1,0,88,0,0,160,7,1,17
560004,2019,1993,15,754,1252,13,1265,0,1265,4,1,3,0,0,52,1,0,17,1,97,1,1,0,345,0,0,0,1,27,0,0,0,100,0,12,0,1,0,0,319,2,1,98,1,2,163,1,2,12
560005,1704,1678,16,676,1014,14,1028,0,1028,9,0,1,1,0,28,0,0,16,0,67,0,0,0,335,0,1,0,1,31,0,0,3,86,1,4,0,0,1,2,217,0,1,68,1,2,130,3,3,16
560006,1374,1368,11,616,750,8,758,0,758,15,2,1,3,0,86,0,0,8,1,27,0,0,0,206,0,2,1,0,10,1,0,4,108,0,1,0,1,1,1,98,2,1,30,0,0,129,7,0,12
560007,567,565,2,238,328,1,329,0,329,3,1,0,1,0,70,2,0,1,0,11,1,0,0,80,0,0,0,0,2,0,0,0,77,0,2,0,0,0,3,34,0,0,0,0,0,36,1,0,4
560008,525,520,2,241,283,1,284,0,284,12,0,0,0,0,21,0,0,0,0,4,0,0,0,106,0,0,0,0,5,0,0,0,47,0,0,0,0,0,0,55,0,0,0,0,0,31,0,0,3
560009,96,93,0,29,67,0,67,0,67,0,0,0,0,0,2,0,0,0,0,3,0,0,0,15,0,0,0,0,3,0,0,0,8,0,0,0,0,0,1,14,0,0,1,0,0,18,0,1,1
560010,876,868,3,313,560,3,563,0,563,4,0,1,1,0,25,2,1,4,0,24,2,0,0,105,0,0,0,0,8,1,0,4,132,2,0,0,0,0,1,114,1,0,16,0,1,98,8,2,6
560011,2013,1987,77,873,1064,76,1140,0,1140,19,2,0,2,3,84,5,0,4,1,52,0,2,0,241,1,0,1,1,12,0,1,1,178,2,4,0,2,0,3,173,1,0,47,1,4,241,24,2,26
560012,651,639,20,212,420,19,439,0,439,5,0,2,0,0,16,0,0,1,1,20,0,0,0,100,0,2,0,2,12,0,0,1,110,1,2,0,0,0,0,78,1,1,11,1,0,62,3,2,5
560013,441,435,15,158,270,13,283,0,283,1,1,0,0,1,1,0,0,2,0,31,0,0,0,27,0,1,0,0,8,1,0,0,36,0,0,0,1,0,1,114,1,0,5,0,0,41,6,2,2
560014,312,309,16,97,199,16,215,0,215,1,0,0,1,0,10,0,0,0,0,8,0,1,0,52,1,0,0,0,5,1,0,1,61,0,0,0,0,0,0,40,1,0,5,1,0,21,2,0,3
560015,1596,1575,39,597,962,37,999,0,999,10,1,1,1,1,24,1,0,6,1,28,0,0,0,189,1,1,0,1,10,0,0,4,116,0,1,0,0,0,2,208,0,0,12,1,1,358,13,1,6
560016,453,449,13,178,262,13,275,0,275,3,0,1,0,0,4,1,0,0,1,9,1,0,0,73,0,0,0,0,4,0,0,0,55,0,3,0,0,0,1,65,0,0,5,0,0,37,3,0,9
560017,2136,2109,36,777,1323,36,1359,0,1359,16,1,1,3,2,63,0,0,14,0,87,2,1,1,383,1,2,0,0,25,0,0,2,168,0,12,0,1,0,1,242,1,2,69,0,0,230,13,6,10
560018,1074,1077,21,442,611,21,632,0,632,15,0,0,3,2,26,1,0,4,0,49,3,0,0,145,0,0,0,0,6,0,0,2,123,0,2,0,0,0,2,104,0,0,27,0,1,98,6,3,10
560019,1011,994,40,326,645,40,685,0,685,12,0,1,0,1,33,0,0,13,0,20,0,0,0,199,0,0,0,0,9,0,0,1,123,1,2,0,1,1,0,153,0,0,11,0,1,90,7,1,5
560020,798,793,29,362,410,26,436,0,436,6,0,1,1,1,10,0,0,1,0,12,0,0,0,68,0,0,3,0,8,1,0,2,62,0,1,1,0,0,0,174,0,0,8,0,1,72,1,1,1
560021,627,618,5,259,363,5,368,0,368,10,0,0,1,1,15,2,0,3,0,11,0,0,0,76,1,0,1,0,12,2,0,1,82,0,2,0,1,0,2,86,0,0,20,0,1,25,1,2,10
560022,1023,1023,68,472,491,60,551,0,551,4,0,1,0,0,34,2,0,3,1,26,0,0,0,123,0,0,0,0,11,1,1,2,99,2,2,1,1,1,2,94,0,0,31,0,0,92,6,3,8
560023,2076,2057,46,767,1263,46,1309,0,1309,26,0,1,3,1,44,0,0,19,0,101,1,0,1,429,0,1,2,1,28,0,0,4,147,1,5,0,2,1,4,260,1,0,46,0,1,154,7,4,14
560024,879,876,32,322,527,30,557,0,557,5,1,3,3,1,9,1,0,4,1,32,0,0,0,159,3,0,0,0,5,0,0,1,112,0,3,0,0,0,2,82,0,0,20,0,0,93,8,2,7
560025,255,249,19,87,149,19,168,0,168,0,0,0,0,0,7,0,0,0,0,10,0,0,0,48,0,0,0,1,6,1,0,0,34,0,1,0,0,0,0,34,1,0,4,0,0,16,1,0,4
560026,402,400,26,137,239,26,265,0,265,1,0,0,1,0,7,0,0,3,0,17,0,0,0,75,0,0,0,0,5,0,0,0,34,0,3,0,0,0,1,55,1,0,16,1,0,36,2,0,7
560027,1230,1217,20,550,661,19,680,0,680,10,1,1,2,0,26,1,0,5,0,35,0,0,0,211,0,0,0,0,13,0,0,3,50,0,4,0,1,0,0,133,0,0,27,2,1,125,9,3,17
560028,483,477,16,205,263,15,278,0,278,19,0,0,1,0,7,0,0,0,0,13,1,0,0,58,0,0,0,1,1,0,0,1,36,0,1,0,0,0,0,36,0,0,3,1,0,87,6,0,6
560029,627,615,16,251,360,16,376,0,376,1,0,0,0,1,44,2,0,1,0,15,0,0,0,95,0,0,1,0,7,1,0,1,87,0,2,0,0,0,2,48,1,0,3,0,0,52,3,2,7
560030,201,201,16,64,121,16,137,0,137,2,0,1,0,0,6,1,1,0,0,1,0,0,0,32,0,0,0,0,1,0,0,3,26,0,0,0,0,1,0,18,0,0,1,0,0,40,2,1,0
560031,375,370,28,140,208,27,235,0,235,1,0,4,0,0,2,0,0,10,0,12,0,0,0,60,0,0,0,0,1,0,0,1,57,0,0,0,1,0,0,31,1,0,2,0,0,46,2,0,4
560032,1848,1828,29,783,1038,27,1065,0,1065,12,3,1,3,1,22,1,0,11,1,70,1,0,0,308,0,0,0,0,24,0,0,0,148,2,3,1,1,2,2,238,2,1,54,1,0,127,5,8,12
560033,1224,1207,15,580,631,13,644,0,644,6,0,0,1,0,19,0,0,1,1,24,0,1,0,100,0,0,0,0,14,0,0,2,150,2,2,0,0,1,2,237,0,0,12,1,0,54,9,1,4
560034,1005,1002,40,294,672,39,711,0,711,7,0,0,0,0,32,1,1,5,0,23,0,1,0,170,0,1,0,0,12,0,2,3,79,0,4,0,0,0,0,211,0,0,13,0,0,128,7,3,8
560035,1023,1018,3,508,513,2,515,0,515,8,0,1,1,0,43,2,0,5,1,23,1,1,0,155,0,0,0,0,8,0,0,1,71,0,0,0,0,0,3,82,0,2,16,0,0,81,2,2,6
560036,1068,1061,3,491,574,3,577,0,577,10,0,0,2,0,57,0,0,3,0,23,0,0,0,144,0,0,1,0,7,0,0,0,68,0,7,0,0,0,0,107,1,0,12,0,0,118,13,2,2
560037,1076,1078,24,468,585,23,608,0,608,6,1,0,2,1,43,0,0,12,4,36,1,1,1,149,1,2,1,1,8,1,0,1,99,0,1,0,0,0,0,132,0,0,2,0,0,83,3,2,14
560038,2193,2174,56,947,1196,50,1246,0,1246,19,0,0,2,0,110,0,1,15,0,90,0,1,1,254,1,0,0,0,30,0,1,0,166,1,4,0,1,0,3,292,1,2,57,1,0,158,7,5,23
560039,246,242,20,85,141,20,161,0,161,3,0,1,0,0,14,1,0,0,0,8,0,0,0,44,0,0,0,0,5,1,1,1,20,1,0,0,0,0,1,32,0,0,5,0,0,18,4,0,1
560040,132,132,8,17,107,8,115,0,115,1,0,0,0,0,12,0,0,0,0,4,0,0,0,32,1,2,0,0,11,0,0,0,17,0,0,0,0,0,0,18,0,0,0,0,0,11,2,0,4
560041,1287,1275,51,467,769,51,820,0,820,11,0,1,2,1,31,0,0,18,0,29,3,1,0,230,0,0,4,0,8,0,0,3,173,1,0,0,0,1,1,109,0,2,6,0,3,157,9,4,12
560042,969,959,32,399,538,32,570,0,570,15,1,1,3,0,38,0,1,9,0,17,0,2,0,122,0,0,1,0,4,0,0,2,116,0,3,0,1,0,2,86,0,1,14,0,4,115,7,4,1
560043,660,656,20,184,456,20,476,0,476,9,1,0,1,1,38,0,1,14,0,18,0,0,0,92,1,0,0,0,5,0,0,0,159,0,0,0,0,0,2,82,0,1,1,0,1,41,3,0,5
560044,198,199,13,73,112,13,125,0,125,1,0,0,0,0,15,0,0,0,0,9,0,0,0,24,0,1,0,0,2,0,0,0,27,1,0,0,0,0,0,20,0,0,7,1,0,13,3,0,1
560045,162,163,10,62,91,9,100,0,100,4,0,0,0,0,4,0,0,0,0,3,0,0,0,22,0,0,0,0,0,0,0,0,25,0,1,0,0,0,1,20,0,0,0,0,0,20,0,0,0
560046,618,611,34,197,388,33,421,0,421,3,0,0,0,0,13,0,0,4,0,18,1,0,0,104,0,0,0,0,23,1,1,4,82,0,0,0,0,0,1,55,0,0,14,0,0,79,9,2,7
560047,834,822,8,370,456,8,464,0,464,6,0,0,2,1,45,1,0,4,0,9,0,0,0,106,0,1,0,0,0,0,0,1,90,1,1,0,1,0,0,80,0,1,13,1,1,81,10,3,5
560048,276,44,20,237,20,19,39,0,39,0,0,0,0,0,0,0,0,0,0,1,0,0,0,3,0,1,0,0,2,0,0,0,7,1,0,0,0,0,0,12,0,0,0,0,0,9,1,1,1
560446,630,618,45,212,375,43,418,0,418,3,0,2,1,0,9,2,0,1,1,22,1,0,0,84,0,0,0,1,26,0,0,0,96,1,4,0,0,0,2,67,0,1,10,0,0,77,4,1,2
560447,447,443,27,165,256,26,282,0,282,3,0,0,0,0,23,0,0,3,0,6,0,0,0,48,1,0,0,0,12,0,0,1,62,0,1,0,0,0,1,37,0,1,3,0,2,69,5,0,4
560448,369,367,21,83,266,20,286,0,286,4,0,0,0,0,4,0,0,1,0,20,0,1,0,67,0,0,0,0,11,1,0,0,26,0,0,0,0,0,0,86,0,0,19,0,1,43,2,0,0
560449,549,541,16,157,376,16,392,0,392,8,3,4,0,0,10,1,1,0,1,24,0,0,0,92,0,0,0,0,14,0,0,1,64,0,2,0,0,0,1,81,0,0,11,0,0,68,2,0,4
560450,708,700,26,231,452,25,477,0,477,9,0,1,0,0,6,0,0,1,0,30,1,0,0,131,0,1,0,0,35,1,0,0,51,0,6,0,0,0,1,103,1,1,10,0,0,72,4,3,9
560451,399,395,15,118,266,15,281,0,281,2,0,0,1,2,6,0,1,0,0,13,0,0,0,61,0,0,0,0,13,1,0,0,58,0,0,0,0,0,2,54,0,0,13,0,1,44,4,1,4
560452,183,183,8,53,123,7,130,0,130,1,0,0,0,0,3,0,0,0,0,9,0,0,0,40,0,0,0,0,9,0,0,0,17,0,0,0,0,0,1,22,0,0,1,0,1,19,5,0,2
560453,510,510,20,185,305,20,325,0,325,2,0,1,2,0,9,0,0,4,0,14,0,0,1,60,0,1,0,0,10,1,0,1,53,0,1,0,0,1,2,87,0,1,11,0,0,50,8,0,5
560454,519,514,14,177,328,14,342,0,342,1,0,1,0,1,5,0,0,0,0,8,0,1,0,63,0,0,0,0,11,2,0,1,47,0,1,0,0,0,0,93,0,0,19,0,0,72,10,0,6
560455,1560,1539,79,517,964,79,1043,0,1043,10,1,4,3,0,27,1,1,4,2,66,0,0,0,243,0,2,1,0,61,4,0,1,77,0,5,0,2,0,2,256,2,1,58,0,1,185,9,3,11
560456,846,843,16,273,559,14,573,0,573,10,2,2,2,0,12,0,0,0,0,58,0,0,0,91,0,0,0,0,14,0,0,2,58,0,4,0,0,0,2,151,1,0,27,0,0,117,7,0,13
560457,147,145,0,48,99,0,99,0,99,0,0,0,0,0,5,0,0,0,0,6,0,0,0,16,0,0,0,0,0,0,0,0,4,1,0,0,0,0,0,23,0,0,2,0,0,37,1,2,2
560459,240,235,6,81,153,6,159,0,159,0,0,0,0,0,5,0,0,0,0,14,0,0,0,28,0,0,0,0,11,0,0,0,29,0,0,0,0,0,1,34,0,0,12,1,0,21,1,1,1
560460,612,606,11,200,403,9,412,0,412,3,0,0,1,0,7,1,0,1,0,25,1,0,0,77,0,0,0,1,27,2,0,0,44,0,2,0,0,1,0,118,0,0,3,0,1,88,0,1,8
560461,261,261,9,97,155,9,164,0,164,0,0,0,0,0,4,0,0,0,0,12,0,0,0,15,0,0,0,0,14,0,0,0,15,0,0,0,0,0,0,40,1,0,6,0,0,54,3,0,0
560462,714,706,23,225,467,22,489,0,489,7,1,1,0,0,40,0,1,4,0,23,0,0,0,77,0,0,0,0,48,2,0,3,62,0,3,0,0,0,1,137,0,0,14,1,0,54,3,1,6
560463,150,149,1,40,109,1,110,0,110,1,1,0,1,0,0,0,0,1,0,0,0,0,0,25,0,0,0,0,0,0,0,0,7,0,0,0,0,0,0,28,0,0,0,0,0,44,1,0,1
560464,282,279,2,103,177,2,179,0,179,2,0,0,0,0,2,0,0,0,0,10,0,0,0,34,0,0,0,0,7,0,0,0,38,1,1,0,0,0,0,44,1,0,2,0,0,35,1,0,1
560465,1155,1145,31,398,726,31,757,0,757,11,3,2,1,0,4,1,0,2,1,46,0,0,1,163,0,0,0,0,36,0,1,0,89,0,5,1,0,0,5,242,1,0,20,0,0,98,11,2,11
560466,252,254,0,66,186,0,186,0,186,5,0,0,0,0,3,0,0,0,0,2,0,0,0,30,0,1,0,0,5,1,0,0,9,0,0,0,1,2,0,40,1,0,1,0,0,81,0,0,4
560467,618,611,63,266,300,52,352,0,352,3,1,1,0,0,11,0,1,1,0,13,0,0,0,84,2,0,0,0,7,1,0,1,56,1,1,0,0,0,1,75,0,0,2,0,0,84,5,0,1
560468,126,126,2,50,74,2,76,0,76,5,0,0,0,0,2,0,0,0,0,1,0,0,0,14,0,0,1,0,2,0,0,0,6,0,0,0,0,0,0,18,0,0,1,0,0,25,1,0,0
560469,156,161,14,38,104,14,118,0,118,0,0,0,0,0,3,0,0,1,0,3,0,0,0,12,0,0,0,0,12,0,0,0,11,0,0,0,0,0,0,43,0,0,3,0,0,26,2,0,2
560470,621,617,14,264,344,13,357,0,357,7,0,0,0,0,12,0,0,3,0,11,0,0,0,59,0,0,0,0,17,2,0,1,62,0,0,0,0,0,1,90,0,1,9,0,0,77,0,1,4
560471,714,707,24,258,433,23,456,0,456,2,0,0,1,1,16,1,0,2,0,18,0,0,1,149,0,1,0,0,16,9,1,0,39,0,1,0,0,0,0,93,0,0,27,0,0,77,0,0,1
560472,1071,1095,12,334,728,9,737,0,737,10,2,1,0,1,12,0,0,10,0,39,0,0,0,180,0,0,0,1,28,8,0,0,78,1,3,1,0,0,0,201,2,0,29,0,0,112,7,3,8
560473,66,64,5,32,32,2,34,0,34,0,0,0,0,0,1,0,0,0,0,1,0,0,0,6,0,0,0,0,1,0,0,0,6,0,0,0,0,0,0,14,0,0,0,0,0,5,0,0,0
560474,501,481,28,196,277,28,305,0,305,1,0,0,1,0,11,0,0,1,0,18,0,0,1,66,0,0,0,0,21,0,0,0,76,0,3,0,0,0,1,66,0,0,1,0,0,35,1,0,2
560475,129,130,3,33,96,0,96,0,96,1,0,0,0,2,2,0,0,0,0,2,0,0,0,13,0,0,1,1,3,0,0,1,24,0,1,0,0,0,0,18,1,0,1,0,0,20,1,1,3
560476,207,207,21,65,123,19,142,0,142,0,0,0,0,0,4,0,0,2,0,3,0,0,0,27,0,0,0,1,2,0,0,1,27,0,0,0,0,0,0,33,0,0,0,0,0,33,4,1,4
560477,135,135,5,41,89,5,94,0,94,0,0,0,0,0,5,0,0,0,0,4,0,0,0,15,0,0,0,0,2,0,0,0,18,0,0,0,0,0,0,21,0,0,1,0,0,25,2,0,1
560478,519,519,54,111,356,52,408,0,408,1,0,0,0,0,16,1,0,2,0,8,0,1,1,55,0,0,0,0,19,1,0,0,112,0,1,0,0,0,2,104,0,0,3,0,1,77,1,0,2
560479,159,166,17,29,114,16,130,0,130,2,0,0,1,0,4,1,0,0,0,3,0,0,0,12,1,0,0,0,5,0,0,0,15,0,0,0,0,0,0,32,0,0,0,0,1,48,0,0,5
560480,201,195,11,66,124,11,135,0,135,0,0,0,0,0,6,0,0,0,0,5,0,0,0,33,0,0,0,0,3,0,0,0,17,0,2,0,0,0,0,31,0,0,6,0,0,31,1,0,0
560481,492,484,17,198,280,14,294,0,294,3,0,0,0,0,6,0,0,0,0,9,0,0,0,62,0,0,1,0,12,1,0,0,32,1,0,0,0,0,1,42,0,0,18,0,1,97,8,0,0
560482,186,186,6,60,120,6,126,0,126,1,0,0,0,0,3,0,0,2,0,4,0,0,0,26,0,0,0,0,5,0,0,0,19,0,0,0,0,0,0,26,0,0,1,0,0,37,1,1,0
560483,411,407,5,179,227,5,232,0,232,1,0,0,0,0,5,0,0,6,1,6,0,0,0,68,0,0,0,0,5,5,0,3,35,1,1,0,0,0,0,35,0,0,5,0,0,48,2,0,5
560484,999,994,21,414,566,19,585,0,585,4,0,2,2,0,22,0,0,0,0,40,0,0,0,142,1,0,0,0,23,20,0,1,64,0,1,0,0,1,1,132,0,2,34,0,0,79,2,2,10
560485,135,131,5,35,95,5,100,0,100,1,0,0,0,0,2,0,1,0,0,5,0,0,0,15,0,0,0,0,2,0,0,0,13,0,1,0,0,0,0,39,0,0,1,0,0,10,2,1,7
560486,183,183,6,80,98,5,103,0,103,1,0,0,1,0,3,0,0,0,0,13,0,0,0,19,0,0,0,0,3,3,0,0,13,0,0,0,0,0,0,24,0,0,7,0,0,13,2,0,1
560487,105,107,5,30,71,4,75,0,75,0,0,0,0,0,2,0,1,1,0,1,0,0,0,15,0,0,0,0,2,0,0,0,5,0,1,0,0,0,1,13,0,0,1,0,0,29,3,0,0
560489,321,315,22,132,169,20,189,0,189,1,0,0,0,1,7,1,0,0,0,12,0,0,0,22,0,0,0,0,13,1,0,0,33,0,0,0,0,0,0,55,0,0,3,0,2,33,4,0,1
560490,684,676,12,280,394,10,404,0,404,8,0,0,0,1,13,0,0,1,0,27,0,0,1,94,0,0,1,0,23,2,0,0,54,0,0,0,0,0,0,93,0,1,18,0,0,58,5,0,4
560491,549,539,4,228,317,4,321,0,321,4,0,0,0,0,19,0,0,3,0,25,0,0,0,85,1,0,0,0,20,2,0,1,29,0,2,0,0,0,3,45,0,0,12,0,0,62,6,0,2
560492,162,160,3,66,93,3,96,0,96,2,1,0,0,0,4,0,0,0,0,7,0,0,0,13,0,0,0,0,4,0,0,0,14,0,0,0,0,0,0,16,1,0,0,0,0,27,3,1,3
560493,594,590,17,244,338,12,350,0,350,2,0,0,0,1,9,1,0,0,2,14,0,0,0,75,0,0,0,0,18,4,0,0,46,0,0,0,0,0,0,79,0,1,17,1,1,71,5,0,3
560494,276,272,16,112,148,16,164,0,164,4,0,0,0,0,6,0,0,0,0,9,1,0,0,47,0,0,0,0,9,0,0,0,22,0,0,0,0,0,0,18,0,0,0,0,0,44,2,0,2
560495,240,238,13,104,125,11,136,0,136,0,0,0,0,1,6,0,0,1,0,7,0,0,0,29,0,0,0,0,9,0,0,0,21,1,5,0,0,0,1,29,0,0,1,0,0,17,0,1,7
560496,873,861,43,315,518,40,558,0,558,7,2,3,0,0,12,2,0,3,0,25,0,0,0,139,0,1,2,1,22,11,0,1,65,0,0,0,1,0,1,174,1,0,14,0,0,61,6,0,4
560497,468,460,23,165,282,21,303,0,303,3,0,0,0,0,5,0,0,2,0,16,0,0,0,74,0,0,0,0,18,3,0,0,38,0,0,0,0,0,1,74,0,0,15,0,0,48,4,1,1
560498,90,88,1,30,59,1,60,0,60,0,0,0,2,0,5,0,0,1,0,0,0,0,0,12,0,0,1,0,2,0,0,0,7,0,0,0,0,0,0,24,0,0,0,0,0,6,0,0,0
560499,1440,1429,33,584,823,33,856,0,856,20,2,2,1,0,23,0,0,8,0,41,0,0,0,192,0,2,0,0,69,3,0,5,133,1,2,1,0,1,1,212,0,1,9,0,0,111,8,0,8
560500,147,144,8,33,106,8,114,0,114,0,0,0,0,0,5,0,0,0,0,1,0,0,0,21,0,0,0,0,5,0,0,0,15,0,0,0,0,0,0,33,0,0,2,0,0,29,0,2,1
560501,465,461,43,149,273,43,316,0,316,5,1,1,0,0,12,1,1,1,0,13,0,0,0,26,0,0,0,0,13,0,0,0,55,0,0,0,0,0,0,58,0,0,8,0,1,103,12,0,5
560502,318,316,6,130,182,6,188,0,188,5,1,1,0,0,7,0,0,0,0,9,0,0,0,25,1,0,0,0,10,1,0,1,25,0,0,0,0,0,1,40,0,1,3,0,0,54,2,0,1
560503,594,589,10,231,353,10,363,0,363,4,0,0,0,1,12,0,0,0,0,14,0,0,0,58,1,0,0,0,19,1,0,0,46,0,1,0,0,0,1,85,0,0,4,0,1,99,11,1,4
560504,2178,2145,8,868,1302,8,1310,0,1310,19,0,9,4,0,40,0,0,13,1,102,0,2,1,367,1,1,0,2,79,7,1,2,48,0,2,0,0,0,1,278,0,2,90,1,1,212,12,3,9
560505,2163,2149,13,756,1398,9,1407,0,1405,16,2,1,5,1,46,0,1,5,0,127,0,0,1,334,1,0,0,2,95,6,0,1,72,0,6,0,0,0,3,291,0,1,110,2,0,245,5,3,23
560506,1194,1170,6,493,697,4,701,0,701,11,0,1,1,0,33,0,0,7,0,57,0,0,0,170,1,0,0,1,46,10,0,2,40,1,1,0,0,0,0,144,0,2,49,0,0,113,4,1,6
560507,1860,1820,14,666,1185,9,1194,0,1194,7,1,0,2,0,67,0,1,7,0,101,1,1,0,283,1,1,0,0,77,10,1,2,60,1,5,1,0,0,1,281,0,3,84,0,1,176,5,3,10
560508,1620,1606,6,626,991,3,994,0,994,15,1,4,2,2,39,2,0,7,0,72,0,0,0,262,0,0,0,0,59,10,1,1,50,1,2,0,0,0,1,210,0,1,54,0,2,170,5,3,18
560509,2016,1976,19,765,1232,19,1251,0,1251,14,4,4,1,0,43,0,0,11,0,107,0,0,0,343,2,1,0,0,71,14,0,0,82,1,7,0,0,0,2,243,1,1,75,0,1,195,6,4,18
560510,756,749,1,281,474,1,475,0,475,3,0,1,1,0,6,0,0,9,0,23,0,1,0,156,1,0,0,0,25,15,0,1,25,0,2,0,0,1,0,86,0,0,32,0,0,77,2,2,6
560511,1902,1880,16,721,1170,11,1181,0,1181,14,7,3,4,0,57,0,0,5,0,77,3,2,0,312,1,2,1,0,66,10,0,0,57,0,2,0,0,1,2,255,0,1,109,0,1,169,9,2,9
560512,2169,2140,8,796,1365,8,1373,0,1373,23,2,2,2,0,51,0,1,13,0,95,1,1,1,321,2,4,1,0,105,8,1,0,72,0,11,0,1,1,1,326,0,0,83,0,0,217,7,1,19
560513,1758,1739,12,698,1049,11,1060,0,1060,19,0,1,1,0,31,0,0,5,0,47,0,0,0,295,1,1,0,0,67,20,1,0,59,0,8,1,0,0,1,234,0,1,64,0,2,159,8,10,24
560514,2040,2029,12,736,1294,10,1304,0,1304,17,3,1,4,4,31,1,0,6,0,101,0,1,0,297,1,0,0,0,95,27,1,1,79,0,2,0,2,0,1,304,3,2,69,0,1,218,11,7,14
560515,2112,2079,19,838,1258,16,1274,0,1274,16,5,1,2,3,46,1,3,1,1,104,0,0,0,303,1,5,0,0,99,8,0,0,50,2,6,0,1,0,2,309,2,1,72,0,2,201,13,2,12
560516,2235,2218,14,828,1396,11,1407,0,1407,17,2,3,3,3,47,0,2,5,0,121,1,1,1,310,0,1,1,0,94,14,0,1,90,0,8,0,1,1,4,307,0,4,72,0,0,261,11,4,17
560517,159,52,35,110,17,32,49,0,49,0,0,0,0,0,1,0,0,0,0,4,0,0,0,6,0,0,0,0,4,2,0,0,5,0,0,0,0,0,0,8,0,0,4,0,0,12,2,0,1
560777,459,444,2,205,252,2,254,0,254,5,0,0,1,2,10,0,0,2,0,23,1,0,0,60,0,2,0,0,5,0,0,0,27,1,0,1,0,0,0,47,0,0,24,0,0,36,1,2,4
560778,1134,1120,16,428,692,14,706,0,706,12,3,0,2,0,30,0,0,15,0,37,0,0,0,228,0,0,0,0,15,0,0,1,45,0,6,1,0,0,1,118,0,0,42,0,1,133,8,1,7
560779,1143,1130,14,397,738,8,746,0,746,4,1,0,1,0,24,0,0,8,2,52,1,0,1,232,0,0,0,0,18,0,0,0,49,0,5,0,0,0,0,146,0,0,48,0,2,136,4,1,11
560780,948,941,6,364,578,6,584,0,584,8,3,2,1,1,33,1,0,9,0,35,0,3,0,207,0,0,0,1,5,0,0,1,40,1,9,0,0,0,1,96,0,0,40,1,0,70,2,2,12
560781,1089,1079,16,393,684,12,696,0,696,9,5,0,0,0,44,0,0,14,0,57,0,1,1,234,0,0,0,0,19,2,0,1,56,1,1,0,0,0,0,105,0,0,47,1,0,87,3,0,8
560782,1029,1010,9,404,619,6,625,0,625,9,0,1,1,0,23,0,0,9,0,40,0,0,0,203,0,0,1,0,22,0,0,0,27,0,5,0,2,0,2,114,0,0,45,0,0,110,0,3,8
560783,1317,1299,6,573,738,6,744,0,744,6,4,1,2,0,26,0,0,11,0,33,0,0,1,247,1,1,0,0,5,1,0,0,42,0,0,0,0,0,1,168,0,3,42,0,0,127,5,2,15
560784,1197,1180,9,425,764,8,772,0,772,11,0,2,3,1,42,1,0,23,1,48,0,0,1,216,0,1,0,0,19,0,1,0,58,1,8,0,1,0,1,129,1,2,64,0,1,123,7,1,5
560785,1386,1369,21,549,820,17,837,0,837,5,2,2,1,1,47,0,0,11,0,62,0,0,0,315,0,0,0,0,12,1,0,1,46,1,4,0,0,0,0,138,0,1,65,0,0,106,3,4,9
560786,1074,1069,14,403,660,11,671,0,671,4,1,0,0,0,58,1,0,12,0,48,1,0,0,215,1,0,0,1,16,1,0,0,26,1,9,0,0,0,0,126,0,1,61,0,0,79,4,0,5
560787,918,915,10,339,569,10,579,0,579,11,1,2,1,0,43,0,0,17,0,38,0,2,0,190,0,0,0,0,11,1,0,0,40,0,8,0,1,0,2,92,0,0,42,0,0,65,2,1,9
560788,1413,1397,10,524,879,10,889,0,889,7,1,1,1,0,41,1,0,18,0,62,0,0,1,284,0,0,1,2,26,0,0,1,48,2,12,0,0,0,0,152,0,2,95,0,0,104,4,0,23
560789,1374,1356,4,517,854,3,857,0,857,6,2,1,2,1,48,0,0,6,0,59,1,3,0,303,0,1,0,0,15,0,0,1,40,0,3,0,2,1,0,148,0,2,69,0,0,127,4,1,11
560790,1338,1327,6,507,826,5,831,0,831,8,1,0,5,0,58,0,0,9,1,34,2,0,1,253,0,1,0,0,8,0,0,3,51,1,4,0,1,0,1,143,2,2,75,0,0,142,9,4,12
560791,1266,1257,11,454,801,11,812,0,812,12,1,0,1,0,39,1,0,11,0,52,0,2,0,289,0,0,1,0,18,0,0,3,54,2,10,1,0,0,0,119,0,0,64,1,0,112,9,2,8
560792,1311,1286,11,472,830,9,839,0,839,6,0,0,0,0,26,1,1,11,0,60,0,0,0,297,0,1,0,0,14,0,0,0,62,0,3,0,0,0,0,138,0,1,81,1,0,120,6,1,9
560793,1545,1530,9,653,883,9,892,0,892,13,0,0,3,0,50,2,0,11,0,72,0,2,0,287,0,0,0,0,18,0,0,0,40,1,10,0,0,0,0,187,0,1,62,0,1,122,3,0,7
560794,2121,2083,12,911,1198,12,1210,0,1210,17,1,0,0,2,42,1,0,18,0,50,2,1,2,476,1,2,1,0,18,0,1,4,131,0,5,1,0,0,1,164,0,0,58,0,0,188,6,1,16
560795,1122,1115,16,473,636,13,649,0,649,8,2,0,0,2,25,0,0,9,0,40,1,0,2,303,1,2,0,1,6,0,0,1,66,2,6,0,1,0,1,55,0,2,22,0,0,75,4,0,12
560796,2391,2360,39,1000,1362,29,1391,0,1391,27,3,8,8,1,86,1,0,29,1,79,0,0,0,523,0,1,1,1,24,0,0,0,140,4,17,0,0,0,0,144,1,2,48,0,0,222,10,2,8
560797,1560,1545,36,760,767,33,800,0,800,5,0,0,1,0,44,0,1,6,0,34,2,0,0,315,0,2,0,1,25,0,0,2,160,4,2,0,1,2,2,48,1,0,17,0,1,104,4,1,15
560798,1359,1332,63,464,842,53,895,0,895,13,4,2,1,1,25,0,1,3,0,105,0,0,1,245,1,3,1,0,47,1,1,0,69,0,5,0,0,0,0,172,0,1,41,0,0,137,6,2,7
560799,1569,1544,55,648,871,50,921,0,921,13,1,0,2,2,18,0,0,3,0,96,0,2,0,255,0,1,0,0,44,1,0,2,87,0,2,0,0,1,3,179,0,0,21,0,0,172,6,1,9
560800,513,505,11,212,294,7,301,0,301,7,3,0,2,0,7,0,0,1,0,22,1,0,1,97,0,0,0,0,17,0,0,0,46,0,0,0,0,0,1,31,0,0,3,0,1,50,2,1,8
560801,222,225,7,78,138,6,144,0,144,3,0,0,0,0,2,0,0,0,1,9,0,1,1,19,0,0,0,0,3,0,0,0,27,0,2,0,0,0,0,42,0,0,1,0,0,31,1,0,1
560802,141,147,8,36,97,8,105,0,105,2,0,0,0,0,4,0,0,0,0,8,1,0,0,25,0,0,0,0,3,0,0,1,7,0,2,0,0,0,0,12,0,0,0,0,0,37,3,0,0
560803,117,123,6,39,74,4,78,0,78,0,0,0,0,0,2,0,0,0,0,4,0,0,0,18,0,0,0,0,3,0,0,1,18,0,1,0,0,0,0,23,0,0,1,0,0,6,0,0,1
560804,90,87,1,40,49,1,50,0,50,0,0,0,0,0,2,0,0,1,0,9,0,0,0,5,0,0,0,0,1,0,0,0,5,0,2,0,0,0,1,11,0,0,0,0,1,12,0,0,0
560805,1845,1825,68,511,1266,68,1334,0,1334,29,0,2,3,1,27,0,0,5,0,90,2,1,0,278,0,0,1,0,41,0,1,5,232,1,9,0,0,0,2,231,1,0,61,0,1,273,13,3,21
560806,495,500,18,164,314,17,331,0,331,4,0,0,0,0,13,0,0,0,0,17,0,0,0,47,0,0,0,0,4,0,0,1,62,0,4,0,0,0,0,85,0,1,4,0,0,79,7,1,2
560807,219,216,9,57,153,9,162,0,162,0,0,1,0,0,3,0,0,1,0,12,0,0,0,15,0,2,0,0,0,0,0,4,30,1,16,0,0,0,1,23,0,1,3,1,0,44,2,1,1
560808,1410,1406,30,593,789,28,817,0,817,12,0,1,2,0,25,1,0,2,1,46,0,0,0,225,0,0,0,0,8,0,0,3,68,0,8,0,0,0,0,81,1,0,20,0,0,266,27,5,15
560809,369,366,6,115,249,5,254,0,254,5,0,0,0,1,7,0,0,2,0,9,0,0,0,73,0,2,0,0,2,0,0,1,58,0,2,0,0,1,0,17,0,0,3,0,0,69,2,0,0
560810,216,213,10,66,140,10,150,0,150,0,0,0,0,0,14,0,0,0,0,4,0,0,0,45,0,0,0,0,3,0,0,0,29,0,1,0,1,0,1,14,0,0,7,0,0,30,0,0,1
560811,471,466,15,204,252,15,267,0,267,3,0,0,0,1,18,1,0,6,0,13,0,0,0,80,0,0,0,1,9,1,1,0,37,0,1,0,0,0,0,27,0,0,14,0,0,48,0,0,6
560812,1614,1600,16,561,1038,15,1053,0,1053,15,0,0,1,0,25,0,0,2,2,76,0,0,1,302,0,2,0,2,9,1,1,1,246,2,7,0,0,1,1,96,0,1,25,0,0,206,12,5,11
560813,945,935,15,413,520,12,532,0,532,8,0,0,1,0,57,0,0,3,1,20,0,0,0,204,0,1,0,0,5,0,0,2,113,0,2,0,0,1,0,26,0,0,8,1,0,59,5,2,13
560814,384,385,18,126,240,18,258,0,258,2,0,1,0,0,12,0,1,2,0,8,0,0,0,41,0,0,0,0,4,1,2,0,94,1,2,0,0,0,2,42,0,1,2,0,0,34,2,0,4
560815,1599,1584,52,623,924,52,976,0,976,15,2,1,1,0,19,0,0,9,1,33,0,0,1,268,0,3,0,0,15,3,1,3,217,2,4,0,1,1,2,149,0,2,40,0,0,152,12,3,16
560816,360,354,11,144,205,11,216,0,216,0,0,0,0,0,3,0,0,1,1,4,0,1,0,41,0,0,0,0,6,0,0,1,48,0,2,0,0,0,1,32,0,0,1,0,0,68,4,1,1
560817,1557,1536,32,562,963,32,995,0,995,6,0,0,3,0,49,1,1,10,1,24,0,1,0,196,0,0,0,0,24,2,0,2,165,1,5,0,3,1,0,140,0,0,6,0,0,325,12,2,15
560818,720,717,16,175,531,14,545,0,545,6,0,0,0,0,4,0,0,4,2,41,0,0,0,94,0,1,0,0,13,0,0,3,99,2,5,0,2,1,0,65,0,0,16,1,0,168,7,1,10
560819,465,461,3,190,273,2,275,0,275,6,2,0,2,0,24,1,0,10,0,7,0,2,1,69,0,1,1,0,3,0,0,0,43,0,3,0,0,1,0,44,1,0,3,0,0,39,7,0,5
560820,1017,1008,37,504,479,34,513,0,513,5,0,0,0,0,13,1,1,2,0,14,1,0,0,202,0,1,0,0,6,0,0,0,86,0,1,1,1,0,0,67,0,0,12,0,1,79,7,1,11
560821,453,454,5,187,261,5,266,0,266,4,1,1,1,1,8,0,0,0,0,22,0,0,1,119,1,0,0,0,4,0,0,0,15,0,3,0,0,0,1,29,0,0,9,0,0,42,0,0,4
560822,1890,1871,29,960,905,25,930,0,930,15,0,2,1,0,12,0,0,2,0,45,0,0,0,279,1,3,0,0,25,0,0,1,105,0,8,0,0,0,3,188,0,0,22,0,0,192,15,2,9
560823,297,297,7,141,150,6,156,0,156,7,0,0,0,0,2,0,0,0,0,3,0,0,0,36,0,0,0,0,1,0,0,0,21,0,1,0,0,0,0,48,0,0,1,0,0,32,3,0,1
560824,192,193,1,58,133,1,134,0,134,2,0,0,1,0,4,0,0,0,0,6,0,0,0,22,0,1,0,0,5,0,0,1,29,1,4,0,0,0,1,18,1,0,0,0,0,29,4,0,5
560825,468,458,30,192,251,25,276,0,276,5,0,0,0,1,23,0,0,4,0,10,0,0,0,71,0,0,0,0,6,0,0,1,46,0,4,0,0,0,1,56,0,0,9,0,0,30,3,1,5
560826,171,170,17,56,99,16,115,0,115,0,0,0,0,0,4,0,0,0,1,7,0,0,0,19,0,1,0,0,2,0,0,2,13,0,1,0,0,2,0,38,0,0,1,0,0,24,0,0,0
560827,138,139,16,33,90,15,105,0,105,1,0,0,0,0,4,0,0,0,0,1,0,0,0,26,0,0,0,0,4,0,0,2,14,0,0,0,0,0,0,18,0,0,0,0,0,33,2,0,0
560828,921,912,25,392,507,22,529,0,529,8,2,0,1,0,32,1,0,1,0,13,2,0,0,149,0,1,0,0,8,0,0,2,83,0,2,0,0,0,0,97,1,0,11,0,0,95,10,2,8
560829,285,277,17,121,152,12,164,0,164,3,1,0,0,0,6,0,0,2,1,8,0,1,0,29,2,1,0,0,2,0,0,0,25,0,1,0,0,0,0,11,1,0,1,0,0,58,7,0,4
560830,219,217,7,81,133,5,138,0,138,1,0,0,0,1,5,0,0,1,0,4,0,1,0,51,0,0,0,0,1,0,0,0,26,0,1,1,0,0,1,9,0,0,3,0,1,27,2,0,2
560831,1734,1700,23,670,1045,19,1064,0,1064,12,1,0,1,0,23,1,0,5,1,45,0,0,0,394,1,0,0,1,6,0,1,1,86,0,4,0,0,0,1,192,0,0,96,0,1,163,6,5,17
560832,870,849,20,390,464,16,480,0,480,9,1,1,0,0,17,0,1,2,0,37,0,0,0,168,0,2,0,0,4,0,1,1,91,0,2,0,0,0,1,62,0,0,14,0,0,61,3,1,1
560833,360,367,5,128,230,2,232,0,232,3,4,0,0,0,16,0,1,1,0,24,0,0,0,80,0,0,0,0,3,0,0,1,28,0,1,0,0,0,1,30,0,0,1,0,0,32,2,0,4
560834,150,149,3,59,88,3,91,0,91,1,0,0,0,1,3,0,0,0,0,2,0,0,0,29,0,0,0,0,1,0,0,0,14,0,0,0,0,0,0,24,0,0,2,0,0,13,0,0,1
560835,2379,2358,13,935,1431,13,1444,0,1444,13,2,0,2,0,38,0,0,8,0,94,1,0,0,563,0,2,0,1,8,1,0,3,226,0,6,0,0,0,0,160,0,3,84,1,1,202,12,1,12
560836,555,550,8,218,329,8,337,0,337,2,0,0,1,0,28,1,0,0,0,24,0,0,0,107,0,0,0,0,5,0,0,0,20,0,0,0,0,0,0,44,0,0,21,0,0,74,7,0,3
560837,99,100,14,31,54,14,68,0,68,2,0,1,0,0,3,0,0,0,0,2,0,0,0,18,0,0,0,0,1,0,0,1,9,0,0,0,0,0,0,10,0,0,2,0,0,15,3,0,1
560838,639,631,33,291,315,33,348,0,348,0,0,0,0,0,10,0,0,1,0,26,0,0,0,87,0,0,0,0,1,0,0,0,68,0,4,0,0,0,0,57,0,1,12,0,0,72,3,2,4
560839,1176,1159,25,545,606,25,631,0,631,12,1,0,0,0,12,1,0,5,1,18,0,0,0,118,1,1,0,0,3,0,0,1,128,1,4,0,0,0,0,82,1,0,11,1,0,204,15,3,7
560840,645,636,23,235,387,23,410,0,410,5,1,1,0,0,15,1,0,0,0,23,0,2,0,117,1,0,1,1,5,0,1,0,53,0,3,0,0,0,1,75,0,0,10,0,0,81,6,2,5
560841,1068,1049,31,401,637,30,667,0,667,6,0,1,0,0,47,0,1,5,1,30,1,0,0,218,0,3,0,0,7,0,1,3,101,1,4,0,0,1,2,77,1,0,21,2,1,107,6,3,16
560842,1194,1189,6,563,625,6,631,0,631,14,1,0,1,0,18,1,0,6,0,22,0,0,0,201,0,2,0,0,2,0,0,1,89,1,2,0,1,0,0,70,0,1,9,0,1,155,14,3,16
560843,810,804,7,397,406,7,413,0,413,11,0,1,1,0,6,0,0,2,0,25,1,1,0,101,0,1,0,0,1,0,0,1,58,1,5,0,0,0,1,88,0,1,13,0,0,71,8,3,12
560844,1656,1634,58,662,942,52,994,0,994,11,0,2,1,0,30,2,1,10,0,26,0,2,0,300,1,1,0,0,7,1,0,6,176,0,8,0,0,0,1,153,0,0,50,1,0,174,18,2,10
560845,96,95,1,40,55,1,56,0,56,0,0,0,0,0,2,0,0,2,0,4,0,0,0,18,0,0,0,0,1,0,0,0,15,0,0,0,0,0,0,4,0,0,0,0,1,8,0,0,1
560846,2406,2394,41,1060,1307,39,1346,0,1346,20,0,1,1,1,23,1,1,1,1,86,0,0,0,422,3,2,0,1,25,1,0,5,168,1,7,0,0,1,1,205,0,0,28,0,0,273,14,9,44
560847,798,791,13,350,435,13,448,0,448,6,0,1,2,0,11,0,0,0,0,22,0,1,0,117,0,0,0,0,13,1,0,2,70,0,3,0,0,0,2,88,0,0,9,1,0,77,4,4,14
560848,843,838,29,335,479,29,508,0,508,10,0,0,1,0,30,0,0,5,1,21,0,0,0,131,0,2,1,0,6,0,0,4,60,0,1,0,1,1,0,110,3,0,17,1,0,89,3,3,7
560849,711,702,10,313,389,9,398,0,398,0,0,0,1,0,20,0,0,1,0,9,0,0,0,110,0,0,0,0,4,0,0,1,67,2,1,0,0,0,1,77,0,0,1,0,0,94,3,2,4
560850,1692,1679,11,848,833,11,844,0,844,9,0,0,2,0,9,0,0,1,0,37,0,0,0,160,1,3,0,1,15,1,0,2,101,0,6,0,1,0,0,217,1,0,7,0,1,238,16,2,13
560851,612,610,6,241,365,6,371,0,371,5,0,1,1,2,16,0,0,2,0,11,0,0,0,100,0,1,0,0,2,0,1,2,34,0,1,1,0,0,1,72,0,0,12,0,0,87,11,2,6
560852,2109,2081,25,1019,1065,25,1090,0,1090,9,4,1,3,1,44,0,0,9,0,44,0,0,1,385,0,2,0,0,7,1,1,5,202,1,2,0,1,2,1,128,0,0,48,0,1,148,9,5,25
560853,471,45,25,438,16,17,33,0,33,0,0,0,0,0,3,0,0,0,0,2,0,0,0,2,0,0,0,0,2,0,0,1,7,0,0,0,0,0,0,1,0,0,0,0,0,11,1,1,2
560854,141,33,0,108,33,0,33,0,33,0,0,0,1,0,2,0,0,0,0,0,0,0,1,6,0,1,0,0,0,0,0,0,2,0,1,0,0,0,0,4,0,0,2,0,0,11,1,0,1
560855,120,33,0,89,31,0,31,0,31,0,0,0,0,0,0,0,0,0,1,3,0,0,0,4,0,0,0,0,2,0,0,0,4,0,1,0,0,0,0,6,0,0,0,0,0,8,2,0,0
560856,543,480,0,63,480,0,480,0,480,45,2,1,2,0,7,0,0,4,0,6,0,0,0,114,0,0,0,0,0,0,0,2,8,0,0,0,0,0,0,11,0,0,1,0,0,235,38,1,3
561008,330,329,1,149,180,1,181,0,181,4,0,0,0,0,4,0,0,0,0,11,0,0,0,26,0,0,0,0,0,0,0,1,24,0,1,0,0,0,1,24,0,0,0,1,0,74,9,0,1
561010,1953,1929,7,769,1177,7,1184,0,1184,16,0,5,3,0,47,0,0,13,1,79,0,1,0,339,0,0,0,0,20,0,1,4,123,2,2,0,0,0,1,264,1,1,77,0,1,154,9,2,18,01,04,2019,02,10
