590001,1341,1337,20,643,684,14,698,0,698,8,0,1,1,2,104,0,0,19,0,34,0,1,1,216,0,2,0,0,4,0,0,1,43,0,3,0,0,0,0,66,0,0,56,1,2,119,10,2,2
590002,1422,1403,27,594,809,19,828,0,828,9,0,0,1,0,95,0,1,19,0,27,0,9,0,321,5,0,0,0,9,0,0,0,48,0,3,1,0,0,0,48,0,0,56,1,3,164,0,2,6
590003,2322,2294,47,857,1429,36,1465,0,1465,21,2,1,2,0,167,0,0,34,0,61,0,7,2,500,5,1,1,0,4,0,0,1,86,2,12,0,0,1,0,152,0,3,126,0,1,249,14,2,8
590004,2313,2288,31,921,1369,23,1392,0,1392,18,3,2,2,1,155,0,0,31,1,78,0,5,2,444,6,0,1,1,12,1,2,2,74,0,4,0,0,0,0,132,0,1,126,0,1,245,20,2,20
590005,2310,2283,38,892,1388,30,1418,0,1418,27,2,2,3,1,187,0,0,29,0,90,0,3,2,428,1,0,0,0,7,2,0,2,80,0,5,0,0,0,2,173,0,2,124,0,1,230,7,1,7
590006,2331,2292,35,1090,1211,30,1241,0,1241,24,1,0,0,0,165,2,0,26,0,35,0,34,0,437,3,0,1,0,6,0,2,1,106,0,3,0,0,1,0,115,0,0,62,1,2,193,9,1,11
590007,1215,1205,27,525,669,21,690,0,690,7,0,2,0,0,68,1,0,6,0,17,0,1,1,277,11,0,0,0,2,0,0,1,84,0,1,0,0,0,0,60,0,0,62,0,0,86,1,0,2
590008,888,884,24,376,492,20,512,0,512,4,1,1,0,1,51,1,0,5,0,23,0,1,0,220,1,2,0,0,1,0,0,1,45,1,4,0,0,0,0,30,0,2,48,0,0,61,3,0,5
590009,1032,1026,34,482,522,28,550,0,550,5,0,1,0,1,61,1,0,10,0,19,0,1,0,210,1,1,0,0,0,0,1,0,78,0,2,0,0,0,1,53,0,1,33,0,2,63,1,1,3
590010,720,719,17,319,388,13,401,0,401,4,0,0,2,0,27,1,0,5,0,22,0,0,0,178,2,0,0,0,1,0,0,0,22,0,5,0,0,0,0,35,0,1,31,0,0,54,7,0,4
590011,393,407,37,148,210,35,245,0,245,3,1,1,0,0,26,0,0,4,0,16,0,0,0,70,1,0,0,0,0,0,0,0,27,0,0,0,1,1,0,43,0,0,8,0,0,39,2,0,2
590012,213,210,24,84,108,21,129,0,129,0,0,0,0,1,16,0,0,0,1,7,0,0,1,31,0,0,0,0,0,0,0,1,24,0,0,0,0,0,0,11,0,0,2,0,0,32,2,0,0
590013,1092,1081,48,388,657,47,704,0,704,5,0,0,1,0,42,0,0,7,0,42,0,0,0,270,0,3,0,0,3,0,0,0,81,3,1,0,0,0,0,55,0,0,53,0,0,127,6,0,5
590014,1362,1351,40,501,821,40,861,0,861,12,3,3,0,0,52,0,0,9,0,37,0,0,0,355,1,1,0,0,2,1,0,1,66,0,2,1,0,0,0,75,0,0,74,2,0,147,9,2,6
590015,936,921,60,349,529,58,587,0,587,6,0,0,1,0,32,0,0,5,0,18,0,0,1,221,1,0,0,0,2,0,0,1,69,0,0,0,0,0,1,34,0,0,43,0,0,142,8,1,1
590016,282,278,31,87,166,29,195,0,195,2,0,0,1,0,4,0,0,2,0,7,0,0,0,63,0,0,0,0,0,0,0,1,43,0,1,0,0,0,0,16,0,0,3,0,1,49,1,0,1
590017,249,244,10,60,180,9,189,0,189,2,0,0,0,0,9,0,1,0,0,1,0,0,0,60,0,0,0,0,0,0,0,1,51,0,0,0,0,0,0,22,0,0,11,0,0,28,2,0,1
590018,228,226,22,81,125,22,147,0,147,0,0,1,0,0,10,0,0,2,0,3,0,0,0,62,0,0,0,0,0,0,0,0,26,0,0,0,0,0,0,8,1,0,4,0,0,28,2,0,0
590019,876,862,93,318,470,88,558,0,558,12,0,1,0,0,19,0,0,8,0,32,0,0,0,170,0,1,1,0,6,0,0,0,104,0,2,0,0,0,0,48,0,0,39,1,0,104,4,1,5
590020,891,884,103,266,533,92,625,0,625,2,1,2,2,1,29,1,0,11,0,41,0,0,0,194,0,1,0,0,4,0,0,1,79,3,4,0,0,0,0,60,0,1,43,0,1,135,8,0,1
590021,327,325,53,90,193,44,237,0,237,0,0,0,0,1,10,0,0,2,0,12,0,0,0,53,0,2,0,0,1,0,0,1,36,0,0,0,1,0,0,28,0,0,21,0,0,63,5,0,1
590022,384,378,63,127,204,53,257,0,257,0,0,0,1,0,26,0,0,4,0,11,0,1,1,49,2,0,0,0,0,0,0,0,31,0,0,0,1,0,1,33,0,0,34,0,0,57,5,0,0
590023,102,82,23,20,63,19,82,0,82,0,0,0,0,0,14,0,0,6,1,3,0,0,0,9,0,0,0,0,1,0,0,1,7,0,0,0,1,0,0,7,0,0,0,0,0,31,1,0,0
590024,75,74,5,25,47,3,50,0,50,0,0,0,0,0,2,0,0,3,0,0,0,0,0,4,0,0,0,0,0,0,0,0,9,0,0,0,0,0,0,11,0,0,6,0,0,14,1,0,0
590025,1116,1095,114,490,520,106,626,0,626,12,0,2,3,0,37,1,0,5,0,17,0,0,2,230,1,1,0,0,0,0,0,0,47,1,2,0,0,0,0,48,0,0,26,0,0,176,8,0,7
590026,549,545,15,239,299,11,310,0,310,4,0,2,0,0,22,0,0,2,0,14,0,0,0,110,0,0,0,0,1,0,0,0,34,1,2,0,0,0,0,29,0,0,21,0,2,59,3,0,4
590027,609,606,57,245,312,52,364,0,364,6,0,0,1,0,27,0,1,2,0,18,0,0,0,91,0,0,0,0,5,0,0,1,29,0,0,0,0,0,0,43,0,1,32,0,0,101,3,1,2
590028,318,316,39,121,162,35,197,0,197,2,0,0,0,2,12,0,0,1,0,16,0,0,0,38,1,0,0,0,1,0,0,2,32,0,0,0,0,0,0,25,0,0,21,0,1,42,0,0,1
590029,435,434,39,141,257,37,294,0,294,1,0,1,1,0,21,0,0,4,0,8,1,1,0,78,1,1,0,0,0,0,0,0,31,0,0,0,0,0,0,42,0,1,3,0,0,97,2,0,0
590030,117,115,20,31,72,14,86,0,86,0,0,1,0,0,9,0,0,1,0,8,0,0,0,21,0,0,0,0,1,0,0,0,7,0,0,0,0,0,0,11,1,0,3,0,0,21,2,0,0
590031,255,256,40,109,118,28,146,0,146,3,0,0,0,0,17,0,0,1,0,2,0,0,0,39,0,1,0,0,1,0,0,0,26,0,0,0,0,1,0,13,0,0,5,0,0,33,3,0,1
590032,270,268,45,108,119,43,162,0,162,3,1,0,0,0,24,0,0,1,0,2,0,0,0,58,0,2,0,0,0,0,0,0,19,0,1,0,0,0,0,15,0,0,5,0,0,26,4,0,1
590033,96,94,21,29,49,18,67,0,67,0,0,0,0,0,1,0,0,1,0,6,0,0,0,13,0,0,0,0,0,0,0,0,9,0,0,0,0,0,0,19,0,0,0,0,0,15,3,0,0
590034,435,430,37,211,197,27,224,0,224,0,0,0,0,2,25,0,1,1,1,3,0,3,0,78,1,0,0,0,0,0,0,1,29,0,0,0,0,0,0,15,1,0,20,0,2,37,1,1,2
590035,207,201,13,86,112,9,121,0,121,2,0,1,0,1,3,0,0,0,0,1,0,0,0,20,0,0,0,0,0,0,0,1,25,0,1,0,0,0,0,22,0,0,5,0,0,34,3,0,2
590036,162,159,27,50,87,25,112,0,112,2,1,0,0,0,17,0,0,0,0,2,0,0,0,23,1,0,0,0,1,0,0,0,20,0,0,0,0,0,0,26,0,0,0,0,0,17,2,0,0
590037,429,425,38,173,222,34,256,0,256,3,0,0,0,0,12,0,0,1,0,0,12,0,0,79,2,0,1,0,0,1,0,0,17,0,1,1,0,0,0,32,0,0,22,0,0,67,2,1,2
590038,672,658,63,214,397,61,458,0,458,1,0,1,0,0,34,1,0,4,0,18,0,1,0,124,0,2,0,1,0,0,0,0,57,0,0,0,0,0,0,53,0,0,31,0,2,117,5,0,6
590039,120,115,22,46,57,17,74,0,74,0,0,0,0,0,1,0,0,1,0,0,0,0,0,14,0,0,0,0,1,0,0,1,17,0,0,0,0,0,0,18,0,0,0,0,0,16,4,0,1
590040,324,323,34,112,184,28,212,0,212,0,0,0,0,0,9,0,0,3,0,11,1,0,0,81,0,1,0,0,3,0,0,0,40,0,0,0,0,0,1,29,1,0,0,0,0,24,3,1,4
590041,582,577,77,207,306,69,375,0,375,1,1,0,2,0,31,0,0,9,1,20,0,1,0,88,0,3,0,0,0,0,2,0,77,0,0,0,0,0,0,10,1,0,34,0,1,86,3,0,4
590042,324,332,44,106,183,35,218,0,218,2,0,0,0,0,34,0,0,5,0,9,0,0,0,60,3,0,0,0,0,0,0,0,40,1,2,0,0,0,0,14,0,0,3,0,0,37,1,0,7
590043,342,340,33,119,191,32,223,0,223,3,0,0,0,0,28,0,0,5,0,4,0,1,0,61,0,1,0,0,1,0,0,1,44,0,0,0,0,0,1,16,0,0,12,0,0,42,1,0,2
590044,429,423,49,170,219,40,259,0,259,0,0,0,1,0,40,0,0,3,0,1,0,10,0,72,0,0,0,0,1,0,0,0,58,0,1,0,0,0,0,31,0,0,1,0,2,32,3,1,2
590045,426,421,66,188,184,54,238,0,238,0,1,0,1,1,37,0,0,2,0,8,0,5,0,68,3,1,0,0,0,0,0,4,16,1,0,0,0,0,1,37,0,0,7,1,2,36,6,0,0
590046,597,593,91,170,345,82,427,0,427,1,0,0,3,1,34,1,1,11,0,34,0,3,0,116,0,0,1,0,4,0,0,0,47,0,3,0,0,0,0,36,0,0,22,0,1,101,4,1,2
590047,537,536,72,149,321,67,388,0,388,3,1,1,0,0,31,0,1,7,0,38,1,4,0,113,0,1,0,0,0,0,0,0,45,0,0,0,0,0,0,35,1,0,30,0,0,66,8,0,2
590048,600,592,74,268,273,59,332,0,332,5,0,0,1,1,101,0,1,3,0,2,0,0,1,97,0,0,0,0,0,0,0,2,29,0,0,0,0,0,0,22,0,0,0,0,0,58,6,1,2
590049,225,219,29,81,122,22,144,0,144,2,0,0,0,0,10,0,0,2,0,6,0,0,0,34,0,0,0,0,0,0,0,1,26,0,0,0,0,0,1,25,0,0,4,0,0,25,5,0,3
590050,261,260,25,97,143,21,164,0,164,1,0,0,0,1,6,0,0,1,0,13,0,0,0,36,0,0,0,0,1,0,0,0,28,0,0,0,0,0,0,31,0,0,6,0,0,38,2,0,0
590051,99,101,8,35,56,8,64,0,64,2,0,0,0,0,3,0,0,2,0,2,0,0,0,5,0,0,0,0,0,0,0,0,16,0,0,0,0,0,0,13,0,0,1,0,0,19,1,0,0
590052,162,162,27,49,89,24,113,0,113,0,0,0,0,0,18,0,0,9,0,0,6,0,0,0,21,1,0,0,0,0,0,0,10,0,0,3,0,0,0,14,0,0,4,0,0,24,2,0,1
590053,525,519,61,149,318,58,376,0,376,2,0,0,0,0,27,1,0,0,0,12,0,0,0,64,0,0,0,0,2,0,0,0,89,1,0,2,0,0,1,54,0,1,13,0,0,98,8,1,0
590054,141,142,18,32,95,14,109,0,109,1,0,0,0,0,4,0,0,1,1,7,0,1,0,24,0,1,0,0,0,0,0,0,22,0,0,0,1,0,0,12,0,0,6,0,0,27,1,0,0
590055,399,395,44,77,280,42,322,0,322,6,0,0,1,0,11,0,0,7,0,7,0,0,0,84,0,0,0,0,0,0,0,0,59,0,1,0,0,0,0,39,0,0,16,0,0,89,0,0,2
590056,75,73,8,11,57,7,64,0,64,1,1,0,0,0,4,0,0,3,0,7,0,0,0,11,0,0,0,0,0,0,0,1,13,0,0,0,0,0,0,6,0,0,1,0,0,15,1,0,0
590057,303,297,35,99,173,31,204,0,204,8,0,0,0,0,38,0,0,1,3,4,0,1,0,47,0,3,0,0,0,0,0,1,29,2,0,0,0,0,0,16,1,0,3,0,0,41,4,0,2
590058,183,183,26,70,89,24,113,0,113,1,0,0,0,0,14,0,0,0,0,3,0,0,0,26,2,1,0,0,1,0,0,0,21,0,0,0,0,0,0,15,0,0,6,0,0,21,2,0,0
590059,207,23,11,184,12,11,23,0,23,0,0,0,0,0,6,0,0,1,0,0,0,0,0,3,0,0,0,0,0,0,0,0,2,0,0,0,0,0,0,3,0,0,2,1,0,4,0,0,1
590219,1113,1103,20,379,714,20,734,0,734,7,0,0,2,1,70,0,0,5,0,37,0,1,1,233,0,3,0,0,4,0,0,0,42,1,0,0,1,0,0,100,0,0,45,0,1,167,6,1,6
590220,1968,1945,66,716,1200,52,1252,0,1252,17,0,0,3,0,104,2,0,33,0,56,0,1,1,432,1,2,0,0,9,0,2,2,59,1,3,0,0,0,0,183,0,0,67,0,2,255,9,0,8
590221,417,409,33,165,227,25,252,0,252,2,0,0,0,0,20,0,0,2,0,7,0,0,0,74,0,5,0,0,1,0,0,0,18,0,1,0,1,0,1,44,0,0,2,0,0,72,2,0,0
590222,1344,1321,66,526,769,49,818,0,818,9,0,1,1,2,61,1,0,13,0,49,0,5,0,251,7,4,0,0,5,0,0,0,37,1,5,0,0,0,0,123,0,0,45,1,1,173,12,0,11
590223,456,455,39,136,284,36,320,0,320,3,1,1,0,1,27,1,0,2,0,16,0,0,0,99,0,2,0,0,1,0,0,1,46,0,0,0,1,0,0,28,0,0,11,0,1,68,4,0,6
590224,1278,1250,49,472,763,43,806,0,806,8,0,5,0,0,93,3,0,8,0,43,0,2,1,262,2,1,1,0,0,1,1,1,60,2,0,0,1,0,0,80,0,0,34,0,0,182,8,1,6
590225,117,114,17,47,54,16,70,0,70,0,0,0,0,0,14,0,0,1,0,0,0,0,0,19,1,0,0,0,0,0,0,1,6,0,0,0,0,0,0,17,0,0,0,0,0,11,0,0,0
590226,363,359,26,138,203,22,225,0,225,2,0,1,0,0,39,2,0,1,0,2,0,0,0,57,14,3,0,0,0,0,0,0,24,0,2,0,0,0,0,25,0,0,8,0,0,43,1,0,1
590227,795,793,63,334,402,59,461,0,461,1,1,1,0,0,62,0,0,6,0,9,0,0,0,177,7,0,0,0,2,0,0,0,39,1,1,0,0,0,0,32,0,0,19,1,0,90,4,0,8
590228,714,703,87,270,368,76,444,0,444,4,0,1,0,0,62,0,0,3,0,9,0,0,1,144,1,0,0,0,0,0,0,1,34,1,2,0,0,0,0,34,1,0,14,0,0,122,9,0,1
590229,279,280,19,97,164,18,182,0,182,0,0,1,0,0,14,1,0,5,0,7,0,0,0,78,2,0,0,0,1,0,0,1,14,0,0,0,0,0,0,19,0,0,3,0,1,30,4,0,1
590230,309,313,27,85,202,22,224,0,224,2,0,0,0,0,12,0,0,6,0,5,0,0,0,51,0,2,0,0,0,0,0,0,38,0,0,1,0,0,0,39,0,0,13,0,1,53,1,0,0
590231,1119,1114,64,434,630,55,685,0,685,8,0,2,4,2,53,0,0,11,0,29,0,1,0,232,0,2,0,0,1,0,0,2,79,2,4,0,1,0,0,60,0,0,50,1,2,126,8,0,5
590232,240,240,23,97,122,21,143,0,143,1,0,0,0,1,4,0,0,0,0,2,1,0,0,33,0,0,0,0,0,0,0,0,34,0,0,0,0,0,1,19,0,0,16,0,0,24,1,2,4
590233,459,452,35,132,294,33,327,0,327,1,1,2,0,1,77,1,0,13,0,5,0,0,0,83,1,1,0,0,2,0,0,1,49,1,2,1,0,0,0,14,0,0,6,0,1,52,9,1,2
590234,405,404,15,166,227,12,239,0,239,4,0,0,0,0,15,1,0,4,0,10,0,0,0,72,0,0,0,0,4,1,0,0,37,1,1,0,0,0,0,31,0,0,9,0,0,47,2,0,0
590235,417,411,15,172,231,14,245,0,245,1,0,0,0,0,16,0,0,2,1,9,0,1,0,76,1,1,1,0,1,0,0,1,51,0,0,0,0,0,0,22,0,0,7,0,0,50,3,0,1
590236,306,302,16,134,157,15,172,0,172,1,0,0,0,0,9,0,0,1,0,9,1,0,0,72,0,1,0,0,0,0,0,0,17,0,0,0,0,0,0,11,0,0,9,0,0,38,3,0,0
590237,87,85,10,16,61,10,71,0,71,1,0,0,0,0,0,0,0,0,0,10,0,0,0,18,0,0,1,0,0,0,0,0,5,0,0,0,0,0,0,8,0,0,0,0,0,27,1,0,0
590238,798,795,75,282,446,70,516,0,516,3,0,1,0,0,100,3,0,6,0,10,0,2,0,123,1,1,0,0,1,0,0,0,61,0,0,0,0,0,0,47,1,0,12,0,0,137,7,0,0
590239,81,80,13,16,54,11,65,0,65,1,0,0,0,0,11,0,0,2,0,0,0,0,0,10,1,0,0,0,0,0,0,0,6,0,0,0,0,0,0,10,0,1,0,0,0,21,1,0,1
590240,1173,1166,16,546,614,13,627,0,627,2,0,2,0,0,98,1,0,9,0,38,0,0,0,185,0,3,1,0,4,0,0,2,25,2,1,0,0,0,1,45,0,0,46,0,2,151,7,0,2
590241,435,426,8,205,222,8,230,0,230,0,0,0,0,0,31,0,0,1,0,11,0,1,0,67,0,0,0,1,1,0,0,0,35,0,0,0,0,0,0,16,0,0,3,0,0,56,5,1,1
590242,414,411,46,136,235,43,278,0,278,1,1,0,0,0,18,0,0,4,0,13,0,1,0,84,0,0,0,0,1,0,0,0,58,1,0,0,1,0,1,32,0,0,10,0,0,46,5,1,0
590243,426,419,32,187,210,29,239,0,239,3,0,0,0,0,16,0,0,3,0,11,0,0,0,65,0,2,0,0,0,0,0,0,42,0,0,0,0,0,0,21,0,0,12,0,0,57,3,1,3
590244,468,463,38,171,268,29,297,0,297,3,0,0,0,1,34,0,0,4,0,8,0,0,0,61,1,0,0,0,0,0,0,1,37,0,0,0,0,0,0,36,0,0,0,0,0,106,5,0,0
590245,522,516,50,167,306,49,355,0,355,5,0,1,0,0,36,0,0,3,0,14,0,1,0,97,3,2,0,0,2,0,0,0,53,0,2,0,0,0,0,29,0,0,9,0,0,91,5,0,2
590246,210,205,21,58,131,21,152,0,152,2,0,0,1,0,19,0,0,4,0,3,0,0,0,34,0,0,0,0,1,0,0,0,17,0,0,0,0,0,1,15,0,0,0,0,0,55,0,0,0
590247,1050,1053,84,362,613,75,688,0,688,7,0,1,0,0,35,0,0,4,0,31,0,0,0,239,0,0,0,0,8,1,0,1,62,1,0,0,0,0,1,69,1,0,23,0,0,190,11,1,2
590248,318,313,28,95,195,28,223,0,223,3,0,0,0,1,17,0,0,5,0,10,0,0,0,73,0,2,0,0,0,0,0,0,23,0,0,0,0,0,0,32,0,0,3,0,1,48,3,0,2
590249,330,325,23,146,164,20,184,0,184,1,0,0,0,0,27,0,0,3,0,5,0,0,0,59,1,0,0,0,0,0,0,0,31,0,0,0,0,0,0,12,0,0,9,0,0,30,5,1,0
590250,156,157,35,57,66,33,99,0,99,0,0,0,0,0,6,0,0,4,0,20,0,0,0,12,1,3,0,0,0,0,0,0,1,0,0,0,0,0,0,13,0,0,8,0,0,30,1,0,0
590251,585,583,45,212,335,38,373,0,373,3,1,0,1,0,111,1,0,7,0,3,0,1,0,113,0,0,0,0,1,0,0,0,52,1,1,0,0,0,0,13,0,1,12,0,0,47,3,0,1
590252,306,309,38,67,204,35,239,0,239,2,0,0,0,0,102,0,0,6,0,1,0,0,0,0,52,0,0,0,0,0,0,0,25,0,0,0,0,0,0,9,1,0,3,0,0,32,6,0,0
590253,132,133,11,39,83,10,93,0,93,3,0,0,0,0,34,0,0,0,0,2,0,1,0,19,0,1,0,0,0,0,0,0,14,0,0,0,0,0,0,10,0,0,0,0,0,8,1,0,0
590254,387,380,14,181,196,10,206,0,206,1,0,3,1,0,16,0,0,0,0,7,0,0,0,81,0,0,0,0,0,0,0,0,26,0,0,0,0,0,0,11,0,0,11,0,0,45,3,0,1
590255,429,428,37,118,276,35,311,0,311,1,0,1,1,0,22,0,0,1,0,7,0,0,0,123,4,0,0,0,2,0,0,0,42,0,0,0,0,0,0,35,0,0,5,0,0,61,1,1,4
590256,123,119,33,49,43,31,74,0,74,1,0,0,1,0,5,0,0,1,0,1,0,0,0,10,0,0,0,0,3,0,0,0,15,0,0,0,0,0,0,7,0,0,1,0,0,25,4,0,0
590257,702,685,48,318,344,40,384,0,384,1,0,1,1,0,58,0,0,14,1,16,0,0,0,94,1,0,0,0,2,0,0,0,36,1,0,0,0,0,1,64,1,0,13,0,0,67,7,0,5
590258,120,114,8,59,53,8,61,0,61,0,0,0,0,0,5,0,0,0,0,0,0,0,0,6,0,0,0,0,0,0,0,1,18,0,0,0,0,0,0,12,1,0,1,0,0,15,2,0,0
590259,165,20,20,149,0,16,16,0,16,0,0,0,0,0,1,0,0,0,0,0,0,0,0,3,0,0,0,0,0,0,0,0,5,0,0,0,0,0,0,3,0,0,0,0,0,4,0,0,0
590582,408,405,22,169,217,22,239,0,239,1,0,0,0,0,30,1,0,9,0,7,0,0,0,72,0,0,0,0,0,0,0,0,35,0,1,0,0,0,0,34,0,0,8,0,0,38,3,0,0
590583,228,230,19,69,140,19,159,0,159,1,0,0,0,0,4,0,0,2,0,1,0,0,0,45,0,2,0,0,0,0,0,2,13,0,0,0,0,0,0,25,0,0,10,0,0,49,4,1,0
590584,1518,1508,79,500,944,74,1018,0,1018,12,0,1,1,0,81,0,0,16,0,54,1,0,0,372,10,0,0,0,3,0,0,2,73,1,2,0,0,0,1,134,0,4,92,0,1,144,8,2,3
590585,381,378,19,136,228,17,245,0,245,1,0,0,0,1,22,0,1,8,0,12,0,0,0,71,1,1,0,0,2,0,1,0,30,0,1,0,0,0,0,34,0,0,15,0,0,41,0,1,2
590586,375,223,24,152,200,23,223,0,223,4,0,1,0,0,13,0,0,10,0,11,0,0,0,77,0,0,0,0,0,0,0,2,29,0,0,0,0,0,0,35,0,0,9,0,0,32,0,0,0
590587,360,354,37,155,174,31,205,0,205,3,1,0,0,0,38,0,0,5,0,9,0,0,0,61,0,1,0,0,0,0,0,0,35,0,0,0,0,0,0,22,1,0,3,0,0,23,0,0,3
590588,99,107,11,24,65,10,75,0,75,0,0,0,0,0,11,0,0,3,0,5,0,0,0,11,0,0,0,0,0,0,0,1,9,0,0,0,0,0,0,13,0,0,1,0,0,19,2,0,0
590589,645,634,45,195,408,42,450,0,450,8,0,1,0,1,14,1,0,4,1,10,0,0,1,187,1,0,0,0,2,0,0,0,76,0,0,0,0,0,0,49,0,1,25,0,1,63,3,0,1
590590,2340,2328,57,852,1436,52,1488,0,1488,18,3,1,2,2,73,0,0,21,0,83,0,3,0,524,2,0,1,0,12,0,0,0,87,1,4,0,1,0,1,225,1,0,121,0,1,279,13,4,5
590591,1686,1671,15,651,1023,12,1035,0,1035,11,2,1,1,0,68,0,0,22,0,84,0,1,0,442,1,0,0,0,8,0,0,2,82,2,3,0,0,0,1,84,0,0,69,0,2,135,10,0,4
590592,1386,1383,20,539,830,17,847,0,847,5,3,0,1,1,42,0,0,18,0,36,1,0,0,350,0,2,0,0,3,0,0,0,73,0,2,1,2,0,1,90,2,0,70,0,2,137,4,0,1
590593,375,354,21,168,186,21,207,0,207,3,0,0,0,0,11,0,0,2,0,13,0,1,0,78,1,0,0,0,0,0,0,1,26,1,1,0,0,0,0,22,0,0,10,0,0,36,1,0,0
590594,360,352,20,138,206,16,222,0,222,1,0,0,0,0,9,1,0,3,0,6,0,0,0,77,0,0,0,0,0,0,0,0,37,0,0,0,0,0,1,22,0,0,14,0,1,46,1,0,3
590595,345,345,44,116,186,43,229,0,229,1,0,0,0,0,11,0,0,1,0,5,0,1,1,77,0,0,1,0,3,0,0,2,32,0,2,0,0,0,0,22,0,1,4,0,0,63,2,0,0
590596,675,668,54,239,384,52,436,0,436,4,0,0,0,0,41,0,0,7,0,28,1,0,0,142,1,2,0,0,0,0,0,0,30,0,4,0,0,0,0,40,0,0,24,0,0,104,8,0,0
590597,234,232,24,80,134,20,154,0,154,3,0,0,0,1,11,0,0,4,0,11,0,0,0,44,0,0,0,0,0,0,0,0,18,0,1,0,0,0,0,23,0,0,2,0,1,34,1,0,0
590598,204,202,19,83,103,18,121,0,121,1,0,0,0,0,10,0,1,3,0,7,0,0,0,22,0,0,0,0,0,0,0,0,7,0,1,0,0,0,0,25,0,0,5,0,0,33,3,0,3
590599,396,391,43,152,203,41,244,0,244,1,0,0,0,0,7,0,0,6,0,5,0,1,0,64,0,1,0,0,0,0,0,0,45,0,0,0,0,1,0,40,0,0,10,0,1,61,1,0,0
590600,621,613,53,172,397,52,449,0,449,2,1,0,0,0,51,0,0,13,1,18,0,3,0,137,2,0,0,0,0,0,0,1,89,0,0,1,0,0,1,26,0,0,24,0,0,72,6,0,1
590601,150,150,8,44,98,8,106,0,106,1,0,0,1,18,1,0,6,0,3,0,1,0,19,0,0,0,0,0,0,0,0,0,26,0,1,0,0,0,1,17,0,0,0,0,0,11,0,0,0
590602,165,162,11,55,99,11,110,0,110,0,0,0,0,0,7,0,0,2,0,1,0,0,0,20,0,0,0,0,0,0,0,0,33,0,3,0,0,0,0,4,0,0,12,0,0,27,1,0,0
590603,2391,2369,69,834,1508,49,1557,0,1557,15,0,2,3,1,100,0,1,37,0,97,1,2,0,574,6,0,0,0,10,0,0,3,68,1,5,0,1,0,0,213,0,0,151,1,1,248,15,0,1
590604,417,415,15,165,239,13,252,0,252,0,0,0,0,0,14,0,0,3,0,3,0,0,0,87,0,0,0,0,0,0,1,1,20,0,0,0,0,0,1,21,0,0,14,0,1,83,2,1,0
590605,732,725,53,222,457,53,510,0,510,4,0,0,0,0,24,0,0,4,1,24,0,1,0,192,0,0,1,1,2,0,0,1,67,1,2,0,0,0,0,40,0,0,22,0,1,111,6,1,4
590606,249,244,15,86,149,14,163,0,163,1,0,0,0,0,4,0,0,5,0,5,0,1,0,40,0,0,0,0,4,0,0,0,26,0,0,0,0,0,0,30,0,0,8,0,0,34,4,0,1
590607,867,779,79,285,514,68,582,0,582,4,0,0,0,0,45,1,0,7,0,27,0,0,0,209,1,0,0,0,0,0,0,0,70,0,2,0,0,0,1,69,0,0,30,0,0,109,6,0,1
590608,573,572,45,246,286,41,327,0,327,2,0,1,0,0,36,0,0,7,1,17,1,0,1,88,0,0,0,0,1,0,0,1,35,0,4,0,2,1,0,45,0,0,15,0,1,55,7,2,4
590609,1107,1102,91,473,555,79,634,0,634,5,0,0,0,2,66,2,0,9,0,27,0,0,0,243,2,0,0,0,1,0,1,2,69,0,1,0,0,0,0,81,0,1,43,1,0,73,3,0,2
590610,1107,1101,93,444,585,78,663,0,663,7,0,0,1,0,75,0,0,18,0,32,0,0,1,247,0,0,0,0,0,0,0,1,56,0,2,0,0,0,0,71,1,2,51,0,0,92,5,0,1
590611,1938,1924,69,821,1054,63,1117,0,1117,8,0,1,1,1,73,0,0,22,0,56,0,1,2,392,2,2,1,0,5,0,0,0,93,1,1,0,0,1,0,129,0,0,89,1,1,221,11,2,0
590612,924,918,58,356,516,52,568,0,568,3,2,1,0,0,31,0,0,8,0,33,0,0,0,196,0,1,0,0,2,0,0,2,65,1,0,0,0,0,2,85,0,0,17,0,0,105,11,0,3
590613,579,576,7,242,330,7,337,0,337,3,0,0,0,0,14,0,0,5,1,12,0,0,0,110,2,0,0,0,3,0,0,1,28,1,1,0,0,0,0,36,0,0,7,0,1,103,7,1,1
590614,582,585,52,267,269,46,315,0,315,4,0,0,1,0,25,0,0,7,0,9,0,0,0,95,0,0,0,0,0,0,0,0,41,1,0,0,0,0,0,28,0,1,16,0,0,82,5,0,0
590615,1002,994,93,423,495,84,579,0,579,7,0,1,0,0,18,0,0,11,1,14,0,1,0,216,2,1,0,0,0,0,0,0,72,1,2,0,0,0,0,61,0,0,22,1,0,138,5,2,3
590616,360,361,18,119,225,16,241,0,241,0,1,0,1,1,8,0,0,4,0,12,0,0,0,57,0,0,0,0,2,0,0,0,21,0,1,0,0,0,2,62,0,0,14,0,0,53,1,0,1
590617,387,388,38,162,189,36,225,0,225,2,0,0,0,0,17,0,0,14,0,11,0,0,1,82,0,0,0,0,0,0,0,0,23,0,0,0,0,0,0,10,0,1,11,0,0,48,2,1,2
590618,1455,1436,37,436,992,27,1019,0,1019,12,1,2,0,0,80,0,0,13,1,87,0,1,0,324,0,2,0,0,13,0,0,1,24,1,2,1,0,0,0,146,1,1,102,0,0,192,9,0,3
590619,468,469,38,179,258,31,289,0,289,4,0,0,0,0,13,0,0,4,0,7,1,0,0,91,2,2,0,0,1,0,0,0,33,0,1,0,0,0,0,29,0,0,20,0,0,74,6,0,1
590620,786,780,98,249,450,87,537,0,537,1,1,0,0,0,18,0,0,10,0,29,0,1,0,153,1,0,0,0,4,1,0,2,58,0,0,0,1,0,0,86,0,1,37,0,1,123,5,1,3
590621,315,315,19,109,188,18,206,0,206,0,0,0,0,0,12,1,0,0,2,4,0,0,0,59,0,0,0,0,0,0,0,1,27,0,0,0,0,0,1,24,0,0,16,1,0,53,3,0,2
590622,264,260,18,80,166,18,184,0,184,3,0,0,0,0,14,0,0,1,0,4,0,0,0,69,0,3,0,0,0,0,0,0,13,0,3,0,0,0,0,18,0,0,18,0,1,37,0,0,0
590623,1506,1490,37,555,919,32,951,0,951,9,1,0,1,0,46,0,1,12,0,33,1,0,0,408,1,1,0,1,6,0,0,3,79,0,0,0,0,0,0,106,0,0,79,0,0,155,6,0,2
590624,1419,1406,57,545,823,51,874,0,874,12,1,0,1,0,41,0,0,9,0,31,0,0,0,359,2,1,0,0,9,1,0,1,78,1,4,0,0,1,0,108,0,0,89,0,1,117,5,0,2
590625,1191,1180,42,402,755,34,789,0,789,8,0,0,1,1,51,1,0,12,0,33,0,0,0,299,0,1,0,0,6,0,0,0,69,0,2,0,0,0,0,103,1,0,66,0,1,124,8,0,2
590626,1569,1559,47,591,936,42,978,0,978,4,1,0,2,0,55,1,0,14,0,52,0,0,0,374,0,1,0,0,5,0,0,0,73,0,2,0,1,0,1,105,0,1,93,0,0,179,8,0,6
590627,1749,1735,50,666,1041,42,1083,0,1083,9,0,1,0,0,42,0,0,23,0,72,0,2,0,431,1,0,1,0,19,0,0,0,67,1,4,0,0,0,2,126,0,0,84,0,1,179,9,2,7
590628,213,212,32,78,105,30,135,0,135,2,0,0,0,0,9,0,0,2,0,10,0,0,0,46,0,0,0,0,1,0,0,0,11,0,2,0,0,0,0,14,0,0,2,0,1,31,1,0,3
590629,405,406,25,136,245,24,269,0,269,2,0,1,1,0,24,1,0,4,0,13,0,0,0,82,0,0,0,1,0,0,0,1,14,0,2,0,0,0,0,25,0,0,11,0,0,85,2,0,0
590630,735,723,64,262,414,59,473,0,473,6,0,0,1,0,33,0,0,3,0,24,2,1,1,116,0,0,1,0,1,0,0,3,62,0,2,0,0,0,1,44,0,0,24,0,0,133,10,0,5
590631,1539,1529,87,486,976,77,1053,0,1053,15,0,2,1,1,75,0,0,23,2,50,0,0,0,384,8,0,0,0,3,0,0,0,103,0,1,1,0,0,0,111,0,2,70,0,0,189,5,0,7
590632,1809,1789,76,767,976,66,1042,0,1042,17,0,0,0,0,67,1,1,24,0,29,0,1,0,343,10,1,0,0,2,0,0,0,118,1,1,0,0,0,1,145,0,0,100,0,0,162,13,0,5
590633,579,579,29,228,323,28,351,0,351,7,0,0,0,0,43,0,0,4,0,15,0,0,0,125,7,0,0,0,1,0,0,0,38,0,2,0,0,0,1,24,0,0,18,0,0,64,2,0,0
590634,1872,1857,99,661,1126,85,1211,0,1211,22,2,1,2,0,95,0,0,17,0,53,2,2,1,382,0,1,0,0,3,0,0,1,78,0,1,0,0,0,2,169,2,6,103,0,2,248,11,0,5
590635,588,582,26,255,311,22,333,0,333,6,1,0,0,0,16,0,0,1,0,15,0,0,1,108,0,0,0,0,2,0,0,0,25,0,0,0,0,0,0,33,0,0,27,0,1,86,9,1,1
590636,1068,1053,60,473,536,59,595,0,595,11,0,0,4,0,49,0,0,9,0,21,0,0,0,227,0,0,0,1,4,0,0,1,67,0,2,0,0,1,1,63,0,0,17,0,2,107,4,1,3
590637,729,721,128,268,343,118,461,0,461,7,0,3,1,1,23,0,0,5,0,11,0,0,0,134,0,2,0,0,2,0,0,1,65,0,2,0,0,0,0,22,0,1,33,0,0,140,5,0,3
590638,237,77,13,162,62,13,75,0,75,2,0,0,0,0,5,2,1,0,0,1,0,0,0,27,0,0,0,0,1,0,0,1,12,0,0,0,0,0,0,5,0,0,1,0,0,16,0,0,1
590896,2322,2317,57,687,1596,39,1635,0,1635,17,3,2,3,2,133,1,1,51,0,103,5,4,1,510,3,1,1,0,10,0,0,2,36,2,7,0,0,0,1,291,0,1,189,1,3,242,0,3,6
590897,2085,2073,57,679,1371,35,1406,0,1406,13,3,3,6,2,105,0,1,28,0,86,1,1,0,533,0,1,1,0,10,0,0,0,33,1,1,0,0,0,0,218,0,1,132,0,1,207,3,1,14
590898,2199,2174,55,741,1423,35,1458,0,1458,8,2,4,3,0,115,1,0,33,0,126,0,0,0,472,0,2,0,0,14,1,0,1,40,1,6,1,1,0,1,200,0,1,188,0,1,225,5,1,5
590899,2283,2260,38,703,1563,17,1580,0,1580,13,2,2,3,1,79,2,0,31,0,114,0,3,2,646,1,0,2,0,10,1,1,0,36,0,3,0,1,1,3,246,0,0,160,0,0,200,6,2,9
590900,2208,2188,32,728,1461,19,1480,0,1480,18,1,4,6,1,95,1,0,38,0,101,0,1,1,503,2,0,1,0,13,1,0,0,54,2,5,0,0,0,0,209,0,1,151,0,0,259,8,1,3
590901,1974,1966,22,555,1406,13,1419,0,1419,10,3,1,3,0,93,0,1,40,1,117,3,1,0,456,2,1,0,0,17,1,0,3,37,1,0,0,0,1,0,222,0,0,151,1,1,243,0,0,9
590902,2265,2220,24,611,1635,19,1654,0,1654,19,5,1,0,1,159,3,0,43,0,149,0,1,0,538,1,1,0,0,13,0,0,0,66,0,8,0,0,0,0,192,0,0,159,0,1,281,8,1,4
590903,2118,2096,19,662,1445,11,1456,0,1456,19,4,1,2,1,107,1,0,43,0,101,0,0,0,524,1,0,1,0,16,0,0,2,61,2,1,0,0,0,1,179,0,0,179,0,1,197,6,0,6
590904,2004,1990,15,563,1426,15,1441,0,1441,22,1,2,6,1,101,2,1,36,0,118,0,1,0,457,3,3,1,0,13,2,0,1,31,0,4,0,0,1,0,199,0,0,214,0,1,209,9,0,2
590905,2481,2469,12,776,1700,5,1705,0,1705,10,1,8,4,1,89,0,0,35,0,111,0,2,0,718,1,0,0,0,11,2,0,0,34,0,6,0,0,0,0,250,0,0,188,0,1,208,8,2,15
590906,2175,2152,34,696,1457,22,1479,0,1479,20,4,4,2,0,104,0,0,42,1,111,1,2,0,479,0,3,0,0,14,0,0,1,55,3,6,0,0,0,0,182,0,0,185,0,2,245,6,2,5
590907,1941,1925,13,637,1294,10,1304,0,1304,17,2,1,5,0,88,0,1,38,0,95,0,1,0,441,0,4,0,0,11,0,0,0,30,0,1,0,0,0,2,217,0,0,164,2,0,175,6,0,3
590908,1845,1833,22,617,1216,12,1228,0,1228,8,0,1,2,0,101,2,0,20,0,76,0,1,0,493,0,2,0,0,9,0,2,1,46,1,5,1,0,1,1,141,1,0,125,0,0,176,6,1,5
590909,1458,1447,20,469,974,15,989,0,989,13,0,5,1,0,64,1,0,13,0,89,0,4,0,364,2,0,0,0,9,1,0,1,29,1,2,0,0,0,1,112,0,0,120,0,0,152,3,0,2
590910,1962,1947,37,639,1295,28,1323,0,1323,21,1,2,3,1,110,5,0,31,0,101,0,1,1,503,1,0,0,0,10,0,1,0,38,2,1,0,0,0,1,169,0,1,130,0,0,177,4,2,6
590911,1989,1976,22,653,1318,18,1336,0,1336,10,3,3,4,2,71,1,0,24,0,94,0,2,1,470,3,3,0,0,7,1,0,0,61,0,3,0,0,0,1,171,0,0,157,0,0,233,3,1,7
590912,1509,1501,58,509,962,38,1000,0,1000,6,1,0,0,0,71,0,0,16,1,75,0,1,0,411,0,0,0,0,3,0,0,0,42,0,4,0,1,0,3,123,0,0,79,0,1,157,2,0,3
590913,1539,1538,34,498,1023,18,1041,0,1041,3,3,0,2,2,52,2,0,13,0,79,0,2,0,394,1,0,0,0,6,0,0,1,46,0,4,0,1,0,0,136,0,1,84,0,2,193,11,0,3
590914,2214,2184,14,733,1471,10,1481,0,1481,17,1,3,0,0,94,0,0,38,0,89,0,2,1,593,1,1,0,0,20,1,0,0,50,2,4,0,1,0,1,176,0,0,144,1,0,220,13,1,7
590915,2232,2210,37,812,1397,23,1420,0,1420,17,3,0,0,3,97,0,0,32,0,91,0,5,0,561,1,1,1,0,12,0,0,2,57,1,7,0,0,0,0,164,0,2,131,0,1,219,6,2,4
590916,1851,1827,22,663,1175,13,1188,0,1188,17,0,2,3,2,77,1,0,22,0,83,0,0,0,429,2,0,0,0,15,1,0,1,45,0,5,0,0,0,1,171,1,0,118,0,1,180,3,2,6
590917,1932,1913,15,781,1141,10,1151,0,1151,13,1,2,0,1,63,1,0,21,0,76,0,1,1,460,1,1,0,0,7,0,0,1,47,1,0,0,0,0,0,116,0,1,116,2,0,209,3,1,5
590918,2193,2171,24,863,1315,15,1330,0,1330,19,1,5,1,1,93,1,0,27,0,82,0,0,0,554,0,0,1,0,10,0,1,3,57,1,6,0,1,0,0,140,0,0,118,1,1,192,9,0,5
590919,2244,2220,33,792,1427,25,1452,0,1452,26,1,8,1,1,99,1,0,41,0,85,0,0,1,574,0,0,0,0,9,1,0,2,35,1,5,0,0,0,0,193,1,0,112,1,2,248,0,0,4
590920,2180,2154,15,750,1422,8,1430,0,1430,13,0,1,1,0,98,0,0,36,0,110,0,0,0,487,0,1,0,0,20,0,0,1,55,0,9,0,0,0,1,184,1,2,153,0,1,243,8,0,5
590921,1893,1873,34,686,1185,22,1207,0,1207,11,1,2,5,0,71,0,0,31,0,76,0,0,1,510,2,0,0,0,8,1,1,2,37,1,5,0,1,0,0,153,0,0,115,0,0,164,4,1,4
590922,1908,1895,18,621,1277,10,1287,0,1287,11,3,1,1,0,109,0,0,22,0,85,0,1,1,477,0,0,0,0,10,0,1,0,20,0,8,0,0,0,0,197,0,0,162,1,1,171,0,0,5
590923,1152,1158,3,338,813,1,814,0,814,12,2,3,1,0,41,0,0,16,0,58,0,2,0,338,2,0,0,0,8,0,0,1,20,0,1,0,0,0,0,127,0,0,79,0,0,98,1,0,4
590924,2289,2265,11,816,1467,6,1473,0,1473,18,2,8,1,0,110,0,0,36,0,108,0,0,1,542,2,1,1,0,12,0,0,0,34,0,5,0,0,0,1,197,0,1,164,1,1,216,10,1,0
590925,2091,2055,13,672,1411,8,1419,0,1419,23,2,2,3,0,125,0,0,28,0,100,1,1,0,505,2,0,3,0,10,0,0,2,37,0,7,0,0,0,0,220,0,2,161,0,2,169,4,0,10
590944,381,21,7,362,12,7,19,0,19,0,0,0,0,0,2,0,0,0,1,2,0,0,0,8,0,0,0,0,0,0,0,0,1,0,0,0,0,0,0,1,0,0,1,0,0,3,0,0,0
590945,291,36,5,258,28,5,33,0,33,0,0,1,0,0,1,0,0,0,0,0,0,0,0,11,0,0,0,0,0,0,0,0,3,1,0,0,0,0,1,3,1,0,3,0,0,8,0,0,0
590946,180,10,6,170,4,6,10,0,10,0,0,0,0,0,2,0,0,1,0,1,0,0,0,4,0,0,0,0,0,0,0,0,0,0,0,0,0,0,0,1,0,0,0,0,0,1,0,0,0
591017,1182,1183,13,414,758,10,768,0,768,4,1,0,2,0,50,0,0,9,0,50,0,0,0,282,1,2,1,0,0,0,0,0,21,0,4,0,0,1,0,97,0,0,88,1,4,145,1,0,4,31,03,2019,23,50
