610328,510,509,20,143,349,18,367,0,367,5,0,2,0,0,2,0,0,0,0,46,0,0,0,39,0,0,0,0,58,0,0,0,27,0,0,0,0,0,0,89,0,1,17,0,0,79,2,0,0
610329,327,328,17,95,215,17,232,0,232,0,0,1,1,0,1,1,0,0,0,32,0,0,0,28,0,0,0,1,37,1,0,0,42,0,2,0,0,0,0,42,0,0,7,0,0,35,1,0,0
610330,114,118,2,23,89,2,91,0,91,0,0,0,0,0,1,0,0,0,0,10,0,0,1,5,0,0,0,0,17,0,0,1,8,1,0,0,0,0,0,18,0,0,6,0,0,23,0,0,0
610331,735,731,41,298,398,39,437,0,437,4,0,1,0,0,15,0,0,5,0,35,0,0,0,79,0,1,0,0,7,0,0,1,82,0,2,1,0,0,0,82,0,0,15,1,0,93,5,2,6
610332,441,439,31,146,264,31,295,0,295,2,0,0,1,0,14,0,1,3,0,42,0,0,0,33,0,0,0,0,5,0,0,1,25,0,0,0,0,0,2,91,1,0,6,0,0,64,4,0,0
610333,642,642,17,213,412,17,429,0,429,4,0,0,3,1,6,1,0,2,0,44,0,0,1,95,0,0,0,0,5,0,0,2,66,0,0,0,0,1,0,45,0,0,9,0,0,135,7,0,2
610334,345,337,20,87,238,20,258,0,258,0,0,0,1,0,2,0,0,3,0,45,1,1,0,49,0,0,0,0,10,0,0,0,50,0,0,0,0,0,0,29,0,1,17,0,0,47,1,1,0
610335,393,387,22,88,284,21,305,0,305,2,1,0,1,0,18,0,0,8,0,19,0,0,0,56,0,0,0,0,13,1,0,1,37,1,0,0,0,0,0,86,0,0,2,0,0,49,4,0,6
610336,678,668,42,215,421,42,463,0,463,1,0,1,2,0,29,0,0,9,0,51,0,0,0,58,0,0,0,0,14,0,0,0,68,0,7,0,0,0,1,120,0,0,19,0,0,80,2,0,1
610337,144,144,17,46,85,13,98,0,98,0,0,0,1,0,4,0,0,0,0,6,0,0,0,15,0,1,0,0,4,0,0,2,19,0,0,1,0,0,0,25,0,0,3,0,0,15,1,0,1
610338,777,770,44,224,510,43,553,0,553,4,0,0,0,0,1,0,0,0,1,139,0,0,0,49,0,0,0,0,67,0,0,1,29,1,4,0,0,1,0,123,0,0,11,0,2,110,7,0,3
610339,294,289,23,92,179,23,202,0,202,1,0,0,0,0,0,0,0,0,0,49,0,0,0,24,0,0,0,0,15,0,0,1,19,0,0,0,0,0,1,20,1,0,11,0,1,58,1,0,0
610340,1707,1681,24,828,856,23,879,0,879,15,0,0,0,0,25,1,0,2,1,138,0,1,1,168,0,3,0,0,39,0,0,2,72,0,2,0,0,0,1,197,0,0,58,0,1,132,12,0,7
610341,975,977,20,428,527,20,547,0,547,7,1,1,3,0,41,0,1,5,0,66,0,1,0,87,0,1,0,0,11,0,0,0,47,1,6,0,0,0,0,117,0,0,39,0,0,103,6,0,3
610342,816,807,44,259,519,38,557,0,557,12,3,1,1,2,19,0,0,11,0,52,0,0,0,73,0,0,0,0,16,0,0,3,109,0,1,0,0,0,3,130,0,0,14,0,0,91,6,5,5
610343,174,171,11,53,110,11,121,0,121,6,0,0,0,0,1,0,0,0,0,0,0,0,0,12,0,0,0,0,3,0,0,0,29,0,0,0,0,0,0,14,0,0,0,0,0,56,0,0,0
610344,177,174,19,39,120,18,138,0,138,1,0,0,0,0,4,0,0,0,0,10,0,0,0,2,0,0,0,0,15,0,0,0,32,0,0,0,0,0,0,38,0,0,0,0,0,34,2,0,0
610345,609,599,36,213,361,35,396,0,396,3,0,0,0,0,16,0,0,5,0,32,0,1,0,37,0,0,0,0,13,1,1,2,131,0,0,0,0,0,0,57,1,1,21,0,0,72,0,0,2
610346,1200,1202,75,343,783,74,857,0,857,2,1,2,2,1,3,0,0,1,0,148,1,0,0,75,0,0,0,1,75,0,0,1,53,0,2,0,0,0,1,178,0,1,33,1,1,255,12,3,3
610347,324,329,25,127,175,22,197,0,197,3,0,0,0,0,1,1,0,0,0,29,0,0,0,29,0,0,0,0,22,0,0,1,28,0,4,0,0,0,2,41,0,0,3,1,0,26,1,0,5
610348,948,933,36,427,490,31,521,0,521,6,0,2,0,0,114,1,0,16,0,41,0,0,0,65,0,0,0,0,20,0,0,0,108,1,1,0,0,0,1,71,0,1,15,0,0,50,5,0,3
610349,831,832,29,226,577,28,605,0,605,3,1,0,0,0,1,0,0,2,0,121,0,0,1,88,0,0,0,0,69,0,0,0,26,0,1,0,0,0,1,124,0,0,29,0,0,125,6,3,4
610350,153,154,2,46,105,2,107,0,107,1,0,0,0,1,0,1,0,0,0,8,0,0,1,19,0,0,0,0,4,0,0,0,10,1,0,0,0,0,0,31,0,0,1,0,0,27,0,2,0
610351,297,291,15,90,192,15,207,0,207,1,0,0,0,0,0,0,0,0,1,19,0,0,0,28,0,1,0,1,16,0,0,1,24,0,0,0,0,0,0,66,0,0,18,0,1,27,1,0,2
610352,468,464,13,143,314,11,325,0,325,0,0,0,0,0,1,0,1,0,0,33,0,0,0,42,0,0,0,0,45,0,0,0,32,0,4,0,0,0,0,75,0,1,8,0,0,77,2,0,4
610353,516,534,44,143,330,43,373,0,373,6,0,1,0,0,4,0,0,0,1,36,0,0,0,45,0,0,0,0,30,0,1,0,60,0,0,0,0,0,2,109,0,0,5,0,0,70,0,0,3
610354,147,153,6,34,107,6,113,0,113,2,0,0,0,0,7,0,0,0,0,13,0,0,0,14,0,0,0,0,6,0,0,0,24,0,0,0,0,0,0,19,0,0,7,0,0,20,1,0,0
610355,369,365,35,91,243,35,278,0,278,1,0,1,0,1,9,0,0,8,0,21,0,0,0,32,0,0,0,0,14,0,2,1,75,0,0,0,0,0,0,46,0,0,7,0,0,59,0,1,0
610356,744,736,7,252,485,7,492,0,492,7,0,1,1,0,5,1,0,1,1,100,0,2,0,52,0,0,0,0,42,1,0,0,21,0,3,0,1,0,1,136,0,0,44,0,0,71,1,0,0
610357,2028,2024,29,741,1259,28,1287,0,1287,15,1,4,3,0,14,0,0,2,0,208,1,1,0,186,0,1,0,2,124,1,0,1,49,0,4,0,0,0,0,341,1,1,77,0,0,229,9,2,10
610358,1221,1216,34,415,773,33,806,0,806,6,1,0,4,0,6,0,0,2,0,143,0,4,0,123,0,0,1,0,100,3,0,0,44,0,1,0,2,0,3,174,0,0,40,0,0,139,2,2,6
610359,1965,1941,22,781,1163,21,1184,0,1184,12,3,6,3,0,8,0,0,5,0,193,0,2,0,168,0,0,0,1,156,3,0,0,48,1,5,0,0,0,0,274,0,1,83,0,1,192,10,3,6
610360,2262,2230,7,902,1355,5,1360,0,1360,16,0,6,3,2,14,1,0,3,1,220,0,2,0,177,0,1,0,0,145,5,1,1,59,1,6,0,1,0,1,307,0,1,109,0,2,254,10,2,8
610361,1629,1596,20,649,962,18,980,0,980,13,2,0,1,0,14,0,0,1,0,159,0,1,0,157,0,0,0,0,116,0,0,1,37,0,5,0,0,0,1,209,0,1,55,0,1,197,5,0,4
610362,471,470,23,64,384,23,407,0,407,2,1,0,1,0,5,0,0,0,0,92,0,0,0,23,0,0,0,0,34,0,0,0,58,0,0,0,0,0,0,79,0,0,17,0,0,90,3,0,2
610363,156,157,12,30,114,12,126,0,126,2,0,0,0,1,0,0,0,0,0,23,0,0,0,17,0,0,0,0,10,0,0,0,3,0,0,1,0,0,0,12,0,0,2,0,0,53,2,0,0
610364,177,176,5,43,129,5,134,0,134,0,0,2,0,0,1,0,0,0,0,24,0,0,0,17,0,0,0,0,12,0,0,0,13,0,0,0,0,0,0,19,0,0,8,0,1,33,3,0,1
610365,213,213,17,62,136,15,151,0,151,3,0,0,0,0,1,0,0,2,0,18,0,0,0,30,0,0,0,0,12,0,0,0,14,0,0,0,0,0,0,22,0,0,6,0,0,43,0,0,0
610366,567,568,40,124,404,39,443,0,443,3,0,2,0,0,1,0,0,0,0,81,0,0,0,65,0,0,0,0,29,0,0,1,80,0,4,0,0,0,1,96,0,0,9,0,0,62,6,1,2
610367,537,528,36,127,374,36,410,0,410,0,0,1,0,0,1,0,0,0,0,96,0,0,0,27,0,0,0,0,39,0,0,0,49,0,1,0,0,0,0,116,1,1,13,0,0,62,2,0,1
610368,456,452,41,143,272,41,313,0,313,4,0,0,1,0,6,0,0,3,0,62,0,0,0,32,1,0,0,0,16,0,0,0,65,0,1,0,0,0,0,30,0,0,17,0,0,72,2,0,1
610369,504,498,36,178,291,35,326,0,326,2,0,0,1,0,10,0,0,1,0,42,0,0,0,38,0,0,0,0,12,0,0,0,47,0,2,0,0,0,0,75,0,0,18,0,1,69,5,0,3
610370,306,304,13,105,191,10,201,0,201,2,0,1,0,0,2,0,0,0,0,33,0,0,0,13,0,0,1,0,22,0,0,0,43,1,1,0,0,0,1,22,0,0,2,0,1,55,1,0,0
610371,210,205,9,66,135,9,144,0,144,3,0,0,0,0,16,0,0,3,1,12,0,2,0,34,0,0,0,0,1,0,0,1,17,0,0,0,0,0,0,31,0,0,2,0,0,21,0,0,0
610372,245,245,15,67,163,15,178,0,178,1,1,0,2,0,20,0,0,5,0,14,0,0,0,28,0,3,0,0,17,0,0,0,19,0,0,0,0,0,0,37,0,0,3,0,0,26,1,0,1
610373,156,161,15,38,103,15,118,0,118,0,0,0,0,1,8,0,0,0,0,12,0,0,1,16,0,0,0,0,8,0,0,1,19,0,0,0,0,0,0,24,0,0,3,0,0,23,0,0,2
610374,300,298,13,71,216,13,229,0,229,1,1,0,0,0,1,0,0,0,1,44,0,0,0,17,0,0,0,0,36,0,0,0,11,0,0,0,0,0,0,22,0,0,12,0,0,80,2,1,0
610375,240,238,16,62,162,16,178,0,178,0,0,1,0,0,0,0,0,0,1,24,0,0,0,17,0,0,0,0,23,0,0,0,9,0,1,1,0,0,1,47,0,0,3,0,0,46,4,0,0
610376,429,424,40,104,287,38,325,0,325,2,0,1,0,0,1,0,0,0,0,36,0,0,0,30,0,0,0,0,38,0,0,1,41,0,4,0,0,0,1,86,0,0,3,0,0,73,7,0,1
610377,426,418,9,147,271,8,279,0,279,2,0,0,0,0,6,0,0,0,1,18,0,0,0,51,1,0,0,0,14,1,0,1,39,0,0,0,0,0,0,44,0,1,5,0,1,87,3,1,3
610378,519,522,28,170,324,25,349,0,349,2,0,0,1,0,7,1,0,2,0,17,0,0,0,95,0,0,0,0,10,0,0,0,60,0,3,0,0,0,1,45,0,0,13,0,0,87,2,2,1
610379,657,652,51,216,393,48,441,0,441,3,0,0,2,0,7,0,1,0,1,79,0,0,0,47,0,0,0,0,56,0,0,0,36,0,1,0,0,0,1,94,1,0,19,0,0,80,9,1,3
610380,129,131,11,35,83,11,94,0,94,2,0,0,0,0,1,0,0,0,0,8,0,0,0,18,0,0,0,0,10,0,0,0,5,0,0,0,0,0,0,9,0,0,3,1,0,30,5,1,1
610381,204,201,26,55,124,25,149,0,149,1,0,0,0,0,2,0,0,0,0,30,0,2,0,19,0,0,0,0,25,0,0,0,23,1,0,0,0,0,0,26,0,0,2,0,0,15,2,0,1
610382,1017,1018,67,307,644,66,710,0,710,7,3,2,5,3,1,0,0,1,0,143,0,1,0,62,0,0,0,1,75,0,0,1,60,0,2,0,0,1,1,156,0,0,34,0,1,143,4,1,2
610383,312,312,8,55,249,8,257,0,257,5,0,0,0,0,0,0,0,0,0,35,0,0,0,26,0,0,0,0,25,1,0,0,31,0,0,0,1,0,0,52,0,0,7,0,0,69,3,0,2
610384,462,459,37,112,314,36,350,0,350,2,0,0,1,0,2,0,0,0,0,47,0,0,0,25,0,0,0,0,20,0,0,0,53,0,1,0,0,0,1,36,0,0,16,0,1,129,13,0,3
610385,165,163,17,58,93,14,107,0,107,1,0,0,0,0,0,0,0,0,0,12,0,0,0,3,0,0,0,0,10,0,0,0,17,0,0,0,0,0,0,36,0,0,2,0,0,26,0,0,0
610386,393,391,26,140,228,25,253,0,253,6,0,0,0,0,1,0,0,0,0,50,0,0,0,21,0,0,0,0,15,1,0,0,53,0,0,0,0,0,0,61,0,0,7,0,1,36,1,0,0
610387,147,154,15,24,108,15,123,0,123,0,0,0,0,0,1,0,0,0,0,17,0,0,0,14,0,0,0,0,5,0,0,0,24,0,0,0,0,0,1,19,0,0,1,0,0,40,0,0,1
610388,657,646,46,195,418,44,462,0,462,7,0,0,0,0,5,0,0,0,0,84,0,0,0,79,0,0,0,1,16,1,0,0,71,0,4,0,0,0,2,99,0,0,11,0,0,72,8,0,2
610389,495,493,35,105,357,33,390,0,390,7,0,0,1,0,0,0,0,1,0,58,0,0,0,37,0,0,0,0,43,0,0,0,50,0,1,0,0,0,1,97,0,1,5,0,1,84,2,0,1
610390,207,207,29,54,124,29,153,0,153,3,0,0,0,0,0,0,0,0,0,21,0,0,0,11,0,0,0,0,16,1,0,1,16,1,3,0,0,0,0,50,0,0,5,0,0,23,1,0,1
610391,939,927,22,420,498,21,519,0,519,3,0,0,0,0,15,0,0,2,0,44,1,1,0,74,0,1,0,1,22,0,0,0,72,1,4,0,0,0,1,134,0,0,15,0,2,114,5,1,6
610392,531,532,38,116,377,38,415,0,415,2,0,0,0,0,16,0,0,2,1,35,0,0,0,43,0,0,1,0,13,0,0,0,59,1,0,0,0,0,0,150,0,0,13,0,0,67,10,0,2
610393,351,347,27,103,221,27,248,0,248,2,1,0,0,0,3,0,0,1,0,32,0,0,0,34,0,0,0,0,8,0,0,1,37,0,0,0,0,0,0,60,0,0,5,0,1,57,0,1,5
610394,216,215,15,54,147,15,162,0,162,1,0,0,0,0,3,0,0,0,0,28,0,0,0,30,0,0,0,0,8,0,0,0,16,0,1,0,0,0,1,35,0,0,8,0,1,30,0,0,0
610395,552,559,34,142,376,34,410,0,410,3,0,2,1,0,1,0,0,0,0,97,0,0,0,31,0,0,0,0,43,0,0,2,26,0,0,0,1,0,0,65,0,0,31,0,0,92,8,3,4
610396,714,674,37,152,525,37,562,0,562,5,0,0,0,0,2,0,0,0,0,130,0,0,0,34,0,0,0,1,40,0,0,0,88,1,2,0,0,0,0,171,0,0,14,0,0,73,0,0,1
610397,327,322,5,85,239,3,242,0,242,5,0,0,0,0,0,0,0,0,0,55,0,0,0,20,0,0,0,0,36,0,0,0,27,0,1,0,0,0,0,45,0,0,17,0,0,35,1,0,0
610398,1086,1076,86,277,726,83,809,0,809,9,1,0,1,0,1,0,0,0,0,146,0,3,0,135,1,1,0,0,48,0,0,0,58,0,6,0,0,0,1,182,0,0,47,0,0,154,12,0,3
610399,360,366,29,114,220,26,246,0,246,3,0,1,0,1,1,0,0,0,0,56,0,1,0,47,0,0,0,0,10,0,0,2,27,0,0,0,0,0,0,45,0,0,3,0,0,42,4,1,2
610400,90,86,5,27,58,5,63,0,63,0,0,0,0,0,0,0,0,0,0,10,0,0,0,6,0,0,0,0,3,0,0,0,6,0,0,0,0,0,0,12,0,0,0,0,0,24,2,0,0
610401,477,481,34,143,304,30,334,0,334,2,0,1,0,0,3,0,0,1,0,32,0,0,0,39,0,0,0,0,17,0,0,0,74,1,1,0,0,0,1,67,0,0,6,0,0,81,7,0,1
610402,279,274,31,73,175,31,206,0,206,4,0,0,0,0,1,0,0,0,0,18,0,0,0,14,0,0,1,1,22,0,0,0,30,0,0,0,0,0,0,65,0,0,2,0,0,44,3,0,1
610403,309,223,0,86,223,0,223,0,223,6,1,0,1,1,2,0,0,1,0,3,0,1,0,55,0,0,0,1,0,0,0,0,15,0,0,0,0,0,0,39,1,0,1,1,0,79,15,0,0
610544,1977,1967,11,799,1170,8,1178,0,1176,16,1,1,2,3,62,0,0,4,0,171,0,3,0,240,0,1,0,0,62,0,1,0,91,0,6,0,0,1,1,263,0,1,106,0,0,126,5,1,8
610545,192,189,8,69,115,8,123,0,123,1,0,0,0,0,12,0,0,0,0,8,0,0,0,20,0,0,0,0,11,0,0,0,11,0,0,0,0,0,1,27,0,0,5,0,0,24,2,0,1
610546,264,258,15,89,160,15,175,0,175,4,0,0,1,0,12,0,0,1,0,21,0,0,0,22,0,1,0,0,15,0,0,0,24,1,0,0,0,0,0,37,0,0,1,0,0,30,1,1,3
610547,102,104,7,36,59,7,66,0,66,0,0,0,0,0,6,0,0,0,0,9,0,0,0,6,0,0,0,0,3,0,0,0,7,0,0,0,0,0,0,18,0,0,6,0,0,9,1,0,1
610548,774,770,28,274,472,28,500,0,500,10,3,0,0,0,47,0,0,16,1,27,0,0,0,88,0,0,1,1,16,0,0,1,58,0,2,0,0,0,0,60,0,0,10,0,1,148,3,1,6
610549,144,143,2,41,101,2,103,0,103,1,1,0,1,0,3,0,0,0,0,5,0,0,0,13,1,0,0,0,6,0,0,1,16,0,0,0,0,0,0,17,0,0,3,0,0,32,3,0,0
610550,606,602,11,264,331,11,342,0,342,7,0,0,0,0,15,2,0,0,1,49,0,0,0,60,0,0,0,0,8,0,0,0,69,1,0,0,0,1,1,44,0,0,19,0,0,59,1,2,3
610551,1104,1087,52,420,646,38,684,0,684,10,0,3,2,0,28,1,0,2,1,71,0,0,0,139,0,1,0,0,17,1,0,1,73,0,4,0,0,0,0,144,1,0,34,1,0,135,7,1,7
610552,597,592,7,221,369,7,376,0,376,5,0,1,0,0,16,0,0,3,0,46,0,2,0,86,0,0,0,0,5,0,0,1,18,0,0,0,0,1,1,77,0,0,48,0,0,61,0,0,5
610554,984,968,12,342,630,12,642,0,642,3,0,0,6,0,25,0,1,27,0,97,1,0,0,130,0,1,0,0,28,0,0,1,45,1,4,0,0,0,1,169,0,0,33,0,1,59,2,0,7
610555,816,807,5,260,552,4,556,0,556,11,4,0,3,0,18,0,0,9,0,64,0,1,0,109,2,0,0,0,29,0,0,1,44,0,2,0,2,0,0,114,0,0,40,0,0,96,4,1,2
610556,285,284,11,94,183,8,191,0,191,3,1,0,0,0,19,0,0,1,0,13,0,0,0,22,0,0,0,0,1,0,1,0,40,0,0,0,0,0,0,27,1,0,4,0,1,57,0,0,0
610557,393,392,12,123,258,12,270,0,270,5,0,4,0,0,36,0,1,10,0,29,0,1,0,36,0,0,0,0,8,0,0,0,31,0,1,0,0,0,0,47,0,0,11,0,0,46,0,0,4
610558,135,132,2,46,87,2,89,0,89,0,0,0,0,0,5,0,0,2,0,11,0,0,0,12,1,0,0,0,2,0,0,1,8,0,2,0,1,0,0,8,0,0,8,0,0,26,2,0,0
610559,615,607,6,236,373,6,379,0,379,5,0,0,0,0,25,0,0,2,0,31,0,1,0,69,2,0,0,0,21,0,0,0,68,0,3,0,0,0,0,72,0,0,23,0,0,48,2,0,7
610560,1002,994,33,421,550,31,581,0,581,12,0,1,2,0,27,0,0,4,0,70,0,0,0,93,0,1,1,0,57,0,0,1,72,0,1,0,0,0,0,131,1,1,28,0,0,69,4,1,4
610561,540,526,30,191,320,29,349,0,349,5,1,0,1,0,19,0,0,5,0,56,0,1,0,58,0,0,0,0,12,0,0,1,54,1,0,0,0,0,0,54,0,0,5,0,0,67,2,2,5
610562,93,90,6,47,40,6,46,0,46,0,0,0,0,0,0,0,0,0,0,1,0,0,0,8,0,0,0,0,2,0,0,0,11,0,1,0,0,0,0,8,0,0,0,0,0,14,0,0,1
610563,381,369,21,139,221,21,242,0,242,3,0,0,0,0,34,0,0,2,1,14,0,0,0,28,0,0,0,0,26,0,0,0,25,0,0,0,0,0,1,72,0,0,5,0,0,28,3,0,0
610564,288,287,4,78,206,4,210,0,210,0,0,0,0,0,18,0,0,0,0,15,0,0,0,25,0,0,1,0,8,0,0,0,35,0,0,0,0,0,1,35,1,0,2,0,0,69,0,0,0
610565,309,304,13,79,217,13,230,0,230,9,0,0,0,0,0,0,0,0,0,12,0,0,0,35,1,0,1,1,86,0,0,0,11,0,1,0,0,0,0,43,0,0,1,0,1,27,0,0,1
610566,297,295,11,95,191,11,202,0,202,3,0,0,0,0,23,0,0,0,0,9,0,0,0,31,0,0,0,0,15,0,0,0,20,0,0,0,0,0,0,51,0,0,2,0,0,46,0,0,2
610567,774,765,22,217,538,19,557,0,557,17,0,0,1,0,45,0,0,1,0,51,1,1,0,93,0,0,0,1,27,0,0,1,79,0,8,0,0,0,0,79,0,0,14,0,3,133,0,1,1
610568,285,281,42,84,161,40,201,0,201,5,0,0,1,0,4,0,0,0,0,9,0,0,0,18,1,0,0,0,15,0,0,0,23,0,3,0,0,0,0,77,0,0,9,0,0,34,2,0,0
610569,252,251,20,76,156,20,176,0,176,5,0,0,0,1,4,0,0,0,0,12,0,1,0,17,0,0,0,0,8,0,0,1,40,2,1,0,0,0,0,31,0,0,3,0,0,44,4,0,2
610570,75,73,3,26,46,3,49,0,49,0,0,0,0,0,3,0,0,0,0,3,0,0,0,8,0,0,0,0,0,0,0,0,7,0,0,0,0,0,0,13,0,0,2,0,0,13,0,0,0
610571,261,258,17,101,144,16,160,0,160,2,0,0,0,0,9,0,0,1,0,19,0,0,0,36,0,0,0,0,9,0,0,0,8,0,0,0,0,0,0,38,0,0,7,0,0,29,2,0,0
610572,108,106,3,29,76,3,79,0,79,1,0,0,0,0,9,0,0,0,0,1,0,0,0,13,1,0,0,0,4,0,0,1,3,0,0,0,0,0,0,9,0,0,2,0,0,35,0,0,0
610573,429,421,19,122,288,19,307,0,307,3,0,0,1,0,15,1,0,1,0,29,0,0,1,61,0,1,0,1,14,0,0,2,38,0,1,0,0,0,0,62,0,0,0,0,1,69,2,1,3
610574,897,884,11,380,506,11,517,0,517,8,0,0,2,1,34,0,0,1,0,55,0,0,0,116,0,2,1,0,20,0,0,0,60,1,2,0,0,0,3,87,0,0,36,0,0,79,4,2,3
610575,1983,1971,12,850,1121,12,1133,0,1133,18,2,2,4,1,52,0,0,15,0,129,1,3,0,231,0,1,0,0,62,0,0,1,68,0,7,1,0,0,0,250,0,0,91,0,0,169,8,4,13
610576,1680,1658,18,722,940,18,958,0,958,15,0,0,2,1,53,0,0,20,0,145,1,0,0,187,2,3,0,0,53,0,0,1,58,1,3,0,0,0,1,188,1,3,59,1,0,147,5,2,6
610577,1518,1505,11,673,834,11,845,0,845,6,0,0,2,1,51,0,0,5,0,92,0,5,0,197,0,1,1,0,44,0,0,1,34,0,4,0,0,0,0,173,0,1,80,1,0,134,5,0,7
610578,1293,1298,30,561,704,28,732,0,732,15,1,1,2,0,55,0,0,38,0,57,1,2,1,142,2,0,0,0,29,0,0,0,48,0,7,0,0,0,1,163,0,1,51,0,1,103,4,1,6
610579,921,900,12,402,507,12,519,0,519,11,0,2,1,0,31,0,0,4,1,82,0,3,0,111,0,0,0,0,17,0,0,1,28,0,3,0,1,0,0,98,0,0,43,0,0,75,2,2,3
610580,915,907,4,378,534,3,537,0,537,5,1,0,1,1,41,0,0,5,0,77,0,4,0,112,0,0,0,2,23,0,0,0,23,0,2,0,0,0,0,151,0,2,27,0,0,53,0,1,6
610581,1443,1433,23,624,801,18,819,0,819,17,0,1,3,0,33,0,1,15,0,108,0,1,0,154,1,0,0,0,38,1,0,0,32,1,3,0,1,0,1,209,0,0,52,0,0,138,0,1,8
610582,1158,1143,10,463,685,10,695,0,695,11,3,3,1,0,25,0,0,5,0,87,1,4,0,146,1,3,0,0,36,1,1,2,49,0,6,0,0,1,1,114,0,0,58,0,0,125,1,2,8
610583,1845,1828,7,817,1021,7,1028,0,1028,20,2,2,1,1,43,1,0,9,1,129,1,2,0,279,0,1,0,0,36,0,0,0,61,1,5,0,0,0,2,201,0,2,73,0,0,141,2,2,10
610584,1701,1668,35,725,946,30,976,0,976,16,3,3,3,1,49,2,0,15,0,113,0,3,0,207,1,1,0,0,37,0,0,1,42,0,10,0,0,0,0,205,0,3,99,0,0,149,6,0,7
610585,576,571,46,198,339,39,378,0,378,3,0,1,1,1,23,0,0,10,0,35,0,0,0,69,0,0,1,0,10,0,1,0,68,1,13,0,0,0,1,68,0,0,3,0,0,63,3,0,3
610586,825,817,14,226,586,13,599,0,599,9,0,0,0,0,41,0,0,3,0,11,0,0,1,78,0,0,1,0,9,0,0,1,121,0,2,0,0,0,0,128,1,0,12,0,0,171,7,0,3
610587,786,778,3,242,541,3,544,0,544,7,0,1,0,0,48,0,0,0,0,22,0,0,0,79,0,2,0,1,10,0,1,0,124,0,0,0,0,0,0,62,1,0,9,0,0,153,14,1,9
610591,1079,1071,47,339,697,43,740,0,740,12,0,0,2,2,118,1,1,9,0,43,0,0,0,97,1,0,0,0,14,0,0,0,95,0,1,0,0,0,3,143,2,0,15,0,2,172,4,0,3
610592,126,126,7,43,76,7,83,0,83,2,0,0,0,0,4,0,0,0,0,6,0,0,0,5,0,0,0,0,1,0,0,0,17,0,0,0,0,0,0,3,0,0,4,0,0,41,0,0,0
610596,540,531,35,190,317,33,350,0,350,5,0,1,0,0,32,0,0,0,0,28,0,0,0,69,1,1,1,0,9,0,0,1,50,0,1,0,0,0,1,57,2,0,16,0,0,74,1,0,0
610597,408,406,25,178,208,22,230,0,230,3,0,0,0,1,20,1,0,1,0,15,0,0,0,45,0,0,0,0,10,0,0,1,54,0,0,1,0,0,0,36,0,0,13,0,0,23,4,1,1
610598,291,293,5,93,193,5,198,0,198,0,0,1,1,0,21,0,0,1,0,8,0,0,1,23,0,0,0,0,5,0,0,0,49,0,1,0,0,0,0,42,0,2,1,0,0,40,1,0,1
610599,267,259,8,93,166,8,174,0,174,0,0,0,1,0,9,0,0,3,0,7,0,0,0,31,0,1,0,0,3,0,0,2,40,0,0,1,0,0,0,29,0,0,5,0,0,39,2,0,1
610600,2010,1988,15,863,1134,13,1147,0,1147,19,2,0,1,0,171,0,0,56,1,114,0,0,0,225,0,0,0,1,23,0,0,1,77,1,9,1,1,0,1,195,0,3,64,0,0,165,6,2,8
610601,2028,2008,34,963,1038,27,1065,0,1065,18,3,3,5,4,168,3,1,132,0,79,1,1,0,225,0,0,2,0,23,0,1,0,75,0,5,0,0,0,1,158,0,0,37,0,0,112,3,1,4
610602,1176,1161,24,562,596,18,614,0,614,13,0,1,1,2,79,0,1,34,0,41,0,0,1,138,1,0,0,0,20,0,0,1,43,0,3,0,0,0,0,124,0,0,38,0,0,67,0,0,6
610603,1242,1222,140,550,578,114,692,0,692,22,2,2,1,0,82,0,1,36,0,51,1,0,0,142,1,0,0,2,27,0,1,0,58,1,2,1,0,1,3,125,1,1,40,0,0,77,4,0,7
610604,369,358,0,167,202,0,202,0,202,5,3,0,0,0,30,0,0,12,0,19,0,0,0,45,0,0,0,1,8,0,0,0,17,0,4,0,0,0,0,26,0,0,9,0,1,22,0,0,0
610607,1230,1213,86,511,640,79,719,0,719,9,0,3,1,1,49,0,0,3,0,54,0,0,0,160,0,0,0,0,36,1,0,3,103,0,6,0,0,1,2,155,0,0,37,0,0,84,1,3,7
610609,1140,1157,35,461,644,35,679,0,679,8,0,2,2,0,55,0,0,4,0,51,0,0,0,150,0,0,0,0,35,0,2,0,93,0,3,0,0,0,2,87,0,0,19,0,0,160,2,1,3
610610,951,941,58,458,456,37,493,0,493,11,1,0,1,0,54,0,0,16,0,47,0,1,1,96,1,1,0,0,13,0,1,1,81,0,2,1,1,0,2,69,0,0,9,0,0,72,7,1,3
610613,282,278,14,111,157,14,171,0,171,1,0,0,1,1,7,0,0,2,0,16,0,0,0,20,1,0,1,0,4,0,0,1,37,0,0,0,0,0,0,37,0,0,10,0,0,27,4,0,1
610614,444,435,11,165,268,11,279,0,279,5,1,3,2,1,11,0,0,0,0,24,0,0,0,42,0,1,0,0,6,0,0,1,52,1,1,0,0,1,0,42,0,0,21,0,0,58,4,1,1
610615,315,313,20,89,209,17,226,0,226,2,0,0,0,0,12,0,0,0,0,32,0,0,0,29,1,0,0,1,18,0,0,0,41,0,0,0,0,0,0,35,0,0,5,0,2,46,2,0,0
610616,141,12,6,135,0,6,6,0,6,0,0,0,0,0,0,0,0,0,0,0,0,0,0,0,0,0,0,0,0,0,0,0,2,0,0,0,0,0,0,1,0,0,0,0,0,3,0,0,0
610617,303,301,28,96,179,28,207,0,207,1,0,0,0,0,1,0,0,1,0,24,0,0,0,26,0,0,0,0,13,0,0,0,25,0,1,0,0,0,0,47,0,0,2,0,1,64,1,0,0
610618,168,167,6,52,110,6,116,0,116,1,0,0,0,0,4,0,0,0,0,14,0,0,0,13,0,0,0,0,6,0,0,2,22,0,0,0,0,0,0,19,1,0,1,0,0,30,0,0,3
610619,669,669,42,184,444,41,485,0,485,3,0,3,3,0,11,0,0,2,0,48,0,0,0,70,0,1,0,0,14,0,0,1,110,0,3,0,0,0,1,87,0,3,22,0,0,92,5,2,4
610620,147,145,12,41,94,12,106,0,106,0,0,0,0,1,3,0,0,1,0,7,0,0,0,6,0,0,0,0,6,0,2,2,19,0,1,0,0,0,0,17,0,0,3,0,0,36,2,0,0
610621,654,655,49,162,443,49,492,0,492,8,0,0,0,1,14,0,0,4,0,75,0,1,0,73,1,1,1,0,17,0,0,0,59,0,0,0,0,0,1,137,1,0,9,0,0,80,5,0,4
610622,846,834,25,325,500,21,521,0,521,7,3,0,2,0,13,0,0,5,0,58,1,0,0,97,0,0,0,1,24,0,1,2,69,0,7,0,0,0,0,113,2,1,23,0,1,80,5,0,6
610623,231,232,21,50,162,19,181,0,181,0,0,0,0,0,5,0,0,0,0,49,0,0,0,21,0,0,0,0,2,0,0,2,40,0,1,0,0,0,0,20,0,0,4,0,0,35,2,0,0
610624,777,776,27,226,525,26,551,0,551,7,0,1,0,0,8,0,0,1,0,66,1,0,0,98,0,0,0,1,33,0,0,0,95,0,1,0,0,1,0,157,0,0,13,0,0,63,2,0,3
610625,618,615,56,171,393,54,447,0,447,6,2,0,3,2,5,0,0,0,0,72,0,0,0,68,0,1,0,1,24,0,0,1,89,0,3,0,0,0,1,56,0,2,21,0,0,82,7,1,0
610626,447,439,45,124,280,43,323,0,323,0,0,3,1,0,3,0,0,1,0,57,0,0,0,44,0,0,0,0,28,0,0,0,58,0,1,1,0,0,1,45,0,0,9,0,2,65,1,0,3
610627,483,481,24,130,329,24,353,0,353,5,0,0,2,1,4,0,0,4,0,50,0,0,0,39,0,0,0,0,12,0,0,1,50,0,1,0,0,0,0,74,1,0,11,0,0,94,3,0,1
610628,561,550,51,223,292,46,338,0,338,2,1,0,0,0,5,0,1,3,0,61,0,0,0,30,0,2,0,1,5,0,0,1,37,0,0,0,0,0,1,78,0,0,11,0,0,89,4,0,6
610629,453,445,41,157,256,40,296,0,296,4,0,0,0,0,4,0,0,0,0,42,0,0,0,37,1,1,0,0,15,0,0,0,40,0,0,0,0,0,1,88,0,0,5,0,1,49,2,2,4
610630,84,85,5,35,44,5,49,0,49,1,0,0,0,0,2,0,0,1,0,7,0,0,0,1,0,0,0,0,1,0,0,0,3,0,0,0,0,0,0,14,0,0,0,0,0,19,0,0,0
610631,573,571,32,185,356,32,388,0,388,5,1,1,0,0,7,0,0,0,0,45,0,1,0,82,0,0,0,0,18,0,0,1,66,1,0,0,0,0,1,61,0,0,7,0,0,85,6,0,0
610632,213,218,16,60,138,15,153,0,153,1,0,0,0,0,5,0,0,0,0,21,0,0,0,22,0,0,1,0,5,0,0,1,15,0,0,0,0,0,0,24,0,0,1,0,0,51,4,0,2
610633,387,388,15,131,242,14,256,0,256,4,0,0,1,0,3,0,0,2,0,28,0,0,0,36,0,0,0,0,13,0,0,0,51,0,0,0,0,0,2,43,0,0,7,1,0,64,0,0,1
610634,642,636,29,257,356,29,385,0,385,3,0,0,0,1,4,0,0,0,1,28,1,0,1,78,0,0,0,0,18,1,0,0,74,0,3,0,1,0,0,92,0,1,18,0,0,53,5,0,2
610635,318,317,31,124,166,28,194,0,194,5,0,1,1,0,4,0,0,1,1,15,0,0,0,33,0,0,0,0,2,0,0,0,38,0,1,0,0,0,1,54,0,0,6,0,0,30,1,0,0
610636,291,293,32,90,169,32,201,0,201,3,0,1,0,0,4,0,0,0,0,30,0,0,0,16,0,0,0,0,16,0,0,0,49,0,11,0,0,0,1,30,0,0,2,0,0,38,0,0,0
610637,408,413,33,112,264,32,296,0,296,1,1,2,0,0,14,0,0,1,0,53,0,0,0,26,0,0,0,0,23,0,0,2,58,0,2,0,0,0,1,54,0,1,5,1,1,47,1,1,1
610638,174,180,15,40,120,14,134,0,134,0,0,0,1,0,7,0,0,0,0,9,0,0,0,9,0,0,0,0,3,0,0,0,19,0,0,0,0,0,0,58,0,0,9,0,0,15,0,0,4
610639,249,250,15,66,168,15,183,0,183,3,0,0,0,0,2,0,0,0,0,22,0,0,0,17,0,0,0,0,5,0,0,1,29,0,2,0,0,0,0,48,0,0,10,0,0,41,2,1,0
610640,414,412,25,130,261,23,284,0,284,7,0,1,1,1,8,1,0,0,0,32,0,0,0,41,0,0,0,1,17,0,0,0,32,0,0,0,0,0,0,62,0,0,19,0,0,56,1,1,3
610641,1695,1695,16,613,1068,14,1082,0,1082,10,0,0,5,1,15,1,1,6,0,194,1,0,1,196,0,1,0,0,58,0,0,0,108,0,3,0,0,0,2,238,1,0,70,0,1,156,4,0,9
610642,1464,1438,11,590,866,8,874,0,874,10,0,1,0,1,31,0,0,9,0,185,1,0,0,142,1,1,0,1,39,1,0,0,61,1,8,0,2,0,0,150,0,0,77,0,1,142,2,0,7
610643,891,880,15,377,499,15,514,0,514,3,1,0,2,0,15,0,0,2,0,95,0,0,0,116,0,2,0,0,29,2,0,0,48,0,1,0,0,0,0,81,1,0,23,1,0,85,4,0,3
610644,612,626,35,250,331,31,362,0,362,4,0,0,3,1,4,0,0,5,0,53,1,0,0,61,0,0,0,0,19,0,0,1,37,0,3,0,0,0,1,70,0,0,12,0,1,80,3,1,2
610645,1572,1552,16,638,922,12,934,0,934,13,0,1,1,0,23,0,1,15,0,144,0,1,0,178,0,1,0,0,47,1,0,0,71,0,6,0,0,0,0,187,0,0,70,1,1,158,7,1,6
610646,123,128,3,35,85,3,88,0,88,2,1,0,0,0,2,0,0,0,0,5,0,0,0,13,0,0,0,0,3,0,0,0,11,0,0,0,0,0,0,15,1,0,2,0,0,29,2,0,2
610647,153,151,8,52,94,7,101,0,101,1,0,0,0,0,3,0,1,2,0,6,0,0,0,8,0,0,0,0,2,0,0,0,22,0,0,0,0,0,2,7,0,0,2,0,0,42,3,0,0
610648,291,295,11,95,186,10,196,0,196,3,0,0,0,0,9,0,0,0,0,20,0,0,0,44,0,0,0,0,9,0,0,1,33,0,1,0,0,0,0,34,0,0,3,0,0,35,4,0,0
610649,471,467,45,143,283,45,328,0,328,3,0,0,0,0,11,0,0,1,0,33,0,0,0,33,0,0,0,0,29,0,0,0,58,1,0,0,0,0,0,70,0,0,8,0,0,74,6,0,1
610650,99,101,10,22,67,10,77,0,77,0,0,0,0,0,2,0,0,0,0,8,0,0,0,3,0,0,0,0,1,0,0,0,20,0,0,0,0,0,0,11,0,0,0,1,0,29,2,0,0
610651,252,249,37,91,126,35,161,0,161,3,0,0,0,0,4,0,0,0,0,14,0,0,0,15,0,0,0,1,1,0,0,0,13,0,2,0,0,0,0,25,0,0,10,0,0,70,2,0,1
610652,405,408,16,115,274,16,290,0,290,7,0,0,0,0,7,0,0,3,0,32,0,0,1,56,0,0,0,0,14,0,0,1,72,0,3,0,0,0,0,36,0,0,6,0,0,46,3,0,3
610653,156,157,6,34,116,6,122,0,122,1,0,0,0,0,1,0,0,0,1,22,0,0,0,8,0,0,0,0,8,0,0,1,25,0,4,0,0,0,1,17,0,0,0,0,0,32,1,0,0
610654,390,392,21,124,245,21,266,0,266,2,0,0,0,0,4,0,0,1,0,50,0,0,0,36,0,0,0,0,12,0,0,0,44,0,2,0,0,1,0,69,0,0,6,0,0,33,2,2,2
610655,186,184,14,55,117,14,131,0,131,1,0,0,0,0,5,0,0,0,0,22,0,0,0,17,0,0,0,1,3,0,0,1,26,0,0,0,0,0,0,13,0,0,10,0,0,32,0,0,0
610656,480,480,27,146,308,26,334,0,334,3,0,1,0,1,8,0,0,0,0,49,0,0,0,55,0,1,0,0,24,0,0,0,33,0,0,0,0,0,0,87,0,0,7,0,0,63,1,0,1
610657,234,232,31,64,140,30,170,0,170,0,0,0,1,0,3,0,0,1,0,22,0,0,0,17,0,0,0,0,13,0,0,0,8,0,0,0,0,0,0,16,0,0,3,0,0,80,5,0,1
610658,108,106,4,23,83,2,85,0,85,1,0,0,0,0,2,0,0,0,0,9,0,0,0,13,1,0,0,0,4,0,1,0,9,0,0,0,0,0,0,9,0,0,0,0,0,30,2,1,3
610659,588,576,44,132,412,44,456,0,456,2,0,0,2,0,10,0,1,3,0,41,0,0,0,75,0,0,0,0,21,0,0,1,98,0,1,0,0,0,0,101,0,0,10,0,0,80,1,0,9
610660,276,274,19,61,197,18,215,0,215,4,0,0,1,0,16,0,0,9,0,24,0,0,1,37,0,0,0,0,12,0,0,1,22,0,1,0,0,0,0,37,0,0,4,0,0,43,3,0,0
610661,369,371,35,128,207,34,241,0,241,1,0,1,0,0,3,0,0,1,0,23,0,0,0,20,0,0,0,0,16,0,0,0,27,0,1,0,0,0,0,85,0,0,11,0,0,50,2,0,0
610662,648,644,19,180,449,19,468,0,468,9,0,3,2,2,10,0,0,1,0,40,1,0,0,49,0,0,0,0,23,0,0,0,90,1,1,0,0,0,1,75,0,0,9,0,0,138,12,0,1
610663,326,323,26,118,182,26,208,0,208,4,0,0,1,0,5,0,0,0,0,30,0,0,0,28,0,0,0,0,13,0,1,2,21,0,1,0,0,0,0,46,0,1,1,0,0,48,3,0,3
610664,324,315,26,115,184,25,209,0,209,8,0,1,0,0,6,0,0,1,0,24,0,0,0,27,1,1,0,0,10,0,0,0,38,0,0,0,0,0,0,39,0,0,9,0,0,39,3,0,2
610717,777,762,93,243,454,80,534,0,534,0,0,0,1,0,4,0,0,1,0,100,0,1,0,74,0,0,0,0,29,0,0,0,46,1,0,0,0,0,1,93,1,0,13,0,0,159,6,1,3
610718,174,176,15,58,104,12,116,0,116,2,0,0,0,0,0,0,0,0,0,9,0,0,0,11,0,0,0,0,3,0,0,0,25,0,0,0,0,0,0,29,0,0,4,0,0,31,2,0,0
610719,348,348,30,97,222,29,251,0,251,2,1,0,0,0,1,0,0,0,0,40,0,0,0,19,0,0,0,0,8,0,0,0,32,0,0,0,0,0,1,58,0,0,17,0,2,65,5,0,0
610720,84,87,10,10,64,10,74,0,74,0,0,0,0,0,0,0,0,0,0,4,0,0,0,6,0,0,0,0,3,0,0,0,2,0,0,0,0,0,0,14,0,0,0,0,0,44,1,0,0
610721,60,60,9,6,45,9,54,0,54,0,0,0,0,0,0,0,0,0,0,4,0,0,0,6,0,0,0,0,0,0,0,0,1,0,0,0,0,0,0,7,0,0,1,0,0,35,0,0,0
610722,468,487,58,115,299,54,353,0,353,5,0,0,1,0,2,0,0,0,0,42,0,0,0,56,0,1,0,0,12,1,0,1,46,0,1,0,0,0,1,92,0,0,7,0,0,76,3,1,5
610723,435,429,50,157,231,47,278,0,278,1,0,1,0,0,7,0,0,0,0,21,0,0,0,9,0,0,0,0,11,0,0,0,38,0,0,0,0,0,1,63,0,0,4,0,0,117,4,0,1
610724,741,743,34,125,582,34,616,0,616,6,1,0,1,0,2,0,1,1,1,132,0,0,0,110,0,0,0,0,31,0,0,1,56,0,0,0,0,0,1,137,1,0,16,1,0,108,5,0,4
610725,348,344,17,108,225,15,240,0,240,0,0,0,3,1,0,0,0,1,0,28,0,1,1,40,0,0,0,1,13,0,0,0,43,1,1,0,0,0,0,49,0,1,6,0,0,48,1,0,1
610726,471,459,30,178,266,27,293,0,293,1,1,0,0,1,3,0,0,0,0,42,0,0,0,38,1,0,0,1,24,2,0,0,34,0,1,0,0,0,0,48,0,1,4,0,0,84,5,0,2
610727,345,341,39,83,225,37,262,0,262,1,0,0,2,0,1,1,0,0,0,31,0,0,1,47,0,0,1,1,8,0,3,1,38,0,0,0,0,0,0,37,0,0,15,0,0,70,3,0,1
610728,735,730,51,219,468,48,516,0,516,11,0,1,0,1,4,0,0,0,0,75,0,0,0,51,0,0,0,0,28,0,0,0,44,0,3,0,0,0,0,84,0,0,13,0,0,197,0,0,4
610729,1044,1033,66,271,711,62,773,0,773,9,0,2,0,0,7,0,0,1,0,78,1,0,0,145,0,1,0,1,27,0,0,1,79,0,7,0,0,0,0,153,0,0,49,0,0,200,9,1,2
610730,282,282,11,62,211,9,220,0,220,1,0,0,1,0,0,0,0,0,0,40,0,1,0,35,0,0,0,0,3,0,0,0,29,0,1,0,0,0,0,21,0,0,1,0,0,81,5,1,0
610731,831,824,31,293,509,29,538,0,538,3,0,0,0,1,10,0,0,1,1,57,0,1,0,82,0,0,0,0,18,0,1,1,86,0,2,0,0,1,1,106,0,0,14,0,0,134,12,1,5
610732,309,302,24,88,198,23,221,0,221,3,0,1,0,0,2,0,0,0,0,15,0,3,0,19,0,0,0,1,20,0,0,1,17,0,0,0,0,0,1,44,0,0,6,0,0,79,4,0,5
610733,111,111,8,46,60,5,65,0,65,0,0,0,0,0,0,0,0,0,0,5,0,0,0,4,0,0,0,0,4,0,0,0,11,0,0,0,0,0,1,20,1,0,2,0,0,14,2,0,1
610734,777,774,54,286,437,54,491,0,491,1,0,2,1,0,5,0,0,1,0,114,0,1,0,59,0,0,1,0,29,0,0,2,45,1,2,0,0,0,0,66,0,1,22,0,0,124,10,1,3
610735,291,282,17,90,184,17,201,0,201,2,0,0,0,0,0,0,0,0,0,43,0,0,0,30,1,0,0,0,12,0,0,0,20,0,1,0,0,0,0,23,0,0,2,0,1,63,2,0,1
610736,543,539,60,153,330,60,390,0,390,1,0,2,1,0,2,0,1,0,0,72,0,0,0,34,0,0,0,1,16,0,1,0,62,0,5,0,0,1,2,127,0,0,22,0,0,30,1,0,9
610737,231,231,16,57,158,16,174,0,174,1,0,0,1,0,0,0,0,0,0,35,0,0,0,16,0,1,0,0,9,0,0,0,29,0,1,0,0,0,1,30,0,0,3,0,0,45,1,1,0
610738,558,550,12,192,356,10,366,0,366,2,0,1,0,0,2,0,0,0,0,58,0,0,0,50,0,0,1,0,17,0,0,2,52,0,1,0,0,0,0,51,1,0,14,0,1,108,3,1,1
610739,285,286,17,81,187,17,204,0,204,1,0,0,0,0,1,0,0,1,0,35,0,0,0,19,0,0,0,0,8,0,0,0,25,0,2,0,0,0,1,65,0,0,4,0,0,35,5,0,2
610740,312,311,16,76,220,16,236,0,236,2,0,0,0,0,0,0,0,0,0,31,0,0,0,31,0,0,0,0,5,0,0,1,36,0,2,0,0,0,0,45,0,0,7,0,0,71,3,0,2
610741,471,465,16,163,294,14,308,0,308,3,0,0,0,0,3,0,0,0,1,81,0,0,0,32,1,0,0,0,50,0,0,0,22,1,0,0,0,0,0,46,0,0,7,0,0,56,4,0,1
610742,288,282,20,95,174,19,193,0,193,2,0,0,1,0,0,0,0,1,0,45,0,0,0,14,0,0,0,0,10,0,0,0,16,0,3,0,0,0,0,41,1,0,4,0,0,47,8,0,0
610743,324,322,17,116,195,13,208,0,208,4,0,0,0,0,0,0,0,0,0,22,0,0,0,25,0,0,0,0,7,0,0,0,25,0,1,0,0,0,0,46,0,0,7,0,1,64,3,1,2
610744,1092,1074,45,341,706,45,751,0,751,12,1,0,1,0,4,0,0,1,1,187,0,0,0,96,0,0,0,1,57,0,1,0,80,0,3,0,0,0,0,148,0,0,37,0,0,112,4,0,5
610745,294,294,10,92,193,9,202,0,202,2,0,1,0,0,2,0,0,1,0,34,0,1,0,15,1,0,0,0,10,0,0,0,18,0,8,0,0,0,1,45,0,0,1,0,0,57,2,2,1
610746,390,391,16,109,265,16,281,0,281,4,0,1,0,0,3,0,0,0,0,38,0,0,0,33,0,0,0,0,20,0,0,0,46,0,3,0,0,0,0,37,0,0,16,0,0,77,3,0,0
610747,276,276,19,62,196,18,214,0,214,4,0,0,0,0,0,0,0,0,0,54,0,1,0,18,0,0,0,0,17,0,0,0,22,0,2,0,0,0,0,23,0,0,8,0,0,61,3,0,1
610748,234,231,18,53,163,18,181,0,181,0,0,0,0,0,3,0,0,0,0,35,0,0,0,21,1,0,0,0,14,0,0,1,23,0,1,0,0,0,0,19,0,0,3,0,1,57,2,0,0
610749,528,526,43,162,324,42,366,0,366,4,1,0,0,0,1,1,0,0,0,39,0,0,0,44,0,0,0,0,7,0,0,2,38,0,4,0,0,0,1,104,0,0,5,0,0,113,1,1,0
610750,1194,1178,96,314,790,90,880,0,880,37,0,0,5,0,6,0,0,0,0,187,0,0,0,70,0,0,0,0,34,0,0,2,110,0,6,0,0,0,2,177,0,0,23,0,0,206,10,0,5
610751,357,354,28,110,220,27,247,0,247,0,0,1,0,1,2,1,0,0,0,53,0,0,0,33,0,1,0,0,13,0,0,1,20,0,2,0,0,0,0,54,1,0,3,0,0,56,5,0,0
610752,57,61,6,7,44,6,50,0,50,1,0,0,0,0,0,0,0,0,0,13,0,0,0,2,0,0,0,0,2,0,0,0,2,0,0,0,0,0,0,10,0,0,0,0,0,18,2,0,0
610753,1143,1144,21,441,684,18,702,0,702,6,1,1,3,0,15,0,0,3,1,108,0,0,0,139,0,0,0,1,28,0,0,0,31,2,4,0,1,0,1,145,0,0,46,0,0,160,5,1,0
610754,930,918,23,356,552,22,574,0,574,15,0,0,2,0,10,0,0,0,0,96,0,0,0,95,2,0,1,1,20,1,0,0,34,0,4,0,0,0,0,102,0,1,34,2,0,139,2,1,12
610755,1893,1862,14,727,1153,13,1166,0,1166,13,2,1,3,0,12,0,0,3,1,192,0,1,0,201,4,1,0,0,64,3,0,1,43,0,7,0,1,0,0,250,0,2,78,0,0,269,8,0,6
610756,753,749,8,312,435,6,441,0,441,5,0,0,1,0,3,0,0,0,1,74,0,0,0,61,0,0,0,0,23,1,1,0,19,0,1,0,0,0,0,82,0,0,26,1,0,138,1,1,2
610757,1584,1555,23,650,916,18,934,0,934,11,1,2,1,0,15,0,2,4,0,130,1,0,0,146,0,0,0,0,44,0,0,0,41,0,2,0,0,0,0,230,0,2,70,0,0,223,5,0,4
610758,354,351,31,86,238,30,268,0,268,4,0,0,0,0,0,0,0,0,0,27,0,0,0,37,0,0,0,0,5,0,0,1,37,0,0,0,1,0,0,60,2,0,9,0,0,80,3,0,2
610759,102,101,12,19,71,12,83,0,83,0,0,0,0,0,1,0,0,1,0,16,1,0,0,8,0,0,0,0,3,0,0,1,18,0,1,0,0,0,0,15,0,0,0,0,1,15,2,0,0
610760,213,204,16,91,112,10,122,0,122,2,0,0,0,0,0,0,0,0,0,10,0,1,0,17,0,0,0,0,1,0,0,1,22,0,1,0,0,0,0,36,0,0,0,0,0,28,3,0,0
610761,1143,1126,15,517,611,15,626,0,626,7,3,1,1,0,5,0,0,0,1,101,0,0,0,96,0,0,0,0,36,3,0,0,46,0,3,0,0,1,2,135,0,0,59,0,1,112,6,0,7
610762,906,899,22,337,548,21,569,0,569,10,0,2,0,0,13,0,0,2,0,121,0,0,0,99,1,0,0,0,30,0,0,0,30,0,4,0,1,0,1,122,0,0,30,0,2,96,0,1,4
610763,909,900,20,320,571,18,589,0,589,7,1,0,2,0,2,1,1,0,1,147,0,1,0,128,0,0,0,1,30,0,2,0,43,0,8,0,0,0,0,77,0,0,22,0,0,100,9,0,6
610764,69,70,10,14,45,10,55,0,55,1,1,0,0,0,2,0,0,0,0,4,0,0,0,4,0,0,0,0,0,0,0,0,18,0,0,0,0,0,0,8,0,0,0,0,0,17,0,0,0
610765,423,422,38,115,271,37,308,0,308,2,1,0,0,0,2,0,0,0,1,20,0,0,0,35,0,0,0,0,24,0,0,0,32,0,1,0,0,0,0,76,0,0,10,0,0,92,8,0,4
610766,186,188,21,34,135,17,152,0,152,1,0,0,0,0,0,0,0,0,1,18,0,0,0,11,0,0,0,0,17,0,0,0,17,0,1,0,0,0,0,19,0,0,2,0,1,62,2,0,0
610767,594,587,26,181,390,23,413,0,413,3,1,0,0,0,0,0,0,0,0,66,0,0,0,70,0,0,0,0,17,0,0,0,20,0,0,0,0,0,1,84,0,0,16,0,0,129,2,0,4
610768,966,956,24,322,620,24,644,0,644,7,0,2,0,0,6,0,0,4,0,169,0,1,0,78,0,0,0,0,24,0,0,2,100,1,4,0,0,0,0,139,0,0,27,0,0,70,6,0,4
610769,549,539,16,181,353,15,368,0,368,1,0,2,2,0,0,0,2,0,0,71,0,0,0,44,0,0,0,0,17,0,1,0,28,0,2,0,0,0,0,125,0,0,16,0,3,49,3,1,1
610770,285,280,19,69,198,18,216,0,216,3,0,0,1,0,1,0,0,0,0,36,0,0,0,37,0,0,0,0,5,0,0,0,25,0,0,0,0,0,0,44,0,1,9,0,0,51,2,0,1
610771,102,106,14,24,66,12,78,0,78,0,0,0,0,0,0,0,0,0,0,11,0,1,0,8,0,0,0,0,7,0,0,0,11,0,0,0,0,0,0,20,0,0,0,0,0,19,1,0,0
610772,234,228,12,71,151,12,163,0,163,0,0,0,1,0,1,0,0,0,0,20,0,0,0,31,0,0,0,1,11,0,0,1,19,0,1,0,0,0,0,26,0,0,3,0,0,45,2,0,1
610773,231,231,13,55,163,13,176,0,176,1,2,0,0,0,0,0,0,0,1,31,0,0,0,15,0,0,0,0,6,0,0,0,35,1,1,0,0,0,0,33,0,0,1,0,0,46,2,0,1
610774,231,228,18,79,134,18,152,0,152,0,0,0,0,0,1,0,0,0,0,33,0,0,0,25,0,0,0,0,6,0,0,1,23,0,4,0,0,0,1,20,0,0,8,0,0,29,0,0,1
610775,93,91,7,24,62,7,69,0,69,0,0,0,0,0,0,0,0,0,0,11,0,0,0,4,0,0,0,0,4,0,0,1,16,0,1,0,0,0,0,13,0,0,0,0,0,14,3,0,2
610776,780,785,76,241,470,69,539,0,539,5,0,1,0,2,9,0,0,0,1,66,0,1,0,65,0,0,1,1,52,0,0,1,70,0,7,0,0,0,3,105,1,0,21,0,0,114,11,0,2
610777,477,473,48,146,287,44,331,0,331,2,0,0,1,0,0,0,0,0,0,31,0,0,0,28,0,0,0,0,20,0,0,0,49,0,1,0,0,0,0,100,0,0,2,0,0,85,3,1,8
610778,123,124,14,47,63,13,76,0,76,0,0,0,1,0,0,0,0,0,0,31,0,0,0,7,0,0,0,1,8,0,0,0,10,0,1,0,0,0,0,5,0,0,0,0,0,11,1,0,0
610779,465,469,39,122,307,36,343,0,343,1,0,0,2,0,2,0,0,2,0,35,0,0,0,82,0,0,0,0,9,0,0,0,54,0,3,0,0,0,0,60,1,0,7,0,0,74,4,0,7
610780,348,345,34,116,198,34,232,0,232,1,0,1,1,1,1,0,0,0,0,30,0,0,0,18,1,1,0,0,12,1,0,1,28,0,0,0,0,0,0,52,0,0,1,0,0,80,2,0,0
611034,228,224,20,68,143,17,160,0,160,2,1,0,0,0,10,0,0,1,0,13,0,0,0,24,2,0,0,0,4,0,0,0,27,0,1,0,0,0,1,51,0,0,0,0,0,21,2,0,0
611035,309,307,7,110,195,4,199,0,199,1,0,1,0,1,5,0,0,3,0,13,0,0,0,39,0,0,0,0,0,0,0,0,32,0,1,0,0,0,0,42,0,0,5,1,0,53,0,1,1
611036,93,93,7,34,52,7,59,0,59,1,0,0,0,0,0,0,0,1,0,2,0,0,0,7,0,0,0,0,0,0,0,0,7,0,0,0,0,0,0,10,0,0,1,0,0,30,0,0,0
611037,510,512,35,143,333,34,367,0,367,2,0,4,2,0,8,0,0,0,0,27,0,0,0,44,1,2,0,0,18,0,0,0,50,0,4,0,0,0,0,99,0,0,21,0,0,73,5,1,6
611038,543,539,46,180,321,42,363,0,363,3,0,1,0,0,8,0,0,3,0,22,0,1,0,30,0,0,0,0,21,0,0,1,52,0,0,0,0,0,0,73,0,1,7,0,0,126,7,0,7
611039,753,759,43,227,485,41,526,0,526,6,0,1,1,0,37,0,0,6,0,27,0,0,0,65,0,0,0,0,12,0,0,1,50,0,3,0,0,0,0,163,0,0,16,0,0,129,1,0,8
611040,615,605,10,216,390,9,399,0,399,3,0,1,1,0,14,0,0,2,0,34,0,0,0,51,0,1,1,0,18,1,0,1,49,0,1,0,0,0,4,135,0,0,5,0,0,60,5,2,10
611041,399,390,18,125,257,17,274,0,274,3,0,1,0,0,37,0,0,9,0,11,0,0,0,46,0,0,0,0,13,0,0,0,17,0,1,0,0,0,0,93,0,0,2,0,0,37,1,1,2
611042,279,268,12,96,173,10,183,0,183,0,0,0,0,0,7,0,0,0,0,11,0,0,0,36,0,1,0,0,5,0,0,0,25,0,0,0,0,0,0,64,0,0,4,0,0,26,2,0,2
611043,855,842,58,304,507,44,551,0,551,3,0,0,1,0,22,0,0,5,0,51,0,0,0,103,0,1,0,0,40,0,0,0,0,28,4,0,0,0,0,127,0,1,27,0,0,122,5,2,9
611044,417,410,25,144,251,22,273,0,273,2,0,0,0,0,6,0,0,1,0,28,0,1,0,35,0,0,0,0,11,0,0,1,38,0,1,0,0,1,0,57,1,1,5,0,0,73,3,1,7
611045,303,298,20,87,196,20,216,0,216,1,0,0,0,0,4,0,0,1,0,24,0,1,0,35,0,1,0,0,15,0,0,0,23,0,0,0,0,0,0,39,0,0,4,0,0,59,4,1,4
611046,807,821,63,281,464,62,526,0,526,6,0,0,0,0,22,0,1,4,1,31,0,0,0,99,0,0,0,0,17,0,0,1,97,0,0,0,0,0,0,71,0,0,26,0,0,134,11,0,5
611047,210,210,18,66,129,15,144,0,144,4,0,1,0,0,18,0,0,0,0,5,0,0,0,11,0,0,0,0,9,0,0,0,46,0,0,0,0,0,0,23,0,0,0,1,0,25,0,0,1
611048,357,350,12,122,224,11,235,0,235,0,0,0,2,0,26,0,0,2,1,31,0,1,0,17,0,0,0,0,5,0,1,1,39,0,0,0,0,0,0,36,0,0,6,0,0,63,0,0,4
611049,54,50,7,15,32,7,39,0,39,0,0,0,0,0,0,0,0,1,0,4,0,1,0,10,0,0,0,0,1,0,0,0,7,0,0,0,1,0,0,0,1,0,0,0,0,11,1,0,1
611050,405,399,32,118,255,32,287,0,287,0,3,1,2,0,9,0,0,1,0,35,0,4,0,52,0,0,0,0,8,0,0,0,64,0,0,0,0,0,0,46,0,0,3,1,0,50,0,3,5
611051,294,291,12,114,171,9,180,0,180,4,0,0,0,1,1,0,0,0,0,11,0,0,0,38,0,1,0,0,5,0,0,0,31,0,0,0,0,0,0,33,0,0,1,0,0,50,2,0,2
611052,90,86,7,34,50,6,56,0,56,1,0,0,0,0,3,0,0,0,0,3,0,0,0,10,0,0,0,0,0,0,0,1,3,0,0,0,0,0,0,13,0,0,1,0,0,20,1,0,0
611053,513,506,42,169,305,39,344,0,344,5,0,3,0,0,15,0,0,3,0,33,0,0,0,72,0,0,0,0,1,1,0,1,64,1,0,0,0,0,0,88,1,0,2,0,0,49,2,1,2
611054,237,226,20,70,148,19,167,0,167,4,0,0,0,0,5,0,0,0,0,14,0,0,0,11,0,0,0,0,0,0,0,0,29,1,3,0,0,0,1,49,0,0,1,0,1,44,1,1,2
611055,165,167,13,50,102,13,115,0,115,0,0,0,0,0,4,0,0,0,0,6,0,0,0,14,0,0,0,0,8,0,0,0,15,1,0,0,0,0,0,29,0,0,0,0,0,37,1,0,0
611056,360,358,26,112,227,21,248,0,248,1,0,1,0,1,10,0,1,2,0,23,0,0,0,33,0,0,0,0,6,0,0,1,38,0,5,0,0,0,0,67,0,0,2,0,0,53,4,0,0
611057,315,314,21,96,198,21,219,0,219,2,1,0,1,0,2,0,0,1,0,25,0,0,0,37,0,0,0,0,6,0,1,1,16,1,0,0,0,0,1,58,1,3,9,1,0,50,0,1,1
611058,363,358,32,135,198,30,228,0,228,0,0,4,0,0,3,0,0,3,0,8,0,0,0,39,0,0,0,0,5,0,0,2,37,0,1,0,0,0,0,60,0,0,4,0,0,54,3,1,4
611060,552,548,51,178,327,47,374,0,374,1,1,0,1,0,9,0,0,3,0,46,0,0,0,56,0,0,1,0,30,0,0,1,57,0,8,0,0,0,0,71,0,2,5,0,0,73,6,2,1
611061,180,175,9,72,101,7,108,0,108,2,0,0,0,0,4,0,0,0,0,9,0,0,0,12,0,0,0,0,8,0,0,1,21,0,0,0,0,0,0,20,0,0,1,0,0,25,4,0,1
611062,456,456,23,128,309,19,328,0,328,2,0,1,0,1,10,0,0,2,0,24,0,0,0,59,0,0,0,0,4,0,0,0,47,0,1,0,0,0,0,80,0,0,4,0,0,84,5,1,3
611063,210,205,15,55,140,15,155,0,155,0,0,0,1,0,2,0,0,0,0,12,0,0,0,15,0,0,0,0,8,0,0,0,21,0,1,0,0,0,0,27,0,1,17,0,0,44,4,2,0
611064,468,467,20,149,299,20,319,0,319,2,0,0,0,0,6,1,0,2,0,36,0,0,0,51,0,0,0,0,15,0,0,0,33,0,2,0,0,0,0,95,0,1,1,0,0,69,2,1,2
611065,306,303,19,65,222,19,241,0,241,11,0,0,1,0,9,0,0,15,0,10,0,0,0,26,0,0,0,0,12,0,0,0,48,0,1,0,2,0,0,68,0,0,7,0,1,27,1,0,2
611066,156,155,13,31,112,13,125,0,125,0,0,1,0,0,1,0,0,1,0,12,0,0,0,11,0,0,0,0,4,0,1,0,26,0,0,0,0,0,0,38,0,0,3,0,0,26,1,0,0
611067,414,409,43,141,235,38,273,0,273,2,0,0,0,1,2,0,0,3,1,37,0,0,0,27,0,0,0,0,18,0,0,0,50,0,0,0,0,0,0,79,0,0,4,0,0,45,4,0,0
611068,312,299,20,91,201,20,221,0,221,1,1,1,1,0,13,0,0,1,0,16,0,0,0,23,0,0,0,0,11,0,0,0,45,1,1,0,0,0,0,41,0,0,4,0,0,55,3,0,3
611069,246,242,31,78,138,30,168,0,168,7,5,0,0,0,5,0,0,3,0,13,1,0,0,8,0,0,0,0,4,0,0,0,23,0,0,0,0,0,1,59,0,1,2,0,0,32,2,1,1
611070,522,514,11,151,360,11,371,0,371,5,8,0,3,1,18,0,0,15,0,42,0,0,0,53,1,1,0,0,14,0,0,0,19,0,2,0,0,0,0,117,0,2,16,0,0,49,0,0,5
611071,246,243,12,85,149,12,161,0,161,1,0,1,1,0,1,0,0,2,0,9,0,1,0,25,0,0,0,0,7,0,0,0,26,0,1,0,0,0,0,56,0,0,6,1,0,22,1,0,0
611072,516,517,16,149,351,16,367,0,367,3,0,0,0,0,14,0,0,1,0,36,0,0,0,68,1,0,0,0,6,0,0,0,33,0,6,0,0,0,0,71,0,0,5,0,0,115,5,1,2
611073,345,336,33,102,213,30,243,0,243,2,0,1,0,1,1,0,0,0,1,13,0,0,0,28,0,0,0,1,7,0,0,0,28,0,0,0,0,0,0,109,0,0,2,0,0,44,3,2,0
611074,321,318,19,126,179,16,195,0,195,1,1,2,0,1,6,0,0,1,0,20,0,0,0,25,0,0,0,0,4,1,0,1,28,1,0,0,0,0,0,74,0,0,2,0,0,20,2,1,4
611075,327,329,10,98,221,8,229,0,229,2,0,1,0,0,12,1,0,0,0,16,0,0,0,32,0,0,0,0,4,1,0,0,42,0,0,0,0,0,2,58,1,0,2,0,0,51,2,0,2
611076,282,279,19,82,183,17,200,0,200,0,0,0,1,0,2,0,0,0,0,23,0,0,0,47,1,0,0,0,5,0,0,0,22,1,3,0,0,0,3,51,0,0,7,0,0,31,1,1,1
611077,525,517,34,200,292,33,325,0,325,2,2,1,0,0,14,0,0,2,0,20,0,2,0,48,0,0,0,0,10,0,0,0,44,0,3,0,0,0,1,107,0,0,20,0,1,43,2,0,3
611078,438,441,32,141,266,31,297,0,297,1,0,0,0,0,12,0,0,0,0,33,0,0,0,53,0,1,0,0,14,0,0,1,42,0,3,1,0,0,0,48,0,0,5,0,0,78,2,0,3
611079,303,299,26,101,176,26,202,0,202,3,1,0,0,0,22,0,0,0,0,19,0,0,0,29,0,0,0,0,2,0,0,0,18,0,0,0,0,0,1,61,0,0,5,0,1,36,3,0,1
611080,411,408,29,138,247,26,273,0,273,2,0,0,0,0,19,0,0,0,0,36,1,0,0,38,0,1,0,0,3,0,0,2,47,1,1,0,0,0,0,60,0,0,5,0,1,53,1,2,0
611081,150,146,21,43,89,18,107,0,107,0,0,0,0,0,2,0,0,0,0,12,0,0,0,5,0,0,0,0,0,0,0,0,38,0,0,0,0,0,1,23,0,1,0,0,0,24,0,0,1
611082,444,446,51,137,260,47,307,0,307,5,1,0,0,0,15,0,0,4,0,16,0,0,0,53,1,1,0,0,5,0,0,1,53,0,3,0,0,0,0,85,0,0,11,2,0,49,0,1,1
611083,423,418,26,128,272,23,295,0,295,3,0,0,1,0,4,1,0,2,0,20,0,1,0,46,0,0,0,1,5,1,0,1,75,0,2,0,0,0,0,66,0,0,4,0,0,57,2,0,3
611084,759,762,42,285,433,41,474,0,474,4,0,0,4,0,14,1,0,1,0,33,0,2,0,61,0,1,0,1,17,0,0,2,122,0,1,0,0,0,1,66,0,0,6,0,0,123,1,0,13
611085,432,428,35,128,270,34,304,0,304,1,0,0,1,1,15,0,1,2,0,20,0,0,0,42,0,0,0,0,17,0,0,0,37,1,0,0,0,0,0,58,1,0,13,0,0,84,7,1,2
611086,441,439,26,129,286,26,312,0,312,2,0,0,0,0,17,0,0,1,0,22,0,0,0,53,0,0,0,1,20,0,0,0,59,0,0,0,0,0,0,66,0,0,7,0,0,59,3,0,2
611087,543,545,37,153,353,37,390,0,390,4,0,1,0,0,13,0,0,3,1,22,1,1,0,70,1,1,0,0,8,0,0,2,64,0,3,0,0,0,1,49,0,0,6,0,2,128,7,0,2
611088,1824,1809,34,656,1136,32,1168,0,1168,18,2,2,5,2,86,0,0,13,1,113,0,2,0,244,0,1,0,0,30,0,1,1,67,0,10,0,0,0,1,312,0,1,53,0,0,185,8,1,9
611089,1947,1962,28,640,1282,25,1307,0,1307,19,1,3,6,2,89,0,0,24,0,158,1,0,0,304,0,3,0,0,39,0,0,0,58,4,9,0,0,0,2,299,0,1,76,2,1,178,10,3,15
611090,75,19,5,56,14,5,19,0,19,1,0,0,0,0,0,0,0,0,0,0,0,0,0,0,0,0,0,0,1,0,0,0,1,0,0,0,0,0,0,13,0,0,0,0,0,2,0,0,1
611091,174,49,13,128,33,13,46,0,46,1,0,0,0,0,1,0,0,0,0,3,0,0,0,3,0,0,0,0,1,0,0,0,12,0,0,0,0,0,0,15,0,0,1,0,0,9,0,0,0
611184,228,235,15,44,170,14,184,0,184,5,0,0,0,2,7,0,0,0,0,17,0,0,0,26,0,0,0,0,6,0,0,1,14,0,0,0,0,0,0,48,0,0,2,0,0,45,10,1,0
611186,141,64,0,123,18,0,18,0,18,2,0,0,0,0,1,0,0,0,0,6,1,0,0,0,0,0,0,0,0,0,0,0,4,0,1,0,0,1,0,1,0,0,0,0,0,1,0,0,0,01,04,2019,11,10
