631422,825,828,4,264,557,4,561,0,561,3,1,2,1,0,144,1,0,63,1,23,0,0,0,191,0,0,1,0,2,0,0,0,4,0,1,0,0,0,0,67,0,0,20,1,2,29,3,0,1
631423,2079,2069,10,729,1345,5,1350,0,1350,11,5,3,2,3,341,0,1,120,0,61,1,1,1,467,1,0,0,0,2,1,0,1,18,0,0,0,0,1,1,137,0,0,41,0,2,125,2,0,1
631424,2169,2164,4,682,1484,3,1487,0,1487,9,3,0,2,1,398,2,0,118,0,46,0,1,1,550,0,3,0,0,6,1,0,0,21,1,1,0,0,0,1,136,0,0,67,0,1,112,5,0,1
631425,1257,1255,4,398,858,1,859,0,859,3,2,0,1,0,191,1,0,65,0,46,0,2,0,326,1,1,0,0,6,0,0,0,11,0,4,0,1,0,1,78,0,1,50,0,1,64,2,0,1
631426,2232,2212,6,927,1301,4,1305,0,1305,20,4,2,0,2,296,0,0,118,0,42,1,1,1,543,2,1,1,1,3,0,1,1,22,1,1,0,0,1,0,132,0,0,48,0,1,55,0,0,4
631427,2304,2295,17,838,1452,14,1466,0,1466,11,2,0,4,5,343,2,0,116,0,62,0,0,0,599,2,2,0,0,4,0,0,0,14,3,1,0,0,0,1,146,0,1,54,0,1,86,2,2,3
631428,2070,2067,4,827,1240,3,1243,0,1243,19,1,1,1,0,285,4,0,108,0,32,0,0,0,527,1,1,0,0,6,0,0,0,18,0,2,0,0,1,0,105,0,0,30,0,0,96,5,0,0
631429,1917,1914,10,705,1207,5,1212,0,1212,13,4,1,0,4,302,2,1,126,1,29,0,0,0,503,1,1,0,0,5,1,0,1,20,2,2,0,1,0,0,72,0,0,36,1,3,74,4,1,1
631430,2337,2304,8,1036,1297,4,1301,0,1301,20,4,0,3,3,347,0,0,125,0,49,0,0,1,507,0,4,1,0,2,0,0,1,17,2,1,0,0,0,0,94,0,1,40,0,1,74,3,0,1
631431,1854,1858,7,610,1238,6,1244,0,1244,12,2,1,2,1,334,2,0,83,0,38,0,0,2,452,1,2,0,1,2,1,0,1,18,1,0,0,1,0,0,134,1,0,46,1,1,95,6,2,1
631432,2160,2161,4,731,1427,2,1429,0,1429,16,3,2,1,1,391,4,1,125,0,46,0,4,0,509,1,2,1,0,5,0,0,0,27,0,3,0,0,0,0,140,0,0,57,0,1,83,3,1,2
631433,2208,2201,14,762,1435,11,1446,0,1446,14,4,2,1,1,389,1,0,139,0,37,0,0,0,524,0,2,0,0,2,0,0,1,17,2,1,0,1,0,0,134,0,0,69,0,1,97,6,0,1
631434,1974,1970,3,629,1342,3,1345,0,1345,16,1,2,1,1,372,3,2,124,0,44,0,1,0,477,1,0,0,0,8,0,0,1,18,0,1,0,0,0,0,110,0,0,51,0,1,106,3,0,1
631435,1266,1236,0,589,677,0,677,0,677,17,3,0,1,2,69,1,0,28,0,18,0,0,0,440,1,0,1,0,2,0,0,0,15,0,1,0,0,0,0,43,1,0,9,0,2,19,3,1,0
631436,2169,2168,11,754,1406,9,1415,0,1414,28,0,2,2,3,319,2,1,117,0,48,0,0,0,530,0,0,1,0,8,0,1,0,26,1,6,0,0,1,0,146,0,0,70,1,1,97,1,1,1
631437,1851,1859,1,703,1147,1,1148,0,1148,9,2,1,0,0,175,0,0,69,0,25,0,1,0,666,0,0,0,0,4,0,1,2,9,0,2,1,0,0,0,86,0,1,27,0,1,63,2,0,1
631438,1779,1732,0,801,978,0,978,0,978,12,1,3,1,2,134,0,0,60,0,44,0,1,0,516,1,1,0,1,5,1,1,0,9,2,0,0,0,0,0,84,0,0,47,0,2,47,0,0,3
631439,2145,2134,8,673,1465,7,1472,0,1472,15,4,2,4,1,406,1,1,132,0,55,0,1,0,510,0,0,0,0,5,0,0,1,30,1,1,1,0,1,1,132,0,0,54,0,0,108,5,0,0
631440,2262,2272,8,741,1515,6,1521,0,1521,13,4,0,1,5,425,0,3,130,0,47,0,1,0,532,0,0,0,0,4,0,0,3,27,2,1,0,0,0,1,145,0,0,77,0,0,89,4,2,5
631441,2037,2016,19,700,1319,18,1337,0,1337,17,4,1,1,1,363,1,0,92,0,48,0,1,1,500,0,2,0,0,2,0,0,1,15,4,3,0,1,0,1,111,0,0,78,0,0,80,5,0,4
631442,2211,2190,12,741,1460,10,1470,0,1470,18,2,0,3,3,383,0,0,139,0,60,0,1,0,537,0,1,1,0,6,0,0,1,25,0,3,0,1,0,0,122,0,1,66,1,1,91,4,0,0
631443,2196,2193,15,729,1453,14,1467,0,1467,15,3,1,1,0,424,2,2,114,0,53,0,0,0,526,0,1,0,0,4,0,0,0,24,0,1,0,0,1,1,137,0,0,54,0,0,99,2,0,2
631444,1320,1325,9,394,918,8,926,0,926,9,1,0,3,3,284,1,0,70,0,29,0,0,0,329,0,2,0,0,6,0,0,0,10,2,0,0,0,0,0,80,0,0,36,0,2,59,0,0,0
631445,1497,1496,5,465,1027,5,1032,0,1032,10,1,0,3,4,270,1,1,105,0,23,0,0,0,398,0,1,2,0,4,0,0,1,13,4,6,0,0,0,0,71,0,0,49,0,0,60,5,0,0
631446,1872,1859,9,646,1218,8,1226,0,1226,7,4,4,3,3,317,0,0,99,0,34,0,3,0,446,3,0,2,0,7,0,1,0,25,0,1,0,0,0,3,109,0,1,58,0,1,86,7,1,1
631451,1227,1228,14,405,811,11,822,0,822,6,1,5,1,2,231,0,1,63,0,20,0,2,0,295,0,0,0,0,2,0,0,0,13,0,3,0,1,0,0,78,0,0,42,0,1,52,2,0,1
631452,1947,1929,14,654,1280,13,1293,0,1293,12,6,1,1,5,363,1,0,107,0,36,0,0,0,482,1,1,0,0,5,1,0,0,20,0,2,1,0,0,2,102,0,1,59,1,1,78,2,0,2
631453,1761,1754,6,596,1159,6,1165,0,1164,14,0,2,3,1,279,0,2,118,0,50,0,1,3,415,1,1,1,0,4,0,0,1,14,0,0,0,0,0,1,116,0,0,56,0,4,75,1,1,0
631454,1968,1961,14,699,1258,11,1269,0,1269,13,5,4,0,0,369,1,0,87,0,35,0,0,0,446,0,1,1,0,7,0,0,1,13,2,2,0,1,0,0,114,0,2,65,0,2,94,2,0,2
631455,2040,2029,13,707,1324,9,1333,0,1333,14,2,1,1,2,412,2,0,102,0,45,2,1,0,457,0,1,2,0,3,0,0,0,15,2,0,1,1,1,1,129,0,1,63,0,2,70,0,0,0
631456,2043,2036,9,686,1350,7,1357,0,1357,14,1,2,1,2,332,2,0,105,0,36,0,0,0,526,0,0,1,0,3,1,2,1,16,3,1,0,0,0,2,131,0,1,76,0,0,93,3,0,2
631457,2319,2315,11,761,1547,11,1558,0,1558,11,4,4,3,1,422,1,0,124,0,60,1,1,0,588,1,1,1,0,4,0,0,2,16,1,2,0,1,0,0,142,1,1,62,0,1,97,2,0,3
631458,2202,2200,14,745,1448,9,1457,0,1457,13,3,1,1,2,348,2,0,113,0,40,0,0,2,613,2,1,1,0,4,0,0,0,23,3,5,0,1,1,1,125,0,0,68,0,0,82,1,0,1
631459,2016,2013,10,702,1306,8,1314,0,1314,23,3,0,4,3,402,0,0,88,0,46,0,0,0,486,1,2,0,0,2,0,1,1,26,0,2,0,0,0,0,80,0,0,61,1,1,73,3,3,2
631460,2106,2101,17,780,1311,15,1326,0,1326,16,2,2,1,2,378,0,0,136,0,43,0,1,0,456,1,0,0,0,1,1,0,0,13,2,1,0,0,0,0,111,0,0,62,0,0,94,1,1,1
631461,2256,2240,11,801,1447,8,1455,0,1455,15,2,0,4,2,372,4,1,130,1,81,0,0,0,507,1,0,1,0,6,1,1,1,20,1,2,0,1,0,1,145,0,0,65,0,3,85,0,0,2
631467,2046,2042,14,573,1461,12,1473,0,1473,10,4,2,3,4,342,1,2,105,0,67,0,1,0,554,1,0,0,0,9,0,0,3,24,0,0,0,0,0,0,142,0,0,78,0,4,103,6,3,5
631468,1665,1657,7,477,1182,6,1188,0,1188,16,2,2,0,1,307,1,0,82,0,49,0,2,0,424,0,0,0,0,3,0,0,1,15,0,1,0,0,0,1,129,0,0,67,0,1,82,1,1,0
631469,1989,1973,8,595,1386,6,1394,0,1394,11,3,2,1,4,401,0,1,129,0,41,1,0,2,478,4,0,0,0,7,0,0,1,15,1,0,0,0,0,1,134,0,0,50,0,0,104,3,0,0
631470,1743,1733,12,554,1184,5,1189,0,1189,15,2,3,1,1,314,0,0,99,0,37,1,1,0,407,2,0,1,0,7,0,0,0,15,0,1,0,0,0,1,116,0,0,72,1,1,87,2,0,2
631471,1650,1636,13,475,1165,10,1175,0,1175,16,0,3,5,2,313,2,0,94,1,39,0,0,0,410,1,0,0,0,5,0,0,1,16,0,2,1,1,0,0,102,0,0,79,0,1,74,5,1,1
631472,1842,1839,13,542,1288,12,1300,0,1300,18,2,1,0,0,336,0,1,124,0,45,0,0,2,452,1,1,0,0,4,0,0,1,12,2,1,0,0,0,2,130,0,0,63,0,1,91,5,1,4
631473,1893,1889,16,547,1332,14,1346,0,1346,11,1,4,4,3,375,2,0,93,0,53,2,0,0,433,0,0,0,0,8,0,0,4,30,1,3,0,3,0,0,138,0,1,81,0,2,88,5,0,1
631474,1941,1943,21,580,1346,15,1361,0,1361,16,5,3,0,7,335,1,0,101,0,68,0,1,2,457,1,2,0,0,1,0,0,1,16,3,2,0,0,0,2,135,1,0,93,0,2,103,2,0,1
631475,1989,1988,11,609,1369,11,1380,0,1380,15,0,0,2,1,338,2,0,125,0,68,1,0,1,486,1,0,0,0,8,0,1,1,15,0,5,0,0,0,0,130,0,0,87,0,1,84,6,1,1
631476,1923,1927,10,592,1323,8,1331,0,1331,11,4,2,3,4,332,3,0,99,0,57,0,1,0,511,0,2,1,0,0,0,0,1,9,2,0,0,1,0,0,145,0,0,62,0,0,77,1,0,3
631477,1491,1489,15,444,1033,14,1047,0,1047,7,4,0,0,3,303,1,0,83,0,34,0,0,1,370,0,0,0,0,7,0,0,1,14,2,0,0,0,0,0,103,0,0,40,0,2,71,1,0,0
631478,1977,1974,15,643,1322,12,1334,0,1334,17,4,2,0,3,351,0,0,104,0,45,0,3,1,494,1,2,3,0,7,1,0,3,24,0,2,0,0,0,0,117,0,0,60,0,0,85,3,0,2
631479,1914,1914,17,609,1292,13,1305,0,1305,13,3,1,4,0,314,1,0,106,0,51,0,0,0,504,1,0,3,0,6,0,0,0,17,1,4,1,0,0,2,137,0,0,54,1,0,76,1,1,3
631480,2325,2320,11,719,1598,8,1606,0,1606,10,4,5,3,3,379,1,0,103,0,80,1,4,0,560,1,1,0,0,12,0,0,1,13,4,2,0,1,0,1,201,0,2,92,0,0,114,7,0,1
631485,1848,1841,9,631,1210,7,1217,0,1217,18,4,1,4,2,345,1,1,98,0,50,0,0,1,419,2,0,1,3,6,0,1,1,10,1,3,0,1,0,2,112,0,1,45,0,1,79,2,0,2
631486,1815,1815,11,581,1223,11,1234,0,1234,6,3,1,3,3,333,0,1,118,0,44,0,0,1,435,1,2,0,0,5,0,0,0,21,4,1,0,0,0,1,115,0,0,55,1,2,75,3,0,0
631487,1893,1884,26,594,1274,25,1299,0,1298,14,9,1,3,1,339,0,0,102,2,55,0,0,1,443,2,0,0,0,3,0,0,0,20,2,2,0,0,0,0,145,0,0,64,0,3,81,5,1,0
631488,1914,1908,11,617,1286,11,1297,0,1297,9,1,1,3,5,336,0,0,91,0,57,0,0,0,446,1,1,2,0,2,0,0,2,26,1,2,1,0,1,0,151,0,2,67,0,2,81,5,0,1
631489,2106,2092,12,696,1400,10,1410,0,1410,16,0,1,5,0,340,2,0,99,1,56,0,0,2,583,0,2,0,1,2,0,0,1,16,0,3,0,0,1,0,118,1,0,63,0,1,90,4,0,2
631490,1890,1909,20,567,1308,15,1323,0,1321,18,3,1,4,2,331,4,2,96,0,48,0,1,0,452,1,2,0,0,6,0,0,0,21,0,1,0,0,1,0,154,0,2,73,0,2,89,3,0,4
631491,1797,1798,10,594,1195,8,1203,0,1203,12,1,1,1,0,344,1,0,111,1,49,1,0,1,407,2,0,1,0,2,1,0,1,17,1,4,0,0,1,1,111,0,0,52,0,1,75,2,0,1
631492,1830,1803,9,625,1198,7,1205,0,1205,11,2,4,0,1,281,0,0,118,0,46,0,0,0,445,0,0,0,0,8,0,0,1,13,2,1,0,0,0,1,117,0,0,63,0,2,83,3,1,2
631506,2184,2188,12,711,1464,9,1473,0,1473,15,5,1,0,6,425,0,0,93,1,57,1,0,1,525,1,1,0,0,3,1,0,1,20,4,3,0,0,0,1,152,0,0,75,0,1,76,2,0,2
631507,1971,1976,18,617,1340,14,1354,0,1354,11,2,0,1,1,364,1,0,107,0,59,0,3,0,471,3,1,0,0,7,0,1,0,25,2,1,0,0,0,0,159,0,0,63,0,1,67,3,0,1
631508,1773,1764,12,584,1179,10,1189,0,1189,9,2,1,3,4,325,0,0,106,1,48,0,1,0,424,1,3,0,0,3,0,0,0,14,1,1,1,0,1,1,115,0,0,47,0,2,75,0,0,0
631509,2064,2069,10,655,1401,8,1409,0,1409,30,2,4,0,5,377,2,0,117,0,68,0,0,0,489,1,1,1,0,1,0,0,0,16,0,2,1,0,0,0,116,0,0,74,0,0,96,4,0,2
631510,1980,1975,20,657,1310,13,1323,0,1323,15,2,2,2,4,362,1,0,100,0,49,0,1,0,488,3,2,1,0,7,0,0,0,23,2,0,0,0,1,0,103,0,0,71,0,1,80,0,0,3
631511,1725,1743,9,550,1168,7,1175,0,1175,15,2,1,1,3,336,1,0,88,0,49,0,0,1,420,1,1,1,0,2,1,0,1,17,0,0,1,1,1,1,105,0,0,43,0,1,79,1,0,1
631512,1893,1893,11,627,1257,9,1266,0,1265,13,3,0,1,0,355,3,0,121,0,50,0,1,0,448,1,0,1,0,6,0,0,2,14,2,2,0,0,0,0,115,1,0,43,0,1,81,0,0,1
631513,2031,2033,12,600,1419,12,1431,0,1431,18,3,1,0,6,420,1,0,102,0,66,0,1,0,502,0,2,0,0,6,0,0,0,15,1,5,0,0,0,0,112,0,1,71,0,1,87,7,1,2
631514,2073,2059,9,661,1407,5,1412,0,1412,21,3,2,2,1,374,2,0,111,0,68,0,1,0,513,0,1,1,0,7,0,0,2,14,0,2,0,1,0,1,143,0,0,48,1,1,89,2,1,0
631515,2406,2387,6,781,1623,2,1625,0,1623,15,6,3,3,5,341,1,0,100,0,59,0,1,0,651,0,1,1,0,4,1,0,1,13,4,1,1,0,1,2,209,0,3,73,0,3,119,0,0,1
631516,2295,2272,5,771,1521,3,1524,0,1524,15,3,2,1,1,410,2,0,135,0,70,0,0,0,543,2,0,0,1,12,0,1,2,14,2,2,0,0,0,1,150,0,1,48,0,0,98,3,1,4
631517,2064,2057,17,662,1388,14,1402,0,1402,17,3,1,2,3,364,2,0,117,0,56,1,2,0,502,3,0,0,0,8,0,0,1,22,2,1,0,0,0,0,127,0,0,65,0,2,98,2,0,1
631518,1959,1961,15,621,1325,13,1338,0,1338,11,3,1,0,0,392,0,0,97,1,49,0,1,0,454,0,0,1,0,4,0,1,1,22,1,3,0,0,0,0,116,0,1,72,0,2,99,3,0,3
631519,1830,1836,11,522,1298,10,1308,0,1308,15,4,4,0,1,356,3,1,91,0,54,0,0,1,489,2,0,2,0,6,0,0,0,13,1,0,0,0,0,0,122,0,0,69,0,1,69,4,0,0
631520,2139,2145,7,671,1463,5,1468,0,1468,14,2,2,2,4,413,2,0,107,0,58,0,0,0,511,2,0,0,0,5,1,0,0,20,2,0,0,1,0,1,142,0,1,72,0,1,101,1,0,3
631521,1965,1951,8,606,1352,7,1359,0,1359,17,0,3,3,4,337,0,1,132,0,50,1,1,2,480,3,1,0,0,5,0,0,1,18,0,0,0,0,0,1,143,0,0,68,1,2,80,3,0,2
631522,2259,2251,9,721,1530,8,1538,0,1538,17,8,1,4,5,378,3,0,139,0,60,1,0,0,520,1,1,0,0,3,0,0,1,23,2,1,0,0,2,0,172,0,1,83,1,0,99,10,2,0
631523,2217,2219,4,637,1576,4,1580,0,1580,14,2,1,2,0,400,1,0,122,0,81,0,2,0,564,2,2,2,1,2,0,0,0,8,3,2,0,0,0,0,177,0,0,77,0,0,111,2,1,1
631524,2205,2191,4,745,1456,4,1460,0,1460,13,3,1,1,3,369,1,1,117,0,51,0,0,0,537,1,0,0,0,10,0,0,0,25,0,8,0,0,0,0,151,0,1,69,0,2,89,4,1,2
631528,408,327,111,85,213,110,323,0,323,5,1,0,1,2,95,2,0,27,0,12,0,0,0,122,0,0,0,0,1,1,0,1,6,0,0,0,0,0,0,20,0,0,15,0,0,10,1,1,0
631529,537,154,105,385,49,103,152,0,152,1,0,0,2,2,42,0,0,8,1,1,0,0,1,40,0,1,0,0,2,0,0,1,4,0,2,0,0,0,0,19,0,0,4,0,0,20,0,0,1
631530,462,65,15,405,42,15,57,0,57,0,0,0,0,0,16,0,0,6,0,3,1,0,0,10,0,0,1,0,1,0,0,0,2,0,0,0,0,0,0,5,0,0,2,0,1,9,0,0,0
631531,1146,610,46,554,548,44,592,0,592,68,11,1,3,6,111,6,1,26,0,21,2,0,1,128,5,2,1,0,6,1,1,1,24,8,2,1,3,0,0,68,0,1,12,0,0,61,7,0,3
631532,300,50,4,256,44,0,44,0,44,0,0,0,0,0,19,0,0,1,0,4,0,0,0,10,0,0,0,0,1,0,0,0,0,0,0,0,0,0,0,3,0,0,1,1,0,4,0,0,0,01,04,2019,10,10
