050319,432,427,21,110,302,20,322,0,322,3,1,0,1,0,10,0,0,6,0,20,0,0,0,57,0,5,0,0,4,0,0,1,46,2,1,0,0,0,0,37,0,1,26,1,1,90,5,0,4
050320,741,743,33,231,482,28,510,0,510,5,0,0,0,0,15,0,0,7,0,46,0,0,0,127,0,0,1,0,4,0,0,0,41,0,1,0,0,0,2,81,1,2,45,0,0,122,4,0,6
050321,1092,1086,10,316,767,9,776,0,776,10,1,2,0,1,34,0,0,7,0,67,0,1,0,218,0,2,0,1,5,1,0,0,44,0,1,0,0,0,2,124,0,1,83,0,2,159,6,2,2
050322,1314,1301,5,431,878,5,883,0,883,8,0,0,0,0,32,2,1,17,0,85,0,0,0,219,0,1,0,0,12,0,1,0,23,0,5,0,0,0,2,158,0,0,116,0,1,191,9,0,0
050323,1353,1350,5,414,936,3,939,0,939,14,1,4,0,1,26,0,1,18,0,75,1,0,0,248,1,3,0,0,12,0,0,1,28,1,1,0,0,0,1,184,1,0,117,1,1,185,4,1,8
050324,2088,2057,33,744,1311,33,1344,0,1344,16,0,3,3,0,40,1,1,7,0,104,0,0,0,365,0,3,1,0,10,0,0,0,74,2,2,0,0,0,1,242,0,1,126,0,0,327,7,2,6
050325,1077,1062,20,332,729,16,745,0,745,8,0,0,2,1,21,0,0,8,0,63,0,0,0,171,2,0,0,0,14,0,0,2,47,1,1,0,0,0,0,118,1,2,102,1,0,166,9,0,5
050326,795,789,26,266,507,22,529,0,529,4,0,0,0,0,11,0,0,7,0,51,0,0,0,116,0,0,0,0,12,0,1,1,43,1,1,2,0,0,2,103,0,0,72,1,1,94,5,0,1
050327,300,298,15,95,190,15,205,0,205,0,0,0,0,0,6,0,1,8,0,13,0,0,1,42,0,0,0,0,1,0,0,0,27,0,1,0,1,0,0,25,0,0,14,0,0,56,7,0,2
050328,1035,1021,37,391,607,37,644,0,644,8,1,1,0,2,20,3,0,10,0,45,0,0,0,181,0,2,1,0,4,0,0,0,53,0,4,0,0,0,1,144,0,2,48,0,1,99,5,3,6
050329,924,911,35,378,512,34,546,0,546,6,0,0,1,1,15,0,0,17,0,30,0,0,2,142,0,0,0,0,3,0,0,1,46,0,1,0,0,0,0,141,1,0,37,0,0,91,9,1,1
050330,957,946,36,403,530,24,554,0,554,7,0,1,0,2,48,0,0,27,0,19,2,1,1,159,0,1,1,0,1,0,0,1,70,2,0,0,0,0,0,100,1,0,20,0,1,80,2,0,7
050331,894,885,59,311,529,54,583,0,583,5,2,0,1,1,15,1,0,7,1,62,1,0,1,111,0,2,0,0,5,0,1,0,65,4,3,0,0,0,0,106,0,1,77,0,1,100,8,0,2
050332,444,445,34,138,273,33,306,0,306,1,0,0,0,0,5,0,0,6,1,24,0,0,0,74,0,2,0,0,1,0,0,1,51,2,0,0,0,0,0,46,0,0,9,0,0,68,4,3,8
050333,426,420,21,163,243,20,263,0,263,3,1,0,0,1,23,1,0,13,0,15,0,1,0,39,0,2,0,0,1,0,0,1,38,0,0,0,0,0,0,66,0,0,12,1,0,40,3,1,1
050334,189,187,5,66,119,4,123,0,123,0,0,0,0,0,14,0,0,3,0,1,0,0,0,35,0,0,0,0,0,0,0,1,20,0,0,0,0,0,0,32,0,0,0,0,0,13,2,0,2
050335,336,330,18,124,196,16,212,0,212,3,0,0,0,0,16,0,0,7,0,4,0,0,0,39,0,1,0,0,0,0,0,2,48,0,0,0,0,0,1,17,0,0,13,0,0,53,7,0,1
050336,837,836,63,270,509,58,567,0,567,4,0,0,1,0,45,1,0,7,0,38,0,0,0,92,0,5,1,0,2,1,1,0,60,0,0,0,0,0,0,88,1,0,44,1,2,159,8,0,6
050337,357,362,41,93,226,38,264,0,264,2,0,2,0,0,14,0,0,12,0,21,0,0,0,29,0,0,0,0,0,1,0,0,51,1,0,0,0,0,0,61,0,0,9,0,0,56,4,0,1
050338,528,526,32,212,286,30,316,0,316,3,0,0,0,0,10,0,0,3,0,26,0,0,0,86,0,1,0,0,0,2,0,1,41,0,0,0,1,0,0,75,0,0,12,0,0,43,5,0,7
050339,573,562,29,242,307,24,331,0,331,5,4,0,0,0,11,1,0,10,0,13,0,0,0,70,0,1,0,0,0,0,0,1,26,0,2,0,0,0,1,70,0,0,48,0,0,61,4,0,3
050340,705,689,37,267,402,36,438,0,438,1,0,0,1,3,16,0,0,8,0,32,0,0,0,84,0,0,0,0,5,0,0,0,84,1,1,0,0,0,0,68,0,1,34,0,1,89,6,0,3
050341,69,70,4,17,50,2,52,0,52,0,0,0,0,0,3,0,0,1,0,3,0,0,0,10,0,0,0,0,1,0,0,1,19,1,0,0,0,0,0,1,0,0,3,0,0,6,1,0,2
050342,495,489,26,179,292,24,316,0,316,2,0,1,0,1,26,0,0,4,0,13,0,0,0,56,0,1,0,0,2,0,0,1,33,2,2,0,0,0,1,68,0,0,32,0,0,60,6,1,4
050343,249,251,16,61,175,13,188,0,188,3,0,0,0,0,4,0,0,10,0,16,0,0,1,13,0,0,0,0,0,0,0,0,22,0,0,0,0,0,0,42,0,0,17,0,0,56,2,1,1
050344,864,857,30,281,554,29,583,0,583,6,0,0,0,1,14,0,0,10,0,38,0,0,1,134,0,2,0,0,10,1,0,2,65,0,4,0,0,0,1,114,0,1,28,0,1,134,7,4,5
050345,204,204,14,63,127,14,141,0,141,0,0,2,0,0,2,0,1,2,0,15,0,0,0,48,0,0,0,0,1,0,0,0,20,0,0,0,0,0,2,25,0,0,3,1,0,18,0,0,1
050346,417,409,27,148,243,26,269,0,269,5,0,1,1,0,17,0,0,4,0,31,0,0,0,41,0,1,0,0,0,0,0,0,60,0,0,0,0,0,0,68,0,0,8,0,0,22,2,1,7
050347,858,838,40,294,529,35,564,0,564,4,3,0,0,1,25,1,0,2,1,26,0,0,0,109,1,2,0,0,4,1,0,0,47,0,2,0,0,0,1,110,0,0,82,0,0,133,3,0,6
050348,630,621,35,252,345,33,378,0,378,3,0,0,0,0,12,0,0,12,0,29,0,0,0,77,0,1,0,0,1,0,0,1,38,1,0,0,0,1,1,59,0,1,38,0,0,96,7,0,0
050349,378,371,34,131,215,32,247,0,247,1,0,0,1,0,12,0,0,4,0,5,0,0,1,44,1,0,2,0,2,0,0,2,21,0,0,0,0,0,1,58,0,1,3,1,0,81,6,0,0
050350,111,110,15,46,53,12,65,0,65,0,0,0,0,0,0,0,0,0,0,1,0,0,0,4,0,0,0,0,0,0,0,0,8,0,0,0,0,0,0,19,0,0,0,0,0,31,2,0,0
050351,414,410,24,109,282,23,305,0,305,0,1,0,0,0,14,0,0,9,0,11,0,0,0,76,0,1,0,0,2,0,0,0,41,0,0,0,0,0,0,70,0,1,21,1,0,50,3,0,4
050352,264,269,21,53,192,19,211,0,211,7,0,0,0,0,17,0,0,3,0,11,0,0,1,33,1,0,0,0,1,0,1,0,76,0,0,0,0,0,0,16,0,0,3,0,0,38,2,1,0
050353,297,296,23,97,178,22,200,0,200,0,0,0,0,0,10,0,0,3,1,9,0,0,0,28,0,1,0,0,0,0,0,1,52,0,0,0,0,0,0,36,0,0,15,0,1,38,1,0,4
050354,135,134,6,36,94,5,99,0,99,2,0,0,0,2,5,0,0,4,0,1,0,0,0,20,0,0,0,1,0,0,0,0,12,0,1,0,0,0,1,20,0,0,7,0,0,19,3,0,1
050355,321,314,29,99,194,28,222,0,222,5,0,0,1,0,6,1,0,5,0,8,0,0,1,40,0,1,0,0,5,0,0,0,31,0,0,0,0,0,0,24,0,0,4,0,1,78,9,0,2
050356,414,415,38,135,247,32,279,0,279,1,0,0,0,0,21,0,0,6,1,24,0,0,0,30,0,0,0,0,3,0,0,2,26,0,0,0,0,0,0,43,0,1,7,1,0,102,10,1,0
050357,69,68,4,17,49,3,52,0,52,0,0,0,0,0,1,0,0,3,1,0,0,0,0,6,0,0,0,0,0,0,0,0,2,0,0,0,0,0,0,17,0,0,4,0,0,18,0,0,0
050358,312,305,25,111,177,24,201,0,201,0,0,0,1,0,14,0,0,5,0,8,0,0,0,23,0,0,0,0,0,0,0,0,40,0,0,0,0,0,0,68,0,0,5,0,2,34,1,0,0
050359,894,900,54,184,658,52,710,0,710,4,1,2,1,0,37,2,0,28,0,34,0,0,0,164,1,1,0,0,1,0,1,1,132,1,1,0,0,0,1,104,0,0,47,0,0,133,8,2,3
050360,414,431,50,119,254,41,295,0,295,2,4,1,0,0,9,0,0,8,0,20,0,0,0,54,0,3,0,0,5,0,0,1,28,1,0,0,1,0,4,54,1,0,29,0,0,61,6,0,3
050361,204,199,12,79,114,11,125,0,125,0,0,0,1,0,8,0,0,4,0,1,0,0,0,32,0,0,0,0,2,0,0,0,16,1,0,0,0,0,0,12,0,0,12,0,0,33,3,0,0
050362,435,431,19,106,311,18,329,0,329,4,1,0,1,0,14,1,0,5,0,40,0,0,0,68,0,2,0,0,2,0,0,2,28,0,0,0,0,1,0,49,0,0,22,0,0,77,7,0,5
050363,240,238,6,97,137,6,143,0,143,4,1,0,0,0,8,0,0,6,0,14,0,0,0,30,0,0,0,0,0,0,0,0,38,1,0,0,0,0,1,12,0,0,6,0,0,19,3,0,0
050364,324,323,32,24,272,28,300,0,300,3,1,0,0,0,6,0,0,8,0,13,0,0,0,53,0,0,0,0,1,0,0,0,43,0,5,0,0,0,0,60,1,0,14,0,1,84,7,0,0
050365,660,655,28,210,424,26,450,0,450,3,3,0,0,0,33,0,0,7,1,24,0,1,0,72,0,1,0,0,0,0,0,2,43,1,0,0,0,0,0,109,0,1,28,0,2,108,7,0,4
050366,387,387,19,81,288,18,306,0,306,2,0,1,0,0,17,0,0,9,0,20,0,0,0,38,0,1,0,0,6,0,0,0,38,1,0,0,0,0,2,79,0,0,6,0,0,77,5,0,4
050367,252,249,29,42,181,29,210,0,210,0,1,0,2,0,13,0,0,13,0,10,0,0,0,28,0,0,0,0,0,0,0,0,38,1,0,0,0,0,0,15,0,0,10,0,0,75,4,0,0
050368,432,437,31,137,267,28,295,0,295,3,0,1,1,2,2,1,0,7,0,10,0,0,0,63,0,5,0,0,1,0,0,1,44,0,1,0,0,0,0,44,0,0,29,0,0,67,9,0,4
050369,267,267,17,66,184,17,201,0,201,1,0,0,0,1,8,0,0,3,0,12,0,0,0,46,0,4,0,0,0,0,0,0,31,1,0,0,1,0,1,30,1,0,6,0,0,49,5,0,1
050370,285,281,17,90,178,17,195,0,195,1,0,0,0,1,6,0,0,6,1,7,0,1,0,43,1,0,0,0,1,0,0,1,29,0,1,0,0,1,0,51,0,0,2,0,0,37,2,1,2
050371,60,59,6,8,47,5,52,0,52,1,0,0,0,0,2,0,0,8,0,9,0,0,1,5,0,0,0,0,0,0,0,0,1,0,0,0,0,0,0,10,0,0,0,0,0,13,2,0,0
050372,144,145,7,27,110,7,117,0,117,0,0,0,0,0,0,0,0,8,0,8,0,0,0,21,0,0,1,0,0,0,0,0,20,0,0,0,0,0,0,25,0,0,5,0,1,26,2,0,0
050373,177,35,14,157,7,13,20,0,20,0,0,0,0,0,0,0,0,1,0,2,0,0,0,3,0,0,0,0,0,0,0,0,1,0,0,0,0,0,0,2,0,0,5,0,0,5,1,0,0
050374,57,23,19,34,4,19,23,0,23,1,0,0,0,0,0,0,0,0,0,0,0,0,0,6,0,0,0,0,0,0,0,0,8,0,0,0,0,0,0,2,0,0,0,0,0,3,3,0,0
050551,1461,1436,15,510,937,14,951,0,951,12,1,0,1,1,40,0,0,12,1,68,0,0,2,279,0,2,1,0,14,0,0,0,43,0,3,0,0,0,0,227,1,1,84,0,1,141,10,2,4
050552,1125,1119,14,366,745,14,759,0,759,4,0,1,1,1,31,0,0,11,0,57,0,0,1,194,1,2,0,0,12,0,0,0,28,0,4,0,1,0,1,157,0,0,70,0,0,179,0,0,3
050553,393,385,21,127,246,20,266,0,266,4,0,1,0,1,6,0,0,3,0,9,0,0,0,42,0,0,0,0,2,0,0,1,35,0,1,0,0,0,0,54,0,0,17,0,1,78,7,1,3
050554,1905,1882,22,651,1240,14,1254,0,1254,16,1,1,0,0,26,0,0,19,0,61,0,0,0,299,1,3,0,0,17,2,0,4,92,0,9,0,1,0,5,235,0,0,128,1,2,310,14,2,5
050555,1359,1340,18,553,790,16,806,0,806,14,1,1,1,0,17,0,0,20,0,47,0,0,0,185,0,5,0,0,16,0,0,1,65,1,4,0,0,0,3,130,0,0,100,0,0,179,12,1,3
050556,1086,1077,13,395,680,11,691,0,691,8,2,1,1,0,23,0,0,9,1,35,0,3,0,209,2,0,0,0,7,0,0,0,41,0,0,0,0,0,0,150,0,1,73,0,0,120,2,0,3
050557,189,189,13,45,132,12,144,0,144,0,0,0,1,0,6,0,0,3,0,15,0,0,0,22,0,0,0,0,2,0,0,0,18,0,2,0,0,0,0,32,0,0,7,0,0,34,1,1,0
050558,276,252,22,71,183,22,205,0,205,5,1,0,1,0,13,0,0,3,0,5,0,0,1,38,0,0,1,0,6,0,0,1,26,0,0,0,0,0,0,54,0,0,11,0,1,34,4,0,0
050559,270,276,20,88,164,18,182,0,182,2,1,1,1,0,5,0,0,20,0,9,0,0,0,25,0,1,0,0,0,1,0,1,20,0,1,0,0,0,0,46,0,0,10,0,0,37,1,0,0
050560,27,26,8,7,12,8,20,0,20,1,0,0,0,0,0,0,0,3,0,1,0,0,0,1,0,0,0,0,0,0,0,0,4,0,0,0,0,0,0,2,0,0,0,0,0,8,0,0,0
050561,312,311,32,103,177,32,209,0,209,5,0,1,0,0,4,0,0,9,0,9,0,0,0,38,2,2,0,0,1,0,0,0,26,1,0,0,0,0,0,61,0,0,8,0,0,38,3,0,1
050562,489,480,26,145,319,25,344,0,344,2,0,2,0,0,5,1,0,0,0,22,1,0,0,98,0,0,1,1,2,0,0,1,26,1,0,0,0,0,1,47,0,0,23,0,0,102,6,1,1
050563,267,280,22,76,172,19,191,0,191,2,0,0,0,0,5,0,0,2,2,25,0,1,0,43,0,0,1,0,1,0,0,0,24,0,0,0,0,0,1,30,0,0,9,0,0,43,1,1,0
050564,183,180,23,73,92,18,110,0,110,1,0,1,0,0,9,0,0,3,0,6,0,0,0,26,0,0,0,0,0,0,0,0,17,0,1,0,0,0,0,18,0,0,11,0,0,17,0,0,0
050565,315,311,9,109,198,8,206,0,206,0,0,0,0,0,12,0,0,3,0,7,0,0,0,44,0,2,0,0,2,0,0,0,31,0,0,0,0,0,0,44,0,0,15,0,0,44,2,0,0
050566,519,520,11,220,289,10,299,0,299,0,0,1,0,0,6,0,0,7,1,14,0,0,1,68,1,0,0,0,2,0,0,0,43,1,0,0,0,0,1,56,1,0,7,0,0,73,14,0,2
050567,138,137,1,41,96,1,97,0,97,1,0,0,0,0,1,0,0,6,0,5,0,0,0,18,0,0,0,0,1,0,1,0,7,0,0,0,0,0,0,28,0,0,1,1,1,23,2,1,0
050568,333,327,24,91,219,23,242,0,242,0,0,1,0,0,5,0,0,12,0,10,0,0,0,42,0,0,0,0,6,0,0,2,50,0,0,0,0,0,1,57,0,1,6,0,1,41,4,0,3
050569,1587,1578,30,594,965,28,993,0,993,16,0,1,2,0,48,1,1,23,1,53,0,0,0,187,0,1,0,0,20,0,0,3,74,0,1,0,0,1,0,226,0,0,36,0,0,277,15,1,5
050570,321,317,6,138,178,5,183,0,183,2,0,0,0,0,6,0,1,10,0,18,0,0,0,36,0,0,0,0,4,1,0,0,18,0,0,0,0,0,0,32,1,0,13,0,0,39,1,0,1
050571,384,378,36,126,223,35,258,0,258,2,0,0,0,0,5,0,0,1,0,6,1,0,0,49,0,0,0,0,6,0,0,3,30,0,0,0,0,0,2,42,0,0,23,0,0,79,7,0,2
050572,339,337,30,88,223,28,251,0,251,2,0,1,1,1,6,0,0,2,0,9,1,0,0,54,0,0,0,0,3,0,0,0,19,0,0,0,0,0,0,60,0,0,18,0,0,69,3,0,2
050573,318,314,11,121,186,11,197,0,197,0,0,0,0,0,3,0,1,0,0,2,0,0,0,39,0,0,0,0,0,0,0,1,20,1,0,0,0,0,1,35,0,0,3,0,0,84,7,0,0
050574,93,92,5,42,46,5,51,0,51,1,0,0,0,0,0,0,0,5,0,1,0,0,0,10,0,0,0,0,0,0,0,0,9,0,0,0,0,0,0,10,1,0,2,0,0,12,0,0,0
050575,51,49,2,13,37,1,38,0,38,0,0,0,0,0,1,0,0,1,0,1,0,0,0,4,0,0,0,0,0,0,0,0,2,0,0,0,0,0,1,18,0,0,3,0,0,7,0,0,0
050576,351,358,41,101,212,38,250,0,250,0,0,0,0,0,11,0,0,8,0,11,0,1,0,50,0,0,0,0,2,0,0,0,20,0,0,0,0,0,0,48,0,0,11,0,0,86,2,0,0
050577,303,304,15,111,182,10,192,0,192,2,0,0,0,0,4,1,0,6,0,12,0,0,0,33,0,0,0,0,0,0,0,1,28,0,0,0,0,0,0,42,0,0,2,0,0,59,2,0,0
050578,639,640,11,255,375,9,384,0,384,5,0,1,0,1,16,0,0,2,0,25,0,0,0,52,0,1,0,0,3,0,0,1,35,0,1,0,0,0,0,139,0,1,15,0,1,72,11,1,1
050579,123,121,5,61,57,5,62,0,62,2,0,0,0,0,3,0,0,0,0,5,0,0,0,2,0,0,0,0,1,0,0,0,7,0,0,0,0,0,0,17,0,0,5,0,0,19,0,0,1
050580,81,83,5,15,62,4,66,0,66,1,0,0,1,0,2,0,0,3,0,1,0,0,0,6,0,0,0,0,0,0,0,0,10,0,0,0,0,0,0,18,0,0,1,0,0,23,0,0,0
050581,1680,1664,20,657,1005,18,1023,0,1023,14,0,0,1,0,29,1,1,19,0,71,0,0,1,224,1,1,0,0,7,0,0,1,49,1,5,0,0,0,2,259,0,0,138,1,0,185,10,1,1
050582,1554,1540,31,575,950,29,979,0,979,18,1,2,4,1,35,0,0,17,0,71,0,0,0,218,0,0,0,0,15,0,0,1,52,0,6,0,1,0,1,200,0,0,142,0,3,179,7,0,5
050583,1068,1061,25,402,643,23,666,0,666,9,0,0,1,0,13,2,0,9,0,42,0,0,0,186,0,1,1,1,3,0,0,0,35,2,3,1,0,0,3,156,0,1,65,0,0,123,6,0,3
050584,963,952,22,374,570,19,589,0,589,9,0,0,2,2,23,0,1,14,0,48,0,2,0,120,1,1,0,0,7,0,0,2,76,0,0,0,0,0,1,113,0,2,53,0,0,106,4,1,1
050585,198,198,12,65,125,8,133,0,133,0,0,0,0,0,5,0,0,5,0,0,0,0,2,26,0,0,0,0,1,0,0,1,32,1,0,0,0,0,0,24,0,0,4,0,0,30,0,1,1
050586,114,111,12,47,57,10,67,0,67,0,0,1,0,0,5,0,0,0,0,1,0,0,0,9,0,0,0,0,0,0,0,0,16,1,0,0,0,0,0,11,0,0,7,0,0,15,1,0,0
050587,309,316,8,84,217,8,225,0,225,3,0,0,0,0,4,0,1,5,0,13,0,0,0,35,0,0,0,0,3,0,0,0,52,0,0,0,0,0,0,55,0,0,8,0,0,40,3,0,3
050588,855,839,31,349,476,30,506,0,506,10,0,0,2,0,38,0,1,10,0,27,1,0,0,105,0,0,0,0,3,0,0,0,57,1,3,0,0,0,0,139,0,1,23,0,0,80,5,0,0
050589,324,327,9,106,211,7,218,0,218,2,1,0,1,0,8,0,0,14,0,8,0,1,0,36,1,0,0,0,2,0,0,0,16,0,1,0,0,0,0,64,0,0,14,0,1,45,3,0,0
050590,216,218,6,91,120,5,125,0,125,3,0,0,0,0,6,1,0,0,0,8,0,0,0,12,0,1,0,0,1,0,0,1,26,0,0,0,0,0,1,34,0,0,4,0,0,25,2,0,0
050591,303,301,10,101,193,9,202,0,202,4,1,0,0,1,6,0,0,7,1,11,0,0,0,41,0,0,0,0,6,0,0,1,38,0,0,0,0,0,2,39,0,0,6,0,0,36,1,0,1
050592,981,973,67,303,613,65,678,0,678,3,0,0,0,0,29,0,0,7,0,46,0,0,2,129,0,0,0,0,6,0,0,0,102,1,1,0,0,0,2,160,0,0,36,0,0,147,3,1,3
050593,291,288,8,97,187,7,194,0,194,0,0,0,0,1,4,0,0,2,2,15,0,0,0,33,0,0,1,0,2,0,0,0,22,0,0,0,0,0,0,50,0,0,10,0,0,48,2,1,1
050594,240,245,12,67,161,12,173,0,173,1,0,0,0,0,8,0,0,4,1,14,0,1,0,33,1,1,0,0,1,0,0,0,19,0,1,0,0,0,0,39,0,0,16,0,0,31,2,0,0
050595,198,196,13,61,124,13,137,0,137,4,0,0,0,0,1,0,1,2,0,17,0,0,0,18,0,0,1,0,0,1,0,0,11,0,0,0,0,0,1,39,1,0,12,0,0,27,1,0,0
050596,288,290,16,72,200,16,216,0,216,0,0,0,0,0,9,1,0,5,1,9,0,0,0,49,1,0,0,0,4,1,0,0,10,0,0,0,0,0,0,41,0,0,13,0,2,64,5,0,1
050597,240,237,26,78,136,26,162,0,162,4,0,0,0,0,4,0,0,9,0,7,0,0,0,21,0,0,0,1,0,0,0,2,10,0,0,0,0,0,0,44,0,0,19,0,0,41,0,0,0
050598,420,419,44,134,251,35,286,0,286,3,0,0,0,0,8,0,0,8,0,14,0,0,0,47,1,0,1,0,3,0,0,2,28,0,0,0,0,0,0,108,0,0,14,0,0,44,4,0,1
050599,57,60,7,16,35,6,41,0,41,0,0,0,0,0,2,0,0,4,0,1,0,0,0,18,0,0,0,0,0,0,0,0,5,0,0,0,0,0,0,6,0,0,2,0,0,3,0,0,0
050600,75,74,4,17,54,4,58,0,58,0,0,0,0,0,3,1,0,1,0,5,0,0,0,12,0,0,0,0,0,0,0,0,6,0,0,0,0,0,1,9,0,0,1,0,0,18,0,1,0
050601,1350,1331,63,513,775,62,837,0,837,5,0,1,4,0,32,0,0,7,0,47,0,0,0,192,1,0,1,0,8,0,1,2,99,0,1,0,0,0,1,175,0,0,44,0,1,200,13,0,2
050602,897,899,12,331,554,12,566,0,566,6,0,1,0,1,16,0,0,6,0,30,0,1,0,112,1,1,0,0,2,0,0,1,38,0,0,0,0,0,1,181,0,0,55,0,1,97,12,1,2
050603,240,248,10,50,181,9,190,0,190,0,0,0,0,0,10,0,0,4,0,18,0,0,0,46,0,3,0,0,2,0,0,0,12,0,0,0,0,0,0,29,0,0,13,1,0,47,2,0,3
050604,765,754,52,239,476,50,526,0,526,4,4,0,0,2,7,0,0,1,0,45,0,0,1,105,0,0,0,0,5,0,0,1,38,0,5,1,0,0,1,130,0,0,48,0,0,116,10,0,2
050605,945,938,52,308,592,45,637,0,637,8,1,0,0,0,20,0,0,33,0,35,0,0,1,110,0,4,0,0,3,0,0,1,53,0,1,0,1,1,2,127,0,0,73,0,1,152,2,1,7
050606,165,33,11,136,19,10,29,0,29,0,0,0,0,0,1,0,0,1,0,2,0,0,0,5,0,0,0,0,1,0,0,1,4,0,0,0,0,0,0,4,0,0,4,0,0,5,1,0,0
050770,1749,1761,21,549,1181,19,1200,0,1200,12,0,2,3,1,70,1,0,26,1,81,0,0,1,319,1,0,0,0,8,0,0,1,91,0,1,1,0,0,0,215,0,2,151,0,2,192,6,0,12
050771,1710,1726,10,580,1124,6,1130,0,1130,14,1,1,2,1,50,0,0,19,0,88,0,1,0,278,1,1,0,0,6,0,0,2,79,0,6,0,0,0,0,230,0,1,159,2,3,162,15,2,6
050772,1344,1348,21,395,930,19,949,0,949,3,1,0,1,0,34,2,2,19,0,83,0,0,1,243,1,1,1,0,6,0,0,1,78,1,3,0,0,0,1,167,0,2,146,2,0,140,3,0,7
050773,1677,1652,20,477,1180,20,1200,0,1200,8,0,1,3,1,36,0,0,17,0,100,1,3,0,281,0,4,0,0,15,0,0,1,53,1,5,0,1,0,0,300,1,0,157,5,2,191,8,0,5
050774,1842,1812,8,653,1181,8,1189,0,1189,10,0,1,2,0,53,0,0,27,0,92,1,0,0,271,2,1,0,0,10,3,1,1,91,0,2,1,0,0,0,272,0,1,123,0,0,213,6,0,5
050775,1113,1110,59,509,589,15,604,0,604,24,4,3,2,1,34,0,1,7,0,35,3,0,0,179,0,0,0,1,1,1,0,0,37,0,2,0,0,0,0,106,0,1,39,0,1,108,3,3,8
050776,1443,1416,15,555,877,11,888,0,888,7,1,0,3,2,40,0,0,22,0,52,0,1,1,261,0,1,0,1,4,0,0,0,55,1,2,0,0,0,2,183,0,0,101,0,1,134,5,1,7
050777,1107,1097,25,429,653,25,678,0,678,7,5,0,0,1,64,0,1,8,0,30,0,0,0,231,0,1,0,0,11,0,2,3,35,0,0,0,0,0,0,113,0,2,66,0,0,94,3,0,1
050778,924,918,41,356,533,35,568,0,568,6,1,5,0,1,17,1,0,10,0,35,1,0,0,124,0,2,0,0,3,0,0,0,32,0,4,0,0,0,0,133,0,1,100,0,0,81,7,0,4
050779,801,794,33,356,416,29,445,0,445,5,0,1,0,0,13,0,0,7,1,28,0,0,0,80,1,2,0,0,1,0,0,0,47,0,1,0,0,0,0,84,0,1,62,0,0,99,7,0,5
050780,291,296,39,77,176,38,214,0,214,2,0,0,0,0,9,0,0,3,0,5,0,1,0,25,0,1,0,0,1,0,0,1,60,0,1,0,0,0,1,36,0,0,19,1,0,45,1,0,2
050781,81,79,20,18,43,20,63,0,63,0,0,0,1,0,5,0,0,0,1,5,0,3,0,8,0,0,0,0,0,0,0,0,11,0,0,0,0,0,0,12,0,0,0,0,0,14,1,2,0
050782,120,92,26,28,66,26,92,0,92,0,0,0,1,0,4,0,0,1,0,3,0,1,0,9,0,1,0,0,2,0,0,1,16,0,1,0,0,0,0,27,0,0,0,1,0,22,2,0,0
050783,306,304,20,84,202,20,222,0,222,1,0,0,0,0,8,0,0,0,0,8,0,0,0,31,0,0,0,0,0,0,0,2,51,0,0,0,0,0,0,78,0,0,6,0,1,36,0,0,0
050784,225,234,28,48,151,26,177,0,177,3,0,0,0,0,6,0,0,5,1,10,0,0,0,24,0,0,0,0,1,0,0,1,27,1,1,0,0,0,0,50,0,0,19,0,0,23,2,0,3
050786,396,396,33,133,231,32,263,0,263,1,0,0,0,0,16,0,0,4,0,8,0,0,1,27,0,0,0,0,0,0,0,0,37,0,1,0,0,0,0,78,0,1,5,0,1,77,4,0,2
050787,942,942,28,314,602,26,628,0,628,6,2,0,0,0,12,0,0,7,0,26,1,1,0,146,0,0,1,0,4,1,0,0,53,0,2,0,0,0,1,107,0,2,78,2,1,159,12,0,4
050788,390,390,27,124,240,26,266,0,266,0,0,0,0,0,2,0,0,2,1,7,0,0,0,47,0,0,0,0,0,0,0,0,21,0,0,0,0,0,2,114,1,0,10,0,0,55,4,0,0
050789,177,179,27,25,125,27,152,0,152,1,0,0,0,0,10,0,0,6,0,8,0,0,0,14,0,0,0,0,3,0,0,2,7,0,0,0,0,0,1,45,0,0,4,0,0,44,7,0,0
050790,396,390,44,155,197,44,241,0,241,2,0,1,1,0,14,0,1,7,0,23,0,0,0,30,0,2,0,0,0,0,0,0,18,0,0,0,0,0,1,56,0,1,10,0,0,64,7,0,3
050791,618,616,49,179,391,48,439,0,439,4,0,1,0,0,14,1,0,4,0,35,1,0,0,108,0,0,0,0,2,0,0,0,71,0,2,0,0,0,0,102,0,0,19,0,0,66,7,1,1
050792,135,135,15,30,91,14,105,0,105,0,0,0,0,0,6,0,0,0,0,2,0,0,0,22,0,0,0,0,0,0,0,0,9,0,0,0,0,0,0,32,0,0,6,0,0,23,5,0,0
050793,303,306,28,77,199,27,226,0,226,3,0,0,0,0,24,0,0,1,0,18,0,0,0,42,0,0,0,0,0,0,0,1,26,0,0,0,0,2,0,50,0,0,9,0,0,42,7,0,1
050794,249,244,27,88,139,22,161,0,161,2,0,0,0,0,16,0,0,2,0,8,0,0,0,31,0,0,0,0,4,0,0,0,20,0,1,0,0,0,1,33,0,0,8,0,0,31,2,0,2
050795,309,312,21,99,189,21,210,0,210,1,0,0,1,0,7,0,0,5,0,8,0,0,0,33,0,2,0,0,6,0,0,1,25,0,1,0,0,0,0,53,1,0,13,0,0,46,6,0,1
050796,375,369,21,163,191,21,212,0,212,1,0,1,0,0,12,1,1,10,0,10,0,0,1,44,0,2,0,0,0,0,0,1,21,0,0,0,0,0,0,50,0,0,16,0,1,36,3,0,1
050797,261,259,30,76,156,29,185,0,185,2,0,0,0,0,20,2,0,1,0,13,0,0,0,44,1,1,0,0,1,0,1,0,19,0,0,0,0,0,0,45,1,1,4,0,1,23,2,0,3
050798,249,250,31,71,152,26,178,0,178,6,0,0,0,0,2,0,0,1,1,5,0,0,0,33,0,3,0,0,0,0,0,0,31,0,0,0,0,1,1,46,0,0,4,0,0,40,3,0,1
050799,213,223,13,30,171,12,183,0,183,0,0,0,0,0,10,0,0,2,0,11,1,0,0,24,0,0,1,0,1,0,0,0,26,0,3,0,0,0,0,62,1,0,8,1,0,29,3,0,0
050800,189,189,19,51,119,19,138,0,138,2,0,0,0,0,7,0,0,1,0,9,0,0,0,29,0,0,0,0,0,0,0,0,12,0,0,0,0,0,0,32,0,0,8,0,2,33,3,0,0
050801,180,180,12,47,121,12,133,0,133,0,0,0,0,0,1,0,0,2,0,0,0,0,0,8,0,0,0,0,1,0,0,0,6,0,1,0,0,0,1,40,0,0,7,0,0,63,3,0,0
050802,156,156,8,47,101,8,109,0,109,1,1,0,0,0,0,0,0,1,0,2,0,0,0,23,0,0,0,0,0,0,0,0,13,0,0,0,0,0,0,23,1,0,15,0,0,23,2,1,3
050803,192,196,12,50,131,11,142,0,142,1,0,0,0,0,11,0,0,1,0,8,0,0,0,31,0,1,0,0,0,0,0,0,20,0,0,0,0,0,0,39,0,0,1,0,0,27,2,0,0
050804,72,75,7,22,43,7,50,0,50,0,0,0,0,0,3,0,0,0,0,11,0,0,0,4,0,0,0,0,0,0,0,0,6,0,0,0,0,0,0,15,0,0,4,0,0,4,2,0,1
050805,1098,1091,25,418,655,25,680,0,680,4,1,0,0,0,21,1,0,7,0,35,0,1,1,128,1,0,0,0,1,1,0,2,60,1,2,0,0,0,1,150,0,1,54,1,1,193,11,0,1
050806,495,493,34,134,327,34,361,0,361,2,0,0,0,2,10,0,1,9,0,36,0,1,1,57,1,0,1,0,7,1,0,0,39,0,2,0,0,0,2,94,0,0,10,0,1,69,7,0,8
050808,1047,1039,12,365,670,12,682,0,682,5,0,0,0,0,25,0,0,5,0,30,0,0,0,171,1,4,0,0,3,0,0,0,79,1,1,0,0,0,1,126,0,0,61,0,1,156,8,0,4
050809,1527,1516,17,569,941,17,958,0,958,16,1,0,3,0,40,0,1,23,0,42,0,1,0,243,0,0,0,1,7,0,2,1,95,1,2,0,0,0,0,173,0,3,84,0,1,201,13,0,4
050810,150,150,16,43,91,16,107,0,107,0,0,0,0,1,5,0,0,2,0,6,0,0,0,22,0,0,0,0,0,0,0,0,12,0,0,0,1,0,1,29,0,0,1,1,1,23,2,0,0
050811,168,165,22,49,97,22,119,0,119,0,0,0,0,0,10,0,0,0,0,2,0,0,0,18,0,1,2,1,0,0,0,1,28,0,0,0,0,0,0,18,0,0,6,0,0,27,4,0,1
050812,318,315,38,90,191,37,228,0,228,1,0,0,0,0,21,0,0,0,0,16,0,1,0,22,0,2,0,0,1,0,0,0,15,0,2,0,0,0,1,49,0,0,15,0,0,80,2,0,0
050813,159,163,14,41,104,14,118,0,118,2,0,1,0,0,8,0,0,0,1,8,0,0,0,16,0,0,0,0,1,0,0,1,14,0,0,0,0,0,0,27,0,0,2,2,0,34,1,0,0
050814,147,150,14,44,89,14,103,0,103,1,0,0,0,0,7,0,0,2,1,5,0,0,0,7,0,1,0,0,1,0,0,0,14,0,0,0,0,0,0,33,0,1,10,1,0,15,4,0,0
050815,231,228,23,79,130,22,152,0,152,2,0,0,0,0,8,0,0,0,0,11,0,0,0,28,0,1,0,0,0,0,0,0,16,0,0,0,0,0,0,60,0,0,3,0,0,18,1,0,4
050816,264,252,20,83,163,18,181,0,181,2,0,0,0,0,15,0,0,0,0,8,0,0,0,30,0,0,0,0,0,0,0,2,20,1,0,0,0,0,0,69,0,0,8,0,0,23,2,1,0
050817,624,619,51,204,372,48,420,0,420,4,0,0,0,0,8,0,0,4,0,24,0,0,0,88,0,0,0,0,1,0,0,1,75,0,2,0,0,0,0,79,1,0,23,0,2,100,7,0,1
050818,399,409,27,47,325,27,352,0,352,4,2,4,1,3,11,0,0,7,0,26,1,0,0,57,0,1,0,0,0,0,0,0,85,1,0,0,0,0,1,58,1,0,17,0,1,69,0,0,2
050819,264,262,28,79,157,28,185,0,185,1,0,0,1,0,3,1,0,0,0,4,0,0,0,28,0,0,0,0,0,0,0,1,53,0,0,0,0,0,0,37,0,1,15,0,0,38,2,0,0
050820,231,229,28,65,138,28,166,0,166,3,0,0,0,0,9,0,0,2,0,8,0,0,0,19,0,0,0,0,0,0,1,2,18,0,0,0,0,0,0,37,0,0,10,0,2,50,1,2,2
050821,395,393,38,115,244,36,280,0,280,2,0,0,0,0,6,0,0,5,0,15,0,0,0,30,0,0,0,0,1,0,1,0,49,3,0,0,0,0,0,60,0,0,30,0,0,75,3,0,0
050822,1116,1109,28,378,714,24,738,0,738,5,1,1,0,0,52,3,0,17,0,33,0,1,0,161,1,3,0,0,4,1,0,2,52,2,2,0,0,0,0,147,3,2,77,3,1,149,5,3,7
050823,162,160,16,30,116,16,132,0,132,0,0,0,0,0,4,0,0,0,0,7,0,0,0,12,0,0,0,0,0,0,0,1,21,0,0,0,0,0,0,23,0,0,10,0,0,48,5,0,1
050824,84,81,5,26,54,4,58,0,58,1,0,0,0,0,8,0,0,0,0,1,0,0,0,8,0,0,0,0,0,0,0,0,8,0,1,0,0,0,0,9,0,0,4,0,0,18,0,0,0
050825,318,219,31,99,189,30,219,0,219,0,0,0,2,0,5,0,0,4,0,11,0,0,0,36,0,0,0,0,2,0,0,0,32,0,0,0,0,0,0,89,0,0,6,0,0,29,3,0,0
050826,192,189,17,70,107,15,122,0,122,0,1,0,0,0,6,0,0,0,0,6,0,0,1,11,0,0,0,0,1,0,0,0,16,1,0,0,0,0,0,51,0,0,8,0,0,16,3,1,0
050827,498,497,53,178,274,46,320,0,320,3,0,0,0,0,14,0,0,6,0,23,0,0,0,73,0,2,0,0,2,0,0,0,22,0,0,0,0,0,0,68,0,0,15,0,1,89,2,0,0
050828,210,222,23,53,138,19,157,0,157,2,0,0,1,0,7,1,0,0,0,6,0,0,0,32,0,0,0,0,0,0,0,1,19,0,0,0,0,0,0,17,0,0,16,0,0,52,2,1,0
050829,336,340,24,57,255,24,279,0,279,6,0,0,0,0,17,0,0,1,1,13,0,0,0,44,0,2,0,0,0,0,0,1,65,0,0,0,1,0,0,55,0,0,21,0,0,48,4,0,0
050830,402,409,40,119,246,37,283,0,283,2,0,1,2,1,19,0,0,5,0,11,0,0,0,41,0,0,0,0,4,0,0,0,49,1,0,0,1,0,0,62,0,0,20,0,0,54,7,0,3
050831,717,707,36,218,464,35,499,0,499,2,0,0,1,0,23,0,0,6,0,18,0,1,1,115,0,1,0,1,4,0,0,0,49,0,1,0,2,0,1,99,0,1,50,1,0,117,4,0,1
050832,153,152,11,33,109,11,120,0,120,0,0,1,1,0,3,0,0,2,0,4,0,0,0,23,0,0,0,0,2,0,0,1,18,0,0,0,1,0,1,16,0,0,2,0,0,42,3,0,0
050833,516,512,41,166,311,39,350,0,350,5,0,1,0,0,12,1,0,8,0,37,0,0,0,51,0,3,0,0,3,0,0,0,48,0,4,0,0,0,0,76,0,0,12,0,1,81,3,0,4
050834,210,209,22,67,123,20,143,0,143,0,1,0,1,1,6,0,0,0,1,16,0,1,0,27,0,3,0,0,0,0,0,0,13,0,0,0,1,1,0,34,0,0,0,1,1,31,0,0,4
050835,84,83,6,23,55,6,61,0,61,0,0,0,0,0,6,0,0,5,0,1,0,0,0,13,0,0,0,0,1,0,0,0,8,0,0,0,0,0,0,12,0,0,0,0,0,14,0,0,1
050836,126,119,4,53,69,4,73,0,73,2,0,0,0,0,2,0,0,0,0,3,0,0,0,9,0,2,0,0,0,0,0,0,15,0,0,0,0,0,0,23,0,0,2,0,0,13,2,0,0
050837,642,588,49,184,411,47,458,0,458,4,0,1,0,0,31,0,0,8,0,28,0,0,0,82,0,1,0,0,3,0,0,0,66,2,3,1,0,0,1,91,0,0,48,1,1,76,6,0,4
050839,471,472,61,144,269,58,327,0,327,5,1,0,1,0,11,1,0,3,0,17,0,0,0,69,1,1,0,0,1,0,0,1,29,1,3,0,0,1,1,66,0,0,34,0,0,66,9,2,3
050840,342,335,30,103,209,30,239,0,239,2,0,0,0,1,9,0,0,1,0,14,0,0,1,47,0,1,3,0,0,0,0,1,43,0,0,0,0,1,0,47,0,0,9,1,0,54,3,0,1
050841,672,652,25,219,428,25,453,0,453,5,0,0,1,0,12,0,0,12,0,24,0,0,0,119,0,0,0,0,5,0,0,1,41,0,0,0,0,0,0,77,1,1,39,0,1,108,4,0,2
050842,144,145,15,45,86,13,99,0,99,4,1,0,0,0,4,0,0,1,0,8,0,0,0,13,1,0,0,0,0,0,0,1,7,0,0,0,0,0,0,22,0,0,9,0,1,26,1,0,0
050843,90,99,13,15,62,13,75,0,75,0,0,0,0,0,1,0,0,2,0,7,0,0,0,10,0,0,0,0,0,0,0,0,8,0,0,0,0,0,0,18,0,0,3,0,0,24,2,0,0
050844,489,483,28,153,309,27,336,0,336,8,1,0,1,0,5,0,0,1,0,20,0,0,0,38,0,0,0,0,0,1,0,1,82,0,1,2,0,0,0,80,1,0,32,0,0,55,1,1,5
050845,195,192,27,60,110,25,135,0,135,0,0,0,0,0,5,0,0,5,0,8,0,0,0,26,0,0,0,0,0,0,0,1,26,2,0,0,0,0,0,21,0,0,5,0,0,35,1,0,0
050846,483,478,26,112,347,24,371,0,371,2,0,0,0,0,18,0,1,13,0,24,0,0,0,78,0,4,0,0,3,0,1,2,45,0,1,0,1,0,0,63,0,0,21,0,0,85,4,1,4
050847,126,123,10,42,74,10,84,0,84,0,1,0,0,1,6,0,0,2,0,6,0,0,0,17,0,0,1,0,0,0,0,0,12,0,0,0,0,0,0,21,0,0,2,0,0,12,2,0,1
050848,207,22,12,189,6,12,18,0,18,0,0,0,0,0,1,0,0,0,0,0,0,0,0,2,0,0,0,0,0,0,0,0,1,0,0,0,0,0,0,3,0,0,4,0,0,6,1,0,0
050849,1446,1418,44,474,929,43,972,0,972,10,5,0,2,1,75,1,0,17,0,65,1,0,0,234,1,2,0,0,15,0,0,0,45,1,4,0,1,0,1,212,1,1,77,1,0,183,9,1,6
050850,1185,1182,34,451,705,29,734,0,734,7,2,0,0,1,40,0,0,10,0,54,0,0,0,150,1,2,0,0,8,0,2,0,30,1,2,0,0,0,1,175,0,1,60,1,0,171,7,0,8
050851,144,142,5,43,98,3,101,0,101,0,0,0,0,0,1,0,0,1,0,3,0,0,0,19,0,0,0,0,0,0,0,0,18,0,0,0,0,0,1,29,0,0,2,0,0,23,4,0,0
050852,708,706,44,236,433,39,472,0,472,6,0,0,1,0,22,1,0,11,0,21,0,0,0,106,0,3,0,0,2,0,0,1,69,1,1,0,0,0,0,93,1,1,34,0,0,84,10,1,3
050853,453,454,37,124,295,34,329,0,329,1,0,2,0,1,11,0,0,11,0,16,0,0,0,67,0,0,0,0,0,0,0,0,42,2,2,0,0,0,1,91,0,1,15,0,0,62,2,0,2
050854,525,523,52,144,331,50,381,0,381,4,0,0,0,1,15,0,0,7,0,37,0,0,0,44,0,1,0,0,4,0,0,2,40,1,0,0,0,0,1,110,0,0,12,0,2,95,2,1,2
050855,459,456,39,96,324,39,363,0,363,4,0,1,1,1,7,0,0,15,0,18,0,0,0,66,0,1,0,0,1,0,0,1,68,0,4,0,0,0,1,80,0,0,4,0,1,82,5,0,2
050856,207,202,9,80,120,7,127,0,127,1,0,0,0,0,5,0,0,3,1,7,0,0,0,31,0,0,0,0,1,0,1,0,15,0,0,0,0,0,0,31,0,0,3,0,0,25,1,0,2
050857,363,365,48,115,207,41,248,0,248,3,0,0,0,0,6,0,0,27,1,6,1,0,0,52,0,0,0,0,0,0,0,3,39,0,0,0,0,0,0,42,2,1,11,0,1,48,1,2,2
050858,243,235,12,76,156,11,167,0,167,1,0,1,1,0,8,0,0,1,0,8,0,0,0,39,0,0,0,0,0,0,0,0,50,0,0,0,0,0,0,27,0,0,6,0,0,23,1,0,1
050859,189,192,9,54,128,7,135,0,135,1,0,0,0,0,1,0,0,5,0,9,0,0,0,26,0,0,0,0,2,0,0,0,31,0,0,0,0,0,0,20,0,1,4,0,0,33,0,0,2
050860,399,400,28,125,250,24,274,0,274,4,0,0,0,0,10,0,0,9,0,12,0,0,0,63,0,0,0,0,0,0,0,0,44,0,0,1,0,0,1,42,0,0,7,0,0,76,3,0,2
050861,468,454,34,128,308,32,340,0,340,4,0,0,0,0,5,0,0,17,1,18,0,0,2,76,0,1,1,0,3,0,1,1,37,0,1,0,0,0,0,68,1,1,15,0,0,76,9,1,1
050862,936,925,58,340,552,44,596,0,596,5,0,0,2,0,42,0,0,7,0,25,0,0,1,121,1,6,0,0,2,0,0,3,56,0,1,0,0,0,1,151,0,0,39,0,3,117,8,0,5
050863,567,563,7,178,382,7,389,0,389,1,0,1,3,0,28,0,0,15,0,46,3,0,0,79,0,4,0,0,4,0,0,0,18,1,0,0,0,0,0,64,0,0,22,3,0,87,7,0,3
050864,405,397,16,122,268,15,283,0,283,3,0,0,0,0,6,0,0,7,1,10,0,0,0,44,0,2,0,0,0,0,0,0,37,0,0,0,0,0,1,46,2,0,13,0,0,97,10,1,3
050865,294,290,23,114,165,15,180,0,180,3,0,0,0,0,3,0,0,4,0,5,1,0,0,30,0,2,0,0,0,0,1,0,41,0,0,0,0,0,1,48,1,2,4,0,0,30,0,0,4
050866,129,127,7,36,86,7,93,0,93,0,0,0,0,0,4,0,0,8,0,1,0,0,0,26,0,0,0,0,0,0,0,0,27,1,0,0,0,0,0,15,0,0,0,0,0,9,2,0,0
050867,309,313,30,91,195,23,218,0,218,2,0,2,1,0,8,0,0,11,0,5,0,0,0,40,0,1,0,0,1,0,0,0,41,0,0,0,0,0,1,55,0,0,13,0,3,33,1,0,0
050868,258,259,29,60,169,29,198,0,198,2,0,0,0,1,5,0,0,5,0,4,0,0,0,44,1,1,0,0,1,0,0,0,34,0,1,0,0,0,1,50,0,0,11,0,1,32,3,0,1
050869,147,149,8,39,100,8,108,0,108,0,0,0,0,0,3,0,0,4,0,3,0,0,0,27,0,3,0,0,0,0,0,0,11,0,0,0,0,0,0,20,0,0,7,0,1,26,2,0,1
050870,330,332,13,111,209,10,219,0,219,1,0,0,0,0,3,0,0,13,0,9,0,0,0,30,0,0,0,0,1,0,0,0,35,0,0,0,0,0,1,73,0,0,7,0,1,43,2,0,0
050871,435,433,43,77,315,43,358,0,358,2,0,0,2,0,17,0,0,16,1,13,0,1,0,69,0,2,0,0,3,1,0,0,52,0,0,0,1,0,1,96,0,0,13,0,0,59,7,1,1
050872,774,764,55,345,387,42,429,0,429,4,0,1,1,0,20,0,3,11,0,30,0,0,0,134,1,3,0,1,5,0,0,1,52,1,1,0,0,0,0,53,0,0,31,0,1,63,6,1,5
050873,225,224,29,67,130,28,158,0,158,1,0,0,0,1,3,0,0,4,0,15,0,0,0,20,1,0,0,0,0,0,0,3,29,0,0,1,0,0,1,23,0,1,7,1,1,40,5,0,1
050874,168,164,16,41,114,13,127,0,127,2,0,0,0,0,5,0,1,1,0,9,0,0,0,35,0,0,0,0,0,0,0,0,13,0,0,0,0,0,0,30,0,0,5,0,1,21,4,0,0
050875,351,347,35,98,222,31,253,0,253,4,0,1,0,0,6,0,0,4,0,9,1,0,0,40,0,4,1,0,2,0,0,1,33,0,0,0,1,0,2,68,0,0,3,0,0,69,3,0,1
050876,165,162,23,44,100,21,121,0,121,0,0,0,0,0,2,0,0,8,1,12,0,0,0,26,0,0,0,0,0,0,0,0,16,0,1,0,0,0,0,27,0,0,4,0,1,21,2,0,0
050877,213,208,14,65,134,14,148,0,148,0,0,0,0,0,5,0,0,7,0,7,0,0,0,21,1,3,0,0,3,0,0,1,28,1,0,0,0,0,2,17,0,0,12,0,0,37,3,0,0
050878,225,223,30,70,132,23,155,0,155,1,0,0,0,0,0,0,0,7,0,10,0,0,0,14,0,0,0,0,0,0,0,1,43,0,0,0,0,0,0,30,0,1,5,0,0,40,2,0,1
050879,423,420,67,142,215,66,281,0,281,4,1,0,3,1,5,0,0,9,0,18,0,1,0,29,1,0,0,0,2,1,0,1,63,2,2,0,0,0,1,62,0,2,11,0,0,60,2,0,0
050880,609,603,47,146,420,43,463,0,463,3,2,5,0,0,4,0,0,3,0,38,0,1,0,87,0,3,0,0,1,0,0,2,41,0,1,0,0,0,0,107,0,1,18,0,0,140,5,0,1
050881,147,145,17,41,89,17,106,0,106,0,0,0,1,0,0,0,0,2,0,7,0,0,0,18,0,0,0,0,0,0,0,0,13,0,0,0,0,0,1,21,0,0,15,0,0,24,3,0,1
050882,297,295,17,97,183,17,200,0,200,1,0,0,0,0,6,0,0,10,0,5,0,0,1,48,0,0,0,0,0,0,0,0,28,0,0,0,0,0,1,35,0,0,10,0,0,53,1,0,1
050883,675,674,60,155,461,59,520,0,520,6,0,0,1,0,11,0,0,10,3,22,1,0,0,75,0,1,0,0,3,0,0,1,106,0,0,0,2,1,1,124,0,0,13,1,4,125,7,1,1
050884,456,444,42,127,287,42,329,0,329,2,0,0,0,0,10,0,0,3,0,17,0,0,0,55,0,2,0,0,2,0,0,1,64,0,0,0,1,0,0,88,0,0,15,0,1,61,4,1,2
050885,63,58,12,21,30,12,42,0,42,0,0,0,0,0,3,0,0,2,0,4,0,0,0,6,0,0,0,0,0,0,0,1,12,0,0,0,0,0,0,9,0,0,1,0,0,4,0,0,0
050886,336,335,26,79,232,25,257,0,257,0,2,0,0,1,8,0,0,15,0,12,0,0,0,43,0,1,0,0,1,0,0,2,46,1,1,0,0,0,0,39,0,0,9,0,0,75,0,1,0
050887,204,198,18,47,139,18,157,0,157,3,0,1,1,0,1,0,0,7,0,6,0,0,0,22,0,0,0,0,0,0,0,0,22,0,0,0,0,0,0,54,0,0,0,0,0,37,0,2,1
050888,48,50,5,13,31,4,35,0,35,1,0,0,0,0,0,0,0,2,0,4,0,0,0,5,0,0,0,0,0,0,1,0,4,0,1,0,0,0,0,11,0,0,1,0,0,4,1,0,0
050889,879,868,69,307,516,56,572,0,572,1,0,0,0,0,12,0,0,32,1,13,0,1,0,118,0,1,0,0,10,0,1,3,69,0,1,0,1,0,1,124,0,0,31,0,1,136,8,1,6
050890,168,163,18,57,98,13,111,0,111,0,0,0,0,0,6,0,1,5,0,7,0,0,0,15,1,0,0,0,0,0,0,0,18,0,0,0,0,0,1,29,0,0,1,1,0,25,1,0,0
050891,120,18,8,102,10,8,18,0,18,0,0,0,0,0,2,0,0,0,0,2,0,0,0,1,0,0,0,0,0,0,0,0,1,0,0,0,0,0,0,3,0,0,2,0,0,7,0,0,0
050921,1933,1896,12,718,1205,10,1215,0,1215,12,4,1,3,1,71,1,0,49,0,51,0,1,0,298,0,3,0,0,11,0,0,1,69,2,0,0,1,1,0,282,0,2,153,0,0,181,5,0,12
050922,2055,2020,10,796,1252,7,1259,0,1259,22,1,0,2,1,44,1,2,41,0,63,0,0,0,278,0,1,0,0,13,0,0,3,83,2,4,0,0,0,2,251,0,0,133,0,0,287,10,2,13
050923,1728,1710,6,784,938,6,944,0,944,11,1,1,0,2,29,2,0,44,0,44,0,2,1,242,1,2,0,0,7,0,0,2,100,3,2,0,0,0,3,144,1,1,78,0,0,199,15,4,3
050924,501,487,1,208,292,1,293,0,293,6,0,0,0,0,8,0,0,9,0,16,0,0,0,94,0,2,0,1,2,0,0,1,27,0,1,0,0,0,0,32,0,1,23,0,0,59,9,2,0
050925,1314,1303,10,465,839,10,849,0,849,16,0,1,4,0,38,0,0,41,0,44,0,0,0,159,0,3,0,0,9,0,0,1,59,4,7,0,0,0,0,195,0,6,108,0,1,146,4,0,3
050926,375,374,30,143,203,29,232,0,232,2,0,0,0,0,5,1,0,2,0,2,0,0,0,44,0,3,1,0,1,0,0,0,41,0,1,0,0,0,1,64,0,1,8,0,0,48,4,1,2
050927,408,402,18,167,223,18,241,0,241,3,0,0,0,0,8,0,0,9,1,17,0,1,0,65,1,0,0,0,2,0,0,1,21,0,2,0,0,0,0,51,0,1,16,1,0,38,3,0,0
050928,684,669,41,238,405,41,446,0,446,3,0,3,0,0,12,0,0,16,0,18,0,0,0,51,0,1,0,0,6,0,0,2,88,1,3,0,0,0,0,112,0,1,13,0,0,100,15,0,1
050929,72,71,6,30,36,6,42,0,42,0,0,0,0,0,5,0,0,3,0,1,0,0,0,5,0,0,0,0,0,0,0,0,5,0,0,0,0,0,0,19,0,0,0,0,0,3,1,0,0
050930,339,335,35,110,195,34,229,0,229,5,0,1,0,0,7,0,0,2,0,8,0,0,0,37,1,0,0,0,5,0,0,0,18,0,0,0,0,0,0,100,1,0,7,0,0,35,2,0,0
050931,27,27,6,6,15,6,21,0,21,0,0,0,0,0,0,0,0,0,0,0,0,0,0,0,0,0,0,0,2,0,0,0,7,0,0,0,0,0,0,8,0,0,0,0,0,4,0,0,0
050932,207,205,23,52,133,22,155,0,155,1,0,0,0,0,6,0,0,8,0,6,1,1,0,16,0,0,0,0,1,0,0,0,25,1,0,0,0,0,1,25,0,0,4,0,0,57,1,0,1
050933,69,66,0,26,43,0,43,0,43,1,0,0,0,0,0,0,0,4,0,0,0,0,0,6,0,1,0,0,0,0,0,0,7,0,0,0,0,0,0,9,0,0,1,0,0,13,0,0,1
050934,138,138,11,53,75,10,85,0,85,1,0,0,0,0,3,1,0,4,0,0,0,0,0,9,0,0,0,0,0,0,0,0,16,0,0,0,0,0,0,15,0,0,0,0,0,35,1,0,0
050935,333,331,23,115,196,22,218,0,218,2,0,0,0,0,10,0,0,9,0,16,1,2,0,25,0,3,0,0,4,1,0,0,51,0,0,0,0,0,2,39,0,0,4,0,0,44,4,1,0
050936,147,145,22,42,83,22,105,0,105,1,0,0,0,0,1,0,1,5,0,7,0,0,0,11,0,0,0,0,1,0,0,0,19,0,2,0,0,0,0,22,0,1,4,0,0,23,3,1,3
050937,1056,1041,14,437,605,14,619,0,619,10,2,3,2,0,28,1,0,6,0,43,0,0,0,135,0,1,0,1,5,0,0,4,85,2,0,0,0,0,1,94,0,4,31,1,0,146,11,0,3
050938,846,831,8,330,508,8,516,0,516,5,0,2,0,1,12,0,0,19,0,28,0,3,0,133,0,0,0,1,14,0,1,1,88,1,2,0,0,0,3,93,0,0,10,1,0,84,9,2,3
050939,390,382,42,92,256,42,298,0,298,1,0,0,0,0,6,0,0,3,0,13,0,0,0,42,0,0,0,0,6,0,0,0,45,0,0,0,0,0,1,74,0,0,14,0,0,84,3,0,6
050940,291,286,14,94,184,13,197,0,197,2,1,0,0,0,3,0,0,5,1,6,1,0,0,36,0,0,0,0,3,0,0,1,39,0,0,0,0,0,0,39,0,0,4,0,0,46,8,1,1
050941,57,54,4,14,39,4,43,0,43,0,0,0,0,0,1,0,0,1,0,1,0,0,0,3,0,0,0,0,0,0,0,0,7,0,1,0,0,0,0,14,0,0,2,0,0,12,1,0,0
050942,54,54,7,17,30,7,37,0,37,0,0,0,1,0,4,0,0,2,0,2,0,0,0,6,0,0,0,0,4,0,0,0,5,0,0,0,0,0,0,8,0,0,0,0,0,5,0,0,0
050943,228,225,15,63,150,15,165,0,165,0,0,1,0,0,7,0,0,4,0,1,0,1,0,15,1,0,0,0,6,0,0,1,31,0,0,0,0,0,1,37,0,0,10,0,0,44,4,0,1
050944,297,290,19,101,177,19,196,0,196,1,0,0,0,1,4,0,0,18,0,5,0,0,0,35,0,0,0,0,2,0,0,0,61,0,0,0,0,0,1,24,0,1,5,0,0,37,1,0,0
050945,387,386,40,123,230,34,264,0,264,1,1,0,1,0,2,2,1,4,0,19,0,0,0,46,0,1,0,0,3,0,0,1,31,2,3,0,0,1,2,52,0,1,11,0,0,68,10,0,1
050946,261,259,34,69,160,32,192,0,192,3,0,0,0,0,3,0,1,10,0,7,0,0,0,41,0,0,0,0,5,0,0,2,34,0,0,0,0,0,1,27,0,0,9,3,0,43,2,0,1
050947,435,431,4,55,377,3,380,0,380,7,2,2,0,0,18,2,0,5,0,10,0,0,0,81,0,5,0,1,7,0,0,1,53,4,0,0,0,0,0,68,0,0,10,0,2,92,6,1,3
050948,318,326,6,87,225,6,231,0,231,1,0,0,0,0,2,0,0,4,0,6,0,0,0,39,0,0,0,0,1,0,0,0,39,0,0,0,0,0,0,68,0,0,8,0,0,62,1,0,0
050949,540,529,51,189,301,50,351,0,351,2,0,0,1,0,12,1,2,8,0,9,0,0,0,59,0,2,0,0,3,0,0,1,55,0,0,0,0,0,0,143,0,1,10,0,1,34,4,0,3
050950,39,41,6,10,23,6,29,0,29,2,0,0,0,0,0,0,0,0,0,0,0,0,0,0,0,0,0,0,3,0,0,0,1,0,0,0,0,0,0,14,0,0,3,0,0,6,0,0,0
050951,441,432,29,186,230,25,255,0,255,2,0,0,0,0,7,0,0,7,0,22,0,0,0,48,1,0,0,0,7,0,0,1,38,0,2,0,0,1,0,62,0,0,15,0,0,37,3,1,1
050952,183,185,11,60,112,11,123,0,123,1,0,0,0,0,14,0,0,7,0,5,0,0,0,18,0,0,0,0,3,0,0,3,15,0,0,0,0,0,1,34,0,0,5,1,0,15,1,0,0
050953,324,321,5,151,169,4,173,0,173,1,0,0,1,0,8,0,0,9,0,7,0,0,0,30,0,0,0,0,5,0,0,1,33,0,0,0,0,0,0,32,0,0,12,0,0,30,3,0,1
050954,621,611,26,206,391,24,415,0,415,2,0,0,0,5,14,0,0,35,0,16,0,0,0,65,0,1,0,0,7,0,0,0,76,1,1,0,0,0,0,63,0,1,14,0,0,102,9,0,3
050955,249,248,21,72,158,19,177,0,177,2,0,0,0,0,10,0,0,10,0,2,0,0,0,29,0,0,0,0,3,0,0,1,25,0,0,0,0,0,0,26,0,0,6,0,2,58,2,0,1
050956,327,326,42,81,205,41,246,0,246,0,0,1,0,0,6,0,0,7,0,12,0,0,0,45,0,0,0,0,1,2,1,2,41,0,2,0,0,0,0,44,0,0,9,0,0,67,5,0,1
050957,216,217,16,67,134,15,149,0,149,1,0,0,0,0,5,0,0,7,0,6,0,0,0,37,0,0,0,0,0,0,0,0,31,0,0,0,0,2,0,19,0,0,1,0,0,39,1,0,0
050958,969,942,20,484,466,19,485,0,485,10,0,1,1,0,15,0,0,9,0,32,0,1,0,88,0,4,0,0,4,0,0,0,51,1,3,0,0,0,0,125,0,0,18,0,0,108,10,2,2
050959,495,487,44,197,256,42,298,0,298,9,0,0,0,2,4,0,1,4,0,5,1,0,0,50,0,0,0,0,5,0,0,1,52,0,1,0,0,0,0,58,0,0,2,0,0,99,2,0,2
050960,243,242,28,60,156,27,183,0,183,1,0,0,0,0,0,0,0,2,0,21,0,0,0,38,0,0,0,0,4,0,0,0,22,1,0,0,1,0,0,38,0,0,8,0,0,44,2,0,1
050961,27,29,5,5,17,5,22,0,22,0,0,0,0,0,2,0,0,0,0,0,0,0,0,2,0,0,0,0,0,0,0,0,1,0,0,0,0,0,0,13,0,0,0,0,0,4,0,0,0
050962,159,158,19,43,99,17,116,0,116,1,0,0,0,0,10,0,0,1,0,4,0,0,0,15,0,0,0,0,6,0,0,0,10,0,0,0,0,0,0,47,0,0,4,0,0,16,1,1,0
050963,114,112,13,41,60,13,73,0,73,0,0,0,0,0,1,0,0,5,0,4,0,0,0,8,0,0,0,0,4,0,0,0,9,1,2,0,0,0,0,23,0,0,4,0,0,11,0,0,1
050964,354,351,38,109,208,37,245,0,245,3,0,0,0,0,11,1,0,7,0,7,0,0,0,70,0,1,0,0,5,0,0,0,28,0,0,0,0,0,2,51,0,0,11,0,3,40,5,0,0
050965,54,52,0,6,48,0,48,0,48,2,0,0,0,0,0,0,0,5,0,1,0,0,0,8,0,0,0,0,0,0,0,0,5,0,0,0,0,0,0,16,0,0,1,0,0,9,1,0,0
050966,27,24,2,10,15,2,17,0,17,0,0,0,0,0,0,0,0,0,0,0,0,0,0,1,0,0,0,0,0,0,0,0,3,0,0,0,0,0,0,12,0,0,0,0,0,1,0,0,0
050967,243,240,23,73,147,23,170,0,170,2,0,0,0,0,2,0,0,6,0,5,0,0,0,27,0,0,0,0,2,0,0,1,25,1,1,0,0,0,0,42,1,0,6,0,1,43,4,0,1
050968,63,59,11,16,37,10,47,0,47,0,0,0,0,0,5,0,0,3,0,1,0,0,0,1,1,1,0,0,0,0,0,0,10,0,0,0,0,0,0,11,0,0,2,0,0,11,1,0,0
050969,342,339,25,113,204,25,229,0,229,1,0,2,1,0,7,0,0,6,0,4,0,0,0,40,0,1,0,0,4,0,0,0,48,0,4,0,0,0,0,55,0,0,8,0,0,44,1,0,3
050970,141,138,18,36,87,18,105,0,105,0,0,0,0,0,1,0,0,5,0,8,0,0,0,10,0,0,0,0,0,0,0,1,19,1,0,0,0,0,0,33,0,0,2,0,0,21,3,0,1
050971,354,355,40,98,216,40,256,0,256,2,0,0,1,0,11,1,0,11,0,9,0,1,0,36,3,0,0,0,6,0,0,1,36,1,1,0,0,0,0,48,0,1,12,1,0,69,5,0,0
050972,21,22,3,1,17,3,20,0,20,0,0,0,0,0,1,0,0,2,0,1,0,0,0,1,0,0,0,0,0,0,0,0,0,0,0,0,0,0,0,8,0,0,1,0,0,6,0,0,0
050973,234,233,21,67,146,21,167,0,167,1,0,0,0,0,3,1,0,4,0,1,0,0,0,25,0,0,0,0,3,0,0,0,35,0,1,0,0,0,0,35,0,0,13,0,0,44,0,1,0
050974,219,215,14,57,148,14,162,0,162,1,0,0,0,0,3,0,0,8,0,1,0,0,0,25,0,1,0,0,0,0,0,0,26,0,0,1,0,0,0,57,0,0,6,0,0,31,1,0,1
050975,213,211,18,94,103,16,119,0,119,0,0,0,0,0,2,0,0,7,0,4,0,0,0,20,0,2,0,0,0,0,0,1,12,1,0,0,0,0,0,17,1,0,7,0,0,41,2,1,1
050976,468,465,34,135,300,33,333,0,333,5,0,0,0,0,5,0,0,19,0,5,0,0,0,43,0,0,0,0,3,0,0,0,29,1,0,0,0,0,0,88,0,0,18,0,0,100,12,1,4
050977,78,82,1,22,55,1,56,0,56,0,0,0,0,0,1,0,0,4,0,4,0,0,0,15,0,0,0,0,1,0,0,1,5,0,0,0,0,0,0,17,0,0,2,0,0,5,1,0,0
050978,99,100,12,22,66,11,77,0,77,1,0,0,0,1,1,0,0,3,0,2,0,0,0,11,0,0,0,0,0,0,0,1,11,0,0,0,0,0,0,17,0,0,2,1,0,21,3,0,2
050979,183,186,13,58,114,11,125,0,125,1,0,0,1,0,0,0,0,2,0,2,0,0,0,13,0,1,0,0,3,0,0,0,23,0,1,0,0,0,1,45,0,0,3,0,0,25,2,0,2
050980,354,354,33,110,211,33,244,0,244,2,1,0,0,0,5,0,0,12,0,15,0,0,0,28,1,0,0,0,1,0,0,0,26,0,1,0,0,0,0,72,0,0,10,0,1,63,4,0,2
050981,108,105,11,32,65,11,76,0,76,1,0,0,0,0,4,0,0,2,0,4,0,0,0,6,0,0,0,0,0,0,0,0,5,0,0,0,0,0,0,25,0,0,3,0,0,24,2,0,0
050982,93,95,12,24,57,12,69,0,69,0,0,0,0,0,6,0,0,3,0,1,0,0,0,11,0,0,0,0,0,0,0,0,9,0,0,0,0,0,0,8,0,0,1,0,0,29,1,0,0
050983,156,81,14,112,31,13,44,0,44,1,0,0,0,0,1,0,0,1,0,3,0,0,0,13,0,0,0,0,0,0,0,0,6,0,0,0,0,0,0,6,0,0,4,0,0,8,1,0,0
050984,75,37,13,38,24,13,37,0,37,0,0,0,0,0,0,0,0,0,0,0,0,0,0,1,0,0,0,0,0,0,0,0,8,0,1,0,0,0,1,9,0,0,1,0,0,15,1,0,0,01,04,2019,00,05
