680105,426,423,49,128,251,47,298,0,298,3,1,0,0,1,23,0,0,2,0,30,0,0,0,35,0,0,0,0,3,0,0,1,56,0,1,0,0,0,0,84,0,5,14,0,0,34,3,1,1
680106,330,325,46,85,208,37,245,0,245,2,0,0,0,0,8,0,0,0,0,22,0,1,1,58,0,0,0,0,3,0,0,0,47,3,0,0,0,0,1,19,0,0,31,0,0,46,1,1,1
680107,288,288,28,81,181,26,207,0,207,3,2,0,0,0,7,0,0,0,0,16,0,0,1,45,0,0,0,0,1,0,0,0,34,2,0,0,0,0,0,37,0,1,17,0,0,36,4,0,1
680108,102,99,9,36,59,7,66,0,66,1,0,0,0,2,4,0,0,0,0,5,0,0,0,12,0,0,0,0,2,0,0,0,11,1,0,0,0,0,0,10,0,0,3,0,0,11,3,0,1
680109,249,246,29,80,142,27,169,0,169,1,0,0,0,0,2,0,0,0,0,8,0,0,0,27,0,0,0,0,3,0,0,1,39,0,2,0,0,0,0,38,0,0,4,0,0,39,4,0,1
680110,198,195,31,44,129,25,154,0,154,1,0,0,0,0,7,0,0,0,1,14,0,0,0,16,0,0,0,0,0,0,0,1,54,0,0,0,0,0,0,22,0,0,2,0,0,33,2,0,1
680111,678,667,43,269,374,35,409,0,409,5,2,0,1,0,9,1,0,1,0,40,0,0,1,76,0,0,0,1,6,0,0,0,80,0,1,0,0,0,0,52,1,0,28,0,0,92,10,0,2
680112,129,124,8,37,84,8,92,0,92,1,0,0,0,0,6,1,0,0,0,8,0,0,0,27,0,0,0,0,0,0,0,0,17,0,0,0,0,0,0,7,0,0,0,0,0,21,3,0,1
680113,228,225,33,45,155,28,183,0,183,4,0,1,0,0,5,0,1,3,0,30,1,0,0,33,0,0,0,0,2,0,0,1,33,1,0,0,0,0,1,25,0,0,3,0,0,34,4,1,0
680114,747,730,53,208,491,48,539,0,539,3,0,1,1,0,15,1,0,1,0,65,0,1,0,134,0,1,0,0,8,0,0,0,51,0,1,0,0,0,0,88,0,0,32,1,0,129,4,1,1
680115,1956,1933,19,710,1230,16,1246,0,1246,15,2,0,6,1,56,3,1,13,0,119,2,1,1,259,0,1,2,0,29,0,0,0,83,0,1,0,0,0,0,199,0,0,141,0,1,285,18,0,7
680116,1125,1110,28,453,645,27,672,0,672,12,0,0,2,1,33,1,0,6,0,77,0,0,0,158,0,1,0,1,15,0,0,0,50,0,2,0,0,0,0,121,0,0,61,0,0,122,5,0,4
680117,2076,2071,14,784,1279,13,1292,0,1292,21,2,0,5,1,73,0,0,10,0,149,0,0,1,326,1,0,0,0,35,0,1,1,82,1,7,0,0,1,1,173,0,0,141,0,0,245,2,2,11
680118,1455,1437,18,566,874,15,889,0,889,19,2,3,1,1,44,1,1,11,1,123,0,0,0,202,0,0,0,0,12,0,3,1,60,0,6,0,0,0,0,115,0,0,69,0,0,196,13,0,5
680119,2358,2321,15,930,1417,11,1428,0,1428,21,1,3,3,1,57,6,1,14,2,166,0,3,0,360,1,1,0,1,38,1,0,2,121,0,4,0,0,0,0,225,0,4,129,0,1,237,13,1,11
680120,2421,2385,7,966,1449,6,1455,0,1455,19,0,0,5,2,56,2,0,13,1,194,0,1,1,392,1,0,0,1,46,0,0,2,102,0,6,0,0,0,2,217,0,0,128,2,2,236,8,2,14
680121,2013,1990,10,830,1177,6,1183,0,1183,13,2,0,5,0,53,7,0,7,0,145,0,0,0,350,0,0,2,0,26,0,1,0,100,1,9,0,0,0,1,146,0,0,75,0,0,218,11,0,11
680122,2166,2139,15,906,1252,8,1260,0,1260,20,6,0,3,1,58,1,0,18,0,134,0,1,1,331,0,1,2,1,26,0,0,3,100,1,8,0,0,1,1,164,1,2,120,0,1,231,16,1,6
680123,447,438,15,177,256,14,270,0,270,13,0,0,1,0,11,0,0,3,0,30,0,0,0,44,0,0,0,0,2,0,0,1,38,1,0,0,0,0,0,30,0,0,17,0,0,75,2,0,2
680124,441,435,42,118,286,37,323,0,323,5,0,0,0,0,16,1,0,1,0,40,0,0,0,76,0,2,0,0,0,0,0,0,61,0,0,0,0,0,0,34,0,0,16,0,0,65,6,0,0
680125,300,297,24,88,190,22,212,0,212,0,0,0,0,0,6,0,0,1,0,21,0,0,0,43,0,0,0,0,4,0,0,1,8,0,0,0,0,0,0,38,0,0,4,0,0,76,8,0,2
680126,306,302,21,91,198,17,215,0,215,3,0,0,0,0,6,0,0,0,0,19,0,0,0,56,0,1,1,0,1,0,0,1,45,0,1,0,0,0,0,33,0,0,12,0,0,35,0,0,1
680127,408,410,59,114,238,56,294,0,294,2,0,0,1,0,26,0,0,1,0,19,0,0,1,47,0,0,0,0,1,0,0,1,49,0,1,0,0,0,1,34,0,0,7,0,0,93,9,0,1
680128,285,281,38,91,161,33,194,0,194,0,1,0,0,0,12,0,1,1,0,27,0,0,0,36,0,0,0,0,3,0,0,0,37,0,0,0,0,0,0,14,0,0,15,0,0,45,2,0,0
680129,135,136,14,38,84,13,97,0,97,1,0,0,0,0,0,0,0,0,0,7,0,0,0,11,0,0,0,0,3,0,0,0,19,0,0,0,0,0,0,17,0,0,6,0,0,31,2,0,0
680130,177,176,22,39,118,20,138,0,138,0,0,0,0,0,8,0,0,0,0,6,0,0,0,36,0,0,0,0,0,0,0,0,27,1,0,0,0,0,0,17,0,0,4,0,0,36,3,0,0
680131,351,349,36,103,213,35,248,0,248,2,0,0,2,0,6,0,0,1,0,28,1,0,0,44,0,0,1,0,3,0,0,0,60,0,3,0,0,0,0,31,0,1,9,0,0,52,3,0,1
680132,438,435,67,128,245,65,310,0,310,1,0,2,3,0,17,1,0,2,0,26,0,0,0,57,0,0,0,0,5,0,0,2,76,0,0,0,0,0,0,37,0,0,5,0,0,70,2,0,4
680133,657,654,34,196,432,29,461,0,461,6,0,0,3,0,18,0,0,1,0,39,0,1,0,122,0,0,0,0,8,0,0,1,67,1,1,0,0,0,0,57,0,1,42,0,1,83,9,0,0
680134,537,530,50,138,352,47,399,0,399,7,1,0,0,0,11,0,0,0,0,33,0,0,2,100,0,0,0,0,1,0,0,0,66,0,1,0,0,0,1,54,0,0,23,0,1,90,6,1,1
680135,267,266,23,68,178,21,199,0,199,0,0,0,0,0,4,0,0,2,0,26,0,0,0,45,0,0,0,0,1,0,0,0,30,0,0,0,0,1,0,37,0,0,1,0,0,46,6,0,0
680136,1215,1207,32,425,762,28,790,0,790,10,0,6,1,0,29,2,0,4,0,74,0,0,0,196,0,2,0,0,14,0,0,2,80,0,7,0,0,0,1,128,0,0,67,0,1,151,7,1,7
680137,645,634,16,233,396,16,412,0,412,6,1,0,0,0,19,0,0,1,1,37,0,0,0,82,0,0,0,0,4,0,0,1,68,0,0,0,0,0,1,78,0,0,18,0,1,85,8,0,1
680138,678,668,49,189,440,49,489,0,489,9,0,0,0,1,36,0,0,3,0,32,0,0,0,122,0,1,0,0,4,0,0,1,56,0,1,0,0,0,0,50,0,0,36,0,0,126,8,0,3
680139,306,300,33,96,178,32,210,0,210,0,1,0,0,0,6,0,1,2,0,15,0,0,0,50,1,0,0,0,0,0,0,0,53,0,0,0,0,2,1,21,0,0,10,0,0,46,0,0,1
680140,519,510,20,160,340,19,359,0,359,7,1,2,2,0,6,0,0,0,0,24,0,0,0,51,0,1,0,0,3,0,0,1,64,0,0,0,1,0,1,75,0,0,14,0,0,103,3,0,0
680141,189,189,23,56,110,23,133,0,133,3,1,0,0,0,1,0,0,3,1,17,0,0,0,14,0,1,0,0,0,0,0,0,23,0,0,0,0,0,0,23,0,0,4,0,0,38,3,0,1
680142,432,431,21,117,296,19,315,0,315,1,0,1,0,0,10,0,0,2,0,25,0,0,0,63,0,0,0,0,12,0,0,0,71,0,0,0,0,0,0,27,0,0,9,0,2,81,8,1,2
680143,555,510,43,158,359,38,397,0,397,2,0,1,3,2,22,0,0,2,0,43,0,0,0,95,1,0,0,0,5,0,0,1,70,0,0,0,0,0,0,32,0,0,8,0,0,99,4,2,5
680144,1143,1141,34,378,733,32,765,0,765,9,1,0,2,0,32,1,0,11,0,87,0,0,0,150,0,2,0,0,15,0,0,1,83,0,1,0,0,0,1,180,0,1,69,0,0,109,8,0,2
680145,747,739,56,277,416,54,470,0,470,3,0,0,1,2,13,0,0,2,0,26,0,0,0,129,0,0,0,0,22,0,0,0,75,0,1,0,0,0,0,74,0,0,43,0,0,79,0,0,0
680146,138,139,16,34,90,14,104,0,104,0,0,0,0,0,4,0,0,0,0,11,0,0,0,20,0,0,0,0,7,0,0,0,17,0,0,0,0,0,0,9,0,1,3,0,0,29,3,0,0
680147,168,172,13,40,117,11,128,0,128,1,0,0,0,0,1,0,0,1,1,13,0,0,0,30,0,1,0,0,0,0,0,0,17,0,3,0,0,0,0,16,0,0,8,0,0,35,1,0,0
680148,354,349,37,128,191,35,226,0,226,0,1,0,2,0,4,1,0,1,0,25,0,0,0,52,0,0,0,0,6,0,0,0,43,0,1,1,0,0,0,31,0,0,4,0,1,48,3,0,2
680149,195,193,18,52,127,16,143,0,143,1,0,0,0,0,2,0,0,0,0,13,0,0,0,18,0,0,0,0,3,0,0,1,31,0,0,0,0,0,0,12,0,1,24,0,0,36,0,1,0
680150,57,55,13,17,28,12,40,0,40,0,0,0,0,0,2,0,0,0,0,3,0,0,0,5,0,0,0,0,0,0,0,0,14,0,0,0,0,0,0,6,0,0,0,0,0,10,0,0,0
680151,312,308,30,98,185,29,214,0,214,3,0,0,0,0,6,1,0,1,0,20,0,0,0,26,0,0,1,0,1,0,0,1,33,0,0,0,0,0,0,31,0,0,4,0,0,77,5,1,3
680152,93,97,6,26,61,6,67,0,67,0,0,0,0,0,5,0,0,1,0,5,0,0,0,5,0,0,0,0,0,0,0,2,14,0,0,0,0,0,0,15,0,0,1,0,0,19,0,0,0
680153,213,211,20,81,116,16,132,0,132,1,1,2,0,0,8,0,0,2,0,7,0,0,0,17,0,0,0,0,2,1,0,2,47,0,0,0,0,0,0,13,0,0,3,0,0,25,0,0,1
680154,66,67,8,16,44,6,50,0,50,0,0,0,0,0,0,0,0,0,0,5,0,0,0,3,0,0,0,0,0,0,0,0,16,0,0,0,0,0,1,12,0,0,1,0,0,8,3,1,0
680155,1275,1264,96,383,802,90,892,0,892,16,2,0,3,2,14,2,1,4,1,67,0,0,1,173,2,1,0,1,13,0,0,2,131,1,9,1,0,1,2,140,0,2,66,1,4,217,5,3,4
680156,642,633,33,225,386,31,417,0,417,12,0,0,2,0,18,2,0,3,0,28,0,0,0,102,0,0,0,0,8,1,0,1,48,0,1,0,0,0,1,34,0,1,20,0,0,123,10,0,2
680157,162,164,6,50,108,4,112,0,112,2,1,0,0,0,0,0,1,0,0,11,0,0,0,15,0,0,0,0,0,0,0,0,25,0,0,0,0,0,0,20,0,0,4,0,1,28,2,0,2
680158,72,71,15,13,45,14,59,0,59,0,0,0,0,0,1,0,0,1,0,4,0,0,0,3,0,0,0,0,0,0,0,0,11,0,0,0,0,0,0,6,0,0,1,0,0,32,0,0,0
680159,297,297,42,69,189,39,228,0,228,1,0,0,0,0,5,0,0,0,0,17,0,0,0,37,0,0,0,0,0,0,0,0,69,0,0,0,0,0,0,14,1,0,0,0,0,76,6,1,1
680160,135,134,16,25,101,9,110,0,110,0,0,1,0,0,2,0,1,2,0,12,0,0,0,25,0,0,0,0,1,1,0,0,11,0,0,0,0,0,0,12,0,0,1,0,0,38,2,0,1
680161,87,85,8,23,57,7,64,0,64,1,0,0,0,0,0,0,0,0,1,8,0,0,0,14,0,0,0,0,0,0,0,0,16,0,0,0,0,0,0,8,1,0,1,0,0,11,2,1,0
680162,357,351,46,108,204,45,249,0,249,3,1,0,2,0,5,0,0,2,0,30,0,0,0,44,0,0,0,0,3,0,0,0,31,1,0,0,0,0,0,45,0,0,10,0,0,67,4,0,1
680163,255,260,18,51,187,17,204,0,204,2,0,0,0,0,9,0,0,0,0,20,1,0,1,24,0,0,0,0,4,0,0,1,58,0,1,0,0,0,1,24,0,1,14,0,0,38,5,0,0
680164,78,80,10,15,56,7,63,0,63,2,1,0,0,0,2,0,1,0,0,6,0,0,0,9,0,0,0,0,1,0,0,0,14,0,0,0,0,0,0,11,0,0,0,0,0,14,2,0,0
680165,243,243,25,68,156,19,175,0,175,0,0,0,1,0,1,0,0,1,0,4,0,0,0,28,0,0,0,0,3,0,0,1,51,0,0,0,0,0,0,31,0,1,2,0,0,50,1,0,0
680166,105,108,17,24,66,15,81,0,81,1,0,0,0,0,4,0,0,0,1,9,0,0,0,15,0,0,0,0,1,0,0,0,31,0,0,0,0,0,0,6,0,0,0,0,0,12,1,0,0
680167,714,703,49,221,449,44,493,0,493,4,4,0,1,0,44,0,0,2,0,26,0,0,2,114,1,0,0,0,2,0,0,2,119,0,0,0,0,0,0,46,1,0,19,0,0,100,2,2,2
680168,414,406,18,144,254,16,270,0,270,1,1,0,0,1,20,0,1,15,0,19,0,0,0,69,0,1,0,0,1,0,0,2,36,0,2,0,0,0,1,27,0,0,7,0,0,59,7,0,0
680169,63,61,11,22,32,9,41,0,41,1,0,0,0,0,6,0,0,0,0,3,0,0,0,6,0,0,0,0,0,0,0,0,8,0,0,0,0,0,0,8,0,0,0,0,0,8,1,0,0
680170,405,407,36,133,239,33,272,0,272,3,0,0,0,0,23,0,1,1,0,27,0,0,0,45,0,1,0,0,1,0,0,0,52,2,1,0,0,0,0,38,0,0,4,0,0,61,12,0,0
680171,189,190,24,65,104,20,124,0,124,1,0,0,0,0,2,0,0,0,0,11,0,0,0,30,0,0,0,0,1,0,0,0,15,1,0,0,0,0,0,19,0,0,17,0,0,25,1,0,1
680172,159,157,16,46,99,14,113,0,113,1,0,0,0,0,3,0,1,0,0,9,0,0,0,12,0,0,0,0,3,0,0,0,16,0,0,0,0,0,1,25,0,0,7,0,0,32,3,0,0
680173,366,362,52,100,218,48,266,0,266,2,0,0,0,0,17,0,0,2,0,22,0,0,0,43,0,0,0,0,0,0,0,0,36,1,1,0,0,0,0,35,0,0,7,0,0,95,4,0,1
680174,318,321,32,89,200,29,229,0,229,3,0,0,0,0,7,0,0,0,0,21,0,0,0,57,0,0,0,0,3,0,0,4,31,0,0,0,0,0,0,30,0,0,9,0,1,62,1,0,0
680175,366,358,31,92,245,29,274,0,274,6,0,0,0,0,18,0,0,3,1,23,0,0,1,60,0,0,0,0,0,0,0,2,55,0,0,0,0,0,0,32,0,0,10,0,1,58,4,0,0
680176,249,246,23,47,180,22,202,0,202,6,0,0,0,0,5,0,0,1,0,12,0,0,0,33,0,0,0,0,0,0,0,0,17,0,0,0,0,0,0,37,0,0,3,0,0,78,5,0,5
680177,213,217,49,50,115,48,163,0,163,2,0,0,0,0,4,0,0,1,0,7,0,0,0,25,0,0,0,0,2,0,0,0,44,0,2,0,0,0,0,23,1,0,0,0,0,46,5,0,1
680178,276,274,8,115,155,6,161,0,161,1,0,0,1,0,8,3,0,2,0,10,0,0,0,26,0,0,0,0,1,0,0,1,30,0,1,0,0,0,0,35,0,0,4,0,0,38,0,0,0
680179,210,208,14,70,126,14,140,0,140,0,0,0,0,0,0,0,0,0,0,7,0,0,0,23,0,0,0,0,24,0,0,1,28,0,0,0,0,0,0,16,0,0,4,0,0,36,1,0,0
680180,447,441,46,141,267,39,306,0,306,4,0,0,0,0,11,2,0,0,0,30,0,0,0,66,0,0,0,0,6,0,0,0,64,0,1,0,0,0,0,53,0,0,12,0,1,51,5,0,0
680181,60,62,11,18,35,7,42,0,42,1,0,0,0,0,0,0,0,0,0,8,0,0,0,7,0,0,0,0,1,0,0,0,7,0,0,0,0,0,0,6,0,0,1,0,0,11,0,0,0
680182,243,242,26,61,159,23,182,0,182,5,0,0,0,0,4,1,0,1,2,12,0,0,0,21,0,0,1,0,1,0,0,0,49,0,0,0,0,0,1,27,0,1,11,0,0,37,6,0,2
680183,153,151,25,39,91,23,114,0,114,0,0,0,0,0,3,0,0,1,0,11,0,1,0,19,0,0,0,0,3,0,0,0,25,0,0,0,0,0,0,12,0,0,1,0,0,35,2,0,1
680184,540,530,37,178,330,32,362,0,362,7,0,0,2,0,15,0,0,5,0,30,0,0,0,53,0,2,0,0,1,0,0,1,114,0,2,1,0,0,1,49,0,1,2,0,0,68,3,2,3
680185,507,505,66,152,297,58,355,0,355,2,0,0,1,0,8,0,1,2,0,40,0,0,0,63,0,0,0,0,3,0,0,1,91,0,0,0,0,0,2,40,0,1,18,0,1,72,7,1,1
680186,363,365,77,76,215,72,287,0,287,6,1,0,1,1,10,1,0,0,0,27,0,0,0,48,0,1,0,0,0,1,0,1,63,0,0,0,1,0,0,58,0,0,8,0,0,55,4,0,0
681062,438,434,20,140,279,19,298,0,298,2,0,0,2,1,11,1,0,0,0,31,0,1,0,87,0,0,0,0,3,0,0,1,51,1,1,0,0,0,0,31,0,0,22,1,0,46,4,0,1
681063,357,354,27,123,208,26,234,0,234,1,0,0,1,0,18,0,1,0,0,27,0,0,0,50,1,0,0,0,7,0,0,0,32,0,0,0,0,0,0,28,0,0,10,0,0,53,4,0,1
681064,321,320,45,100,181,40,221,0,221,5,3,0,0,0,11,0,0,0,1,16,0,1,1,57,0,0,0,0,2,0,0,2,44,0,0,0,0,0,0,17,0,1,23,0,0,35,0,0,2
681065,438,447,55,135,255,48,303,0,303,2,0,0,0,0,27,0,0,4,1,39,0,0,0,67,0,1,0,0,13,0,0,2,24,0,0,0,1,0,1,60,2,0,9,0,0,45,2,0,3
681066,273,273,21,79,174,20,194,0,194,0,0,0,0,0,8,0,0,0,0,18,0,0,0,34,0,0,0,1,4,0,0,2,35,0,0,0,0,0,0,19,0,0,11,0,2,53,5,0,2
681067,1077,1067,9,404,664,9,673,0,673,9,1,0,0,2,19,2,0,1,0,118,0,2,0,205,0,0,0,0,29,0,0,0,50,0,1,1,1,1,0,97,0,0,39,0,0,87,5,0,3
681068,285,281,22,101,164,20,184,0,184,3,0,0,0,1,4,2,0,1,0,15,0,1,0,42,0,0,0,0,11,0,0,1,12,0,2,0,0,0,0,33,0,0,16,0,0,38,1,0,1
681069,189,187,16,91,82,16,98,0,98,0,0,0,0,0,8,0,0,2,0,5,0,0,0,28,0,0,0,0,6,0,0,1,16,0,1,0,0,0,0,10,0,0,2,0,0,15,2,1,1
681070,162,162,11,56,95,11,106,0,106,1,0,0,0,0,4,0,0,0,0,11,0,0,0,28,0,0,0,0,2,0,0,0,9,0,0,0,0,0,1,31,0,0,7,0,0,11,0,1,0
681071,714,713,13,255,448,11,459,0,459,9,0,0,0,0,18,2,0,3,0,49,1,2,0,137,0,0,0,0,12,0,0,2,46,0,2,0,0,1,1,81,0,0,33,0,1,50,7,1,1
681072,357,351,39,126,195,36,231,0,231,4,1,1,1,0,11,0,0,1,0,14,0,5,0,40,0,0,0,0,4,1,0,1,56,0,0,0,0,0,0,38,0,0,22,0,1,26,2,0,2
681073,324,317,15,121,188,15,203,0,203,4,2,0,0,0,4,0,0,1,0,13,0,0,1,57,0,0,0,0,3,0,0,0,24,1,0,0,0,0,0,35,0,0,15,0,0,40,2,0,1
681074,1683,1669,36,600,1052,31,1083,0,1083,9,3,0,0,0,68,2,0,9,0,100,1,0,0,297,0,0,2,0,25,0,0,2,113,1,3,0,0,1,4,153,0,0,64,1,0,197,12,2,14
681075,465,462,65,157,252,56,308,0,308,2,0,0,0,0,13,0,0,3,0,20,0,0,1,84,0,2,0,1,8,0,0,0,39,0,0,0,0,0,0,36,2,1,14,0,1,70,10,0,1
681076,342,344,13,124,205,13,218,0,218,2,0,1,0,0,9,0,1,1,0,33,0,0,0,41,0,1,0,0,5,0,0,2,22,0,0,0,0,0,0,63,1,0,7,0,0,26,1,0,2
681077,2388,2376,48,917,1429,42,1471,0,1471,10,4,1,0,1,32,3,0,16,0,145,1,2,1,517,0,0,0,1,65,2,0,1,98,1,2,0,0,0,1,239,0,2,107,0,0,205,6,4,4
681078,1554,1532,21,554,979,21,1000,0,1000,17,3,1,2,1,29,0,0,11,0,136,0,0,0,274,0,0,0,0,52,1,0,1,59,0,2,0,1,0,0,150,0,0,54,1,1,196,7,0,1
681079,132,129,21,34,77,21,98,0,98,2,0,0,0,0,7,0,0,0,0,11,0,0,0,14,0,0,0,0,0,0,0,1,16,0,1,0,0,0,0,15,0,0,7,0,0,24,0,0,0
681080,450,446,48,157,246,47,293,0,293,4,0,0,1,0,5,0,0,1,2,31,0,0,0,53,0,0,0,0,11,0,0,1,38,1,0,0,0,0,0,59,0,0,7,0,0,68,7,1,3
681081,333,335,37,115,185,33,218,0,218,1,0,0,1,3,6,0,0,2,0,11,0,0,0,64,0,0,0,0,4,0,0,0,38,0,1,0,0,0,1,18,0,0,15,0,0,45,3,3,2
681082,519,519,34,209,277,33,310,0,310,1,0,0,0,0,24,0,0,2,0,30,0,0,0,74,0,1,0,0,7,1,0,0,40,0,0,0,0,0,0,47,0,1,28,0,0,50,2,0,2
681083,648,644,21,228,399,21,420,0,420,1,0,0,1,0,29,0,0,4,0,57,0,0,0,137,1,0,0,0,21,0,1,0,19,1,0,0,0,0,0,59,0,0,32,0,0,55,0,0,2
681084,513,510,11,158,344,11,355,0,355,7,0,0,0,0,10,0,0,2,1,49,0,0,0,104,0,1,0,0,11,0,0,0,23,1,0,0,0,0,1,56,0,0,36,0,0,52,1,0,0
681085,225,224,13,52,160,13,173,0,173,4,0,0,0,0,6,0,0,4,2,15,0,0,0,35,0,0,1,0,3,0,0,1,29,0,2,0,0,0,0,35,0,0,10,0,0,24,1,0,1
681086,312,307,14,83,216,13,229,0,229,1,0,0,0,0,3,1,0,1,0,23,0,0,0,58,0,0,0,0,7,0,0,0,25,0,2,0,0,0,1,43,0,0,17,0,0,44,1,1,1
681087,186,182,15,64,107,15,122,0,122,1,0,0,0,0,3,0,0,0,1,7,0,0,1,22,0,0,0,1,5,0,0,0,19,0,1,0,0,0,0,17,0,1,10,0,0,32,1,0,0
681088,393,391,43,150,200,43,243,0,243,2,0,0,0,0,20,1,0,1,0,10,0,0,0,74,0,0,0,0,8,0,0,1,32,0,1,0,0,0,0,34,0,1,25,0,0,28,0,1,4
681089,1074,1065,34,340,700,34,734,0,734,8,0,0,2,0,29,0,0,7,1,84,0,0,0,223,0,0,0,1,38,0,0,0,83,1,3,0,0,0,0,70,0,0,60,0,1,112,7,1,3
681090,72,71,10,21,42,9,51,0,51,0,0,0,0,0,6,0,0,0,0,5,0,0,0,18,0,1,0,0,1,0,0,0,3,0,0,0,0,0,0,5,0,0,5,0,0,7,0,0,0
681091,132,133,16,44,72,16,88,0,88,2,0,0,1,0,1,0,0,0,0,12,0,0,0,4,0,0,0,0,2,0,0,0,10,0,0,0,0,0,0,17,0,0,1,0,0,34,3,0,1
681092,1977,1979,47,637,1299,41,1340,0,1340,6,1,1,0,1,82,1,0,15,0,128,0,1,1,397,1,3,0,1,51,0,0,0,99,0,2,0,0,0,1,141,1,1,180,0,1,209,10,0,5
681093,111,108,2,42,67,2,69,0,69,2,0,0,0,0,3,1,1,1,0,3,0,0,0,13,0,0,0,0,0,0,0,0,18,0,0,0,0,0,0,11,0,0,2,0,0,11,0,1,2
681094,447,445,23,151,276,20,296,0,296,4,2,0,0,0,15,1,0,1,0,21,0,0,0,61,0,1,0,0,14,0,0,2,17,0,1,0,0,0,0,55,0,1,37,0,0,59,4,0,0
681095,783,780,33,269,483,31,514,0,514,10,1,0,0,1,12,3,0,2,0,57,0,0,1,127,0,0,0,0,21,0,0,2,61,2,1,0,0,0,1,87,1,2,49,0,0,70,1,0,2
681096,123,122,27,65,46,12,58,0,58,2,0,0,1,0,1,0,0,0,0,9,0,1,0,5,0,0,0,0,0,0,0,0,4,0,0,0,0,0,1,13,0,0,2,2,0,12,4,0,1
681097,1329,1317,22,495,812,22,834,0,834,14,0,2,3,0,29,0,0,7,0,58,0,0,0,233,3,0,0,0,46,0,0,0,45,1,3,1,0,0,1,147,1,2,69,1,0,155,9,0,4
681098,270,264,18,85,168,17,185,0,185,3,0,0,0,0,7,1,0,0,0,12,0,0,0,38,0,0,0,0,9,0,0,0,24,0,0,0,0,0,0,32,0,0,14,0,0,38,6,0,1
681099,669,664,37,202,432,35,467,0,467,10,1,0,0,0,18,1,0,5,0,58,0,1,0,119,0,1,0,1,14,0,0,0,55,0,0,0,1,0,0,69,0,0,31,0,1,77,3,1,0
681100,843,841,18,313,513,17,530,0,530,2,0,1,2,1,6,0,0,2,0,31,0,0,0,153,0,0,0,0,31,0,0,1,59,0,0,0,0,0,1,76,0,0,41,1,1,113,7,0,1
681101,237,235,15,92,130,15,145,0,145,1,0,0,1,0,4,0,0,0,0,13,0,0,0,26,0,0,0,0,6,0,0,1,17,0,1,0,0,0,0,21,0,0,9,0,0,42,2,0,1
681102,309,307,17,128,164,17,181,0,181,3,0,1,0,0,9,3,0,0,0,14,0,0,0,44,0,0,0,0,5,0,0,1,28,0,0,0,0,0,1,19,0,0,14,0,0,36,3,0,0
681103,78,77,6,26,47,5,52,0,52,0,0,0,0,0,1,0,0,0,0,5,1,0,0,15,0,0,0,0,5,0,0,0,2,0,0,0,0,0,0,21,0,0,0,0,0,2,0,0,0
681104,483,483,11,196,277,10,287,0,287,5,0,0,0,0,17,0,0,4,0,11,0,0,0,74,0,0,0,0,8,0,0,2,38,1,0,0,0,0,0,62,0,0,9,0,0,48,4,1,3
681105,288,290,15,101,175,12,187,0,187,5,0,0,0,0,6,0,0,0,0,22,0,0,0,52,2,1,0,0,5,0,0,0,11,1,0,0,0,0,0,24,0,0,11,0,0,44,1,0,2
681106,1959,1946,48,585,1331,43,1374,0,1374,7,3,1,4,2,39,4,2,6,0,149,1,2,0,409,0,0,0,0,89,0,0,0,84,1,3,0,1,0,0,168,0,2,155,0,1,227,9,1,4
681107,99,99,12,29,59,11,70,0,70,2,0,0,0,0,2,0,0,1,0,4,0,0,0,6,0,0,0,0,5,0,0,1,14,0,0,0,0,0,0,11,0,0,6,0,0,15,2,1,0
681108,702,688,31,282,391,29,420,0,420,4,2,0,1,0,20,0,0,0,0,53,0,0,0,111,0,0,0,0,8,0,0,1,54,0,1,0,1,0,1,71,0,1,23,0,0,62,6,0,0
681109,639,632,25,255,361,23,384,0,384,8,1,0,3,0,12,0,0,2,0,62,0,0,0,72,0,0,0,0,12,1,0,1,50,0,0,0,0,0,0,54,0,0,35,2,1,62,3,0,3
681110,387,384,23,130,234,23,257,0,257,2,0,1,0,1,15,1,0,1,0,21,0,1,0,63,1,0,0,0,6,0,0,0,17,0,0,0,0,0,0,48,0,0,29,1,0,45,2,1,1
681111,360,357,34,100,226,34,260,0,260,3,0,0,1,0,16,0,0,0,2,31,0,0,0,40,0,1,0,0,17,1,0,0,39,0,4,0,0,0,0,42,0,0,13,0,0,48,2,0,0
681112,297,297,14,106,179,12,191,0,191,3,0,1,0,0,7,0,0,0,0,16,0,0,0,32,0,2,0,0,2,1,1,3,21,0,0,0,0,0,0,21,1,1,8,0,0,66,3,0,2
681113,1050,1042,30,329,691,30,721,0,721,9,0,0,1,1,36,2,0,25,0,69,0,0,0,204,0,0,1,0,11,0,0,0,93,0,2,0,0,0,0,76,0,0,45,0,2,132,6,2,4
681114,168,166,24,30,114,24,138,0,138,1,0,0,0,0,4,0,0,1,0,12,0,0,0,20,0,0,0,0,3,0,0,0,14,0,0,0,0,0,0,19,0,0,6,1,0,46,10,0,1
681115,1134,1131,23,381,732,21,753,0,753,15,1,0,0,1,48,0,0,13,0,74,0,0,0,191,0,0,0,0,14,0,0,2,71,1,3,0,0,0,1,105,0,0,57,0,1,141,7,3,4
681116,186,188,15,45,126,15,141,0,141,0,0,0,1,0,6,0,0,3,1,15,0,0,0,22,0,0,0,0,4,0,1,0,25,0,0,0,0,0,0,26,0,0,9,0,0,28,0,0,0
681117,375,378,42,100,233,42,275,0,275,2,0,0,0,0,6,0,0,2,0,28,0,0,0,40,2,0,0,0,6,0,0,1,34,1,0,0,0,0,1,53,0,0,20,0,0,70,6,2,1
681118,483,481,31,183,270,30,300,0,300,4,0,0,1,0,10,0,0,1,1,36,1,0,0,48,0,1,0,0,7,0,0,4,34,0,0,0,1,1,1,58,1,0,26,0,0,58,4,1,1
681119,1017,1012,46,373,602,42,644,0,644,7,0,0,1,0,7,1,0,2,0,70,0,0,0,201,0,0,1,0,22,0,0,1,80,0,1,0,2,0,0,75,0,0,16,0,0,152,4,0,1
681120,1179,1166,28,415,736,28,764,0,764,11,1,1,3,2,23,1,0,7,0,83,0,0,1,166,0,0,0,0,33,0,0,1,58,0,2,0,0,0,0,119,0,0,101,0,0,139,6,2,4
681121,168,173,14,43,111,14,125,0,125,0,1,0,0,0,15,0,0,1,0,11,0,0,0,29,0,0,0,0,3,0,0,0,8,0,0,0,0,0,1,26,0,0,12,0,0,18,0,0,0
681122,309,308,40,103,167,39,206,0,206,1,0,0,0,0,7,0,0,1,0,11,0,0,0,40,0,0,0,0,2,0,0,0,42,0,0,0,0,0,0,16,0,0,11,1,0,66,6,0,2
681123,876,881,63,261,554,61,615,0,615,5,1,1,0,0,20,1,1,5,1,47,1,0,0,166,0,1,1,0,13,0,0,0,31,0,1,0,1,0,0,95,0,2,94,0,0,118,9,0,0
681124,432,427,31,168,237,27,264,0,264,3,0,1,0,1,6,0,0,1,0,33,0,0,0,31,0,0,0,0,2,0,0,0,46,0,0,0,0,0,0,21,0,0,23,0,1,92,1,0,2
681125,111,111,0,22,89,0,89,0,89,2,0,0,1,0,3,0,0,0,0,6,0,0,0,15,0,0,0,0,3,0,0,0,8,1,0,0,1,0,0,15,0,1,13,0,0,17,3,0,0
681126,186,188,9,59,119,8,127,0,127,0,0,0,0,0,4,0,0,0,0,17,0,0,0,27,0,0,0,0,4,0,0,0,14,0,0,0,0,0,0,27,0,0,7,0,0,25,0,0,2
681127,252,247,33,94,125,33,158,0,158,2,0,0,0,0,4,0,0,1,0,9,0,0,0,21,0,0,0,0,4,0,0,0,34,1,0,0,0,0,0,33,0,0,6,0,1,41,0,0,1
681128,78,76,4,20,54,4,58,0,58,0,0,0,0,0,0,0,0,2,0,11,0,0,0,13,0,0,0,0,2,0,0,0,3,0,0,0,0,0,0,11,0,0,5,0,0,11,0,0,0
681129,372,365,39,129,206,37,243,0,243,1,0,0,0,0,6,0,0,1,0,17,0,0,0,54,0,0,0,1,2,0,0,0,49,1,1,0,0,0,1,44,0,0,18,1,0,43,1,2,0
681130,258,254,21,71,169,18,187,0,187,7,0,0,0,0,5,0,0,1,1,29,0,0,0,27,0,0,0,0,0,1,1,0,26,0,1,0,0,0,0,46,0,0,11,0,1,28,2,0,0
681131,663,655,6,271,387,5,392,0,392,0,0,0,1,0,10,0,0,4,1,35,0,0,0,135,0,0,0,0,12,0,0,0,25,1,1,0,0,0,0,62,0,1,44,0,0,51,7,0,2
681132,1812,1797,42,670,1101,41,1142,0,1142,19,1,0,2,0,28,2,0,12,0,102,0,0,1,332,0,0,0,0,56,0,0,1,57,0,2,0,0,0,1,154,0,1,118,1,0,226,17,2,7
681133,303,315,19,79,205,19,224,0,224,1,0,0,0,0,4,1,0,0,0,22,0,0,0,45,0,0,1,0,16,0,0,1,36,0,1,0,0,0,0,29,0,1,17,0,0,47,1,1,0
681134,489,486,35,171,285,33,318,0,318,8,1,0,0,0,10,0,0,5,0,28,0,0,1,86,0,0,0,1,21,0,0,0,34,0,1,0,1,0,0,32,1,0,23,0,0,59,4,1,1
681135,111,70,8,87,16,8,24,0,24,0,0,0,0,0,2,0,0,1,0,2,0,0,0,4,0,0,0,0,0,0,0,0,5,0,0,0,0,0,0,1,0,0,1,1,0,6,1,0,0
681136,342,186,32,165,145,32,177,0,177,3,0,0,1,0,16,2,0,3,0,25,0,0,0,14,0,0,0,0,4,0,0,1,15,1,3,0,0,0,0,27,1,0,21,0,0,40,0,0,0
681137,174,57,5,126,43,5,48,0,48,1,0,0,1,0,1,0,1,0,0,3,0,0,0,16,0,0,0,0,1,0,0,1,8,0,0,0,0,0,0,7,0,0,2,0,0,5,1,0,0
681138,687,687,2,119,566,2,568,0,568,42,5,2,5,1,4,2,1,3,0,4,1,0,0,113,0,0,0,0,1,0,0,3,13,0,0,0,0,0,0,17,0,0,0,1,2,307,38,1,2
681427,1878,1878,8,670,1206,2,1208,0,1208,23,4,2,3,3,36,2,1,14,0,115,1,1,0,371,0,1,0,1,65,0,0,0,30,0,2,0,0,0,2,178,0,0,132,2,1,203,7,1,7
681428,2352,2335,11,734,1613,5,1618,0,1618,15,6,4,3,1,49,4,0,22,0,169,0,0,0,502,1,1,0,0,88,0,1,1,33,0,5,0,0,0,1,274,0,1,159,1,0,266,6,0,5
681429,2388,2383,15,695,1683,10,1693,0,1693,22,7,1,2,3,60,1,0,25,0,187,1,2,1,467,2,0,1,0,108,0,0,3,36,0,4,0,0,0,0,285,0,1,194,2,0,262,9,0,7
681430,2277,2262,14,707,1560,10,1570,0,1570,13,3,3,0,4,64,4,0,22,1,165,0,0,0,456,2,0,0,1,103,0,0,0,25,0,4,1,0,0,4,260,1,0,193,0,2,228,6,0,5
681431,2325,2318,17,751,1563,11,1574,0,1574,8,3,1,2,1,76,2,0,15,0,182,1,1,0,473,0,0,0,1,95,0,1,3,34,0,3,0,0,0,1,243,1,0,184,1,0,229,5,0,8
681432,2190,2163,20,812,1366,12,1378,0,1377,15,3,3,6,0,84,2,0,25,0,132,1,0,1,373,0,1,0,0,75,0,0,0,47,0,3,0,1,0,0,222,0,1,180,0,2,187,9,0,4
681433,2199,2187,9,834,1359,6,1365,0,1365,19,2,1,2,1,53,4,0,11,0,145,0,1,0,418,0,0,1,1,74,0,0,1,42,0,3,1,0,0,0,214,0,1,174,0,0,181,6,0,9
681434,2403,2395,15,823,1567,13,1580,0,1580,26,5,4,0,0,67,1,0,21,0,140,1,2,1,463,0,1,0,1,78,0,0,0,29,1,3,1,3,0,1,285,0,0,174,0,1,262,6,0,3
681435,2100,2097,89,686,1338,76,1414,0,1414,19,6,6,1,1,69,4,0,21,0,141,0,0,1,376,1,1,2,0,88,1,0,0,47,0,2,0,1,1,1,214,1,0,169,0,1,218,14,2,5
681436,1329,1315,19,435,875,19,894,0,894,10,3,1,2,0,44,3,0,14,0,114,0,1,0,245,1,1,0,0,65,0,0,0,27,0,2,0,1,0,1,125,0,0,92,0,1,129,8,2,2
681437,1830,1814,10,651,1172,7,1179,0,1179,12,0,2,4,3,59,5,1,15,0,122,0,2,0,322,1,2,0,0,65,1,0,1,63,0,1,0,0,0,1,171,0,0,128,0,0,191,4,0,3
681438,1929,1915,13,639,1279,11,1290,0,1290,17,5,1,3,0,58,2,0,10,0,155,1,0,0,397,2,0,0,0,62,1,1,0,42,0,2,0,0,0,1,200,0,1,129,0,0,191,6,2,1
681439,2166,2147,20,765,1388,13,1401,0,1401,17,5,1,2,1,66,2,0,12,0,112,0,0,2,453,0,0,1,0,81,0,0,1,39,0,4,0,2,1,1,226,0,1,172,0,1,182,11,2,3
681440,2247,2227,16,839,1396,12,1408,0,1408,12,3,6,11,2,77,2,1,22,0,165,1,4,1,442,0,1,0,0,76,0,1,3,37,0,2,0,0,0,0,163,0,0,165,0,3,193,7,2,6
681441,1842,1840,13,590,1241,11,1252,0,1252,16,4,4,2,0,69,0,0,19,1,106,1,1,1,387,1,0,0,1,57,0,2,2,37,1,5,1,0,1,0,205,0,0,130,0,0,187,7,0,4
681442,1752,1734,14,522,1220,10,1230,0,1230,11,3,3,3,0,88,1,0,18,1,112,0,0,0,366,0,0,0,0,70,0,0,3,33,1,1,0,1,0,1,208,0,0,133,0,0,164,4,0,5
681443,2466,2444,7,790,1670,6,1676,0,1676,15,1,1,6,1,93,0,0,18,0,189,0,3,1,480,0,1,0,0,78,0,0,1,31,1,4,1,0,1,1,272,0,0,222,0,1,235,9,0,10
681444,2541,2544,7,725,1811,5,1816,0,1816,11,7,3,3,1,72,3,0,17,0,198,0,1,0,530,0,0,0,0,94,2,0,0,47,0,8,1,1,0,1,307,0,1,206,0,1,296,0,1,4
681445,2259,2234,20,721,1522,16,1538,0,1538,18,1,1,3,3,120,6,0,25,0,164,0,2,2,425,1,0,0,0,69,2,0,3,45,1,2,0,1,0,0,239,1,1,192,0,0,196,10,3,2
681446,2448,2494,4,782,1663,3,1666,0,1666,18,9,7,3,1,37,2,0,29,0,139,1,0,0,557,1,0,0,1,93,2,0,2,28,0,7,0,0,0,1,317,0,1,198,1,0,201,4,2,4
681447,1545,1547,14,441,1093,11,1104,0,1104,12,0,1,3,0,32,2,1,13,1,149,1,1,0,253,1,0,0,1,70,0,1,1,18,0,3,1,0,0,0,178,0,0,133,0,0,220,4,0,4
681448,1731,1752,31,533,1174,24,1198,0,1198,16,2,0,4,3,35,2,0,19,0,98,0,2,1,322,1,0,0,0,67,0,1,0,37,1,6,0,0,0,0,210,1,1,142,0,2,210,5,5,5
681449,2328,2327,15,721,1594,13,1607,0,1607,16,1,1,2,2,43,4,0,16,1,153,0,1,0,508,2,0,1,1,107,0,1,0,40,0,4,1,0,0,1,279,0,1,170,1,1,229,10,3,7
681450,2010,1993,16,612,1388,10,1398,0,1398,10,5,3,2,0,49,0,0,21,0,170,0,6,0,358,0,1,0,0,100,1,0,0,23,0,6,0,0,0,1,246,0,0,173,1,0,210,9,0,3
681451,2013,2008,7,662,1348,3,1351,0,1351,18,4,1,3,0,36,1,2,25,0,130,0,1,1,420,0,0,0,0,86,0,0,0,29,0,3,0,0,0,2,230,0,0,148,0,0,190,12,0,9
681452,2283,2292,5,754,1526,3,1529,0,1529,12,4,2,4,0,59,6,0,21,0,151,2,3,2,486,0,2,1,0,98,0,0,1,38,0,6,0,0,0,0,254,0,3,165,0,1,190,7,3,8
681453,2076,2054,12,690,1376,10,1386,0,1386,8,4,5,7,2,48,8,0,6,1,153,1,2,0,453,0,3,0,0,60,2,1,0,29,0,2,0,0,0,1,246,0,3,113,0,2,215,8,0,3
681454,2454,2457,3,828,1624,2,1626,0,1626,10,5,0,3,1,44,7,1,22,0,153,0,3,0,624,0,0,1,1,89,0,0,0,39,0,0,0,0,0,1,253,0,0,168,1,1,186,6,0,7
681559,2049,2036,12,630,1413,6,1419,0,1419,9,4,2,3,2,53,1,0,11,0,153,0,3,0,439,0,3,1,0,71,0,0,1,29,0,2,0,0,0,2,251,0,0,151,0,2,207,14,1,4
681563,2442,2448,3,781,1660,1,1661,0,1661,21,5,1,2,0,38,4,0,8,0,156,1,0,0,646,0,1,0,0,95,0,0,0,32,0,3,0,0,0,1,246,0,0,206,0,1,180,3,4,7
681565,1491,1480,13,507,972,12,984,0,984,3,2,4,1,0,24,1,0,14,0,101,0,0,0,285,0,0,0,0,59,0,0,1,25,0,2,0,2,0,2,189,0,0,131,0,1,125,4,1,7
681566,1383,1398,18,452,919,12,931,0,931,4,1,0,6,0,30,1,2,9,0,77,0,0,0,333,1,0,0,0,47,0,0,1,9,0,1,0,0,0,1,158,0,2,101,0,2,139,2,0,4,01,04,2019,01,55
