680187,1680,1667,23,699,961,20,981,0,981,17,1,1,4,0,44,1,0,13,0,73,0,9,0,289,0,0,0,0,45,0,0,0,45,0,2,0,0,0,1,133,1,0,49,0,1,234,13,0,5
680188,1323,1333,26,572,727,24,751,0,751,16,0,1,0,0,27,0,1,13,1,67,0,3,0,202,1,1,0,0,37,0,0,2,36,0,4,0,1,0,0,126,0,2,49,0,2,150,4,2,3
680189,1800,1771,20,837,947,16,963,0,963,15,0,1,1,0,47,0,0,6,0,110,0,1,0,284,3,0,0,0,45,0,0,0,48,0,1,0,0,0,0,137,0,1,51,1,0,192,6,1,12
680190,1755,1733,18,832,908,15,923,0,923,13,0,1,0,1,46,0,1,14,0,58,0,0,1,294,0,1,0,0,43,0,0,2,56,0,1,0,0,0,0,119,0,1,45,0,0,200,17,1,8
680191,1173,1162,14,512,649,12,661,0,661,13,2,0,2,0,28,0,0,14,0,54,0,0,0,213,0,2,0,1,16,0,0,0,51,1,2,0,0,0,1,69,0,0,35,1,0,142,11,0,3
680192,1461,1445,11,675,777,9,786,0,786,14,0,0,0,0,36,3,1,8,0,58,0,1,0,241,0,2,0,0,31,0,1,1,48,1,2,0,1,0,0,112,0,2,63,0,0,150,4,2,4
680193,1815,1797,4,802,1012,1,1013,0,1013,9,0,0,0,0,39,0,0,24,0,108,0,0,0,302,1,1,0,0,32,0,0,0,45,3,7,0,0,0,1,149,0,0,68,0,1,210,6,0,7
680194,1227,1218,13,520,697,10,707,0,707,10,0,0,4,0,28,1,0,8,0,74,0,3,0,155,0,0,0,0,35,0,0,1,33,2,2,0,1,0,2,126,0,0,43,0,0,163,13,1,2
680195,1224,1208,7,536,682,6,688,0,688,5,0,0,1,2,18,1,0,3,1,50,0,2,0,202,0,0,0,0,15,0,0,1,83,0,1,0,0,0,1,72,0,0,36,0,1,175,12,0,6
680196,1635,1612,31,648,961,26,987,0,987,19,0,0,2,0,35,1,0,6,0,118,1,0,1,259,0,1,0,0,40,0,0,0,67,2,4,0,0,0,2,192,0,1,72,0,1,147,10,0,6
680197,105,104,7,29,69,7,76,0,76,2,0,0,0,0,7,0,0,1,0,12,0,0,0,14,0,0,0,0,0,0,0,0,1,0,1,0,0,0,0,10,0,0,8,0,0,18,0,1,1
680198,654,644,24,241,390,23,413,0,413,5,0,0,0,0,22,0,0,3,3,66,0,0,0,85,0,1,0,0,4,0,0,1,43,0,0,0,0,0,0,53,0,0,19,0,1,89,11,2,5
680199,312,313,5,87,220,5,225,0,225,2,0,0,0,1,8,1,0,2,0,19,0,0,0,46,0,0,1,0,4,0,0,1,46,0,0,0,0,0,0,31,0,0,5,0,0,55,2,0,1
680200,282,279,29,74,179,29,208,0,208,1,0,0,0,0,15,0,0,1,0,19,0,0,1,42,0,0,0,0,4,0,0,0,45,1,0,0,0,0,2,39,0,0,4,0,1,32,0,0,1
680201,165,164,10,47,109,9,118,0,118,0,0,2,0,0,2,0,0,2,0,6,0,0,0,39,0,0,0,0,3,0,0,0,12,0,0,0,0,0,0,22,0,0,2,0,0,27,1,0,0
680202,90,89,8,18,64,8,72,0,72,0,0,0,0,0,0,0,0,0,0,3,0,0,0,8,0,0,0,0,3,0,0,0,1,0,0,0,0,0,0,39,0,0,0,0,0,14,3,0,1
680203,285,281,41,71,173,41,214,0,214,1,0,0,0,0,20,1,0,0,0,14,0,0,0,29,0,0,0,0,4,0,0,0,47,0,0,0,0,0,0,52,0,1,5,0,0,33,4,3,0
680204,471,466,72,154,247,70,317,0,317,1,0,0,0,0,20,0,0,1,1,22,0,0,1,60,0,1,0,0,3,0,1,1,32,3,2,0,1,0,0,38,0,0,15,0,0,109,3,1,1
680205,117,115,18,10,89,18,107,0,107,0,0,0,0,0,5,0,0,0,0,1,0,0,0,7,0,0,0,0,0,0,0,0,12,0,0,0,0,0,0,62,0,0,0,0,0,20,0,0,0
680206,1008,1002,59,389,562,57,619,0,619,13,0,0,1,0,13,0,0,1,0,66,0,0,0,168,0,0,0,0,18,0,0,1,92,1,2,0,0,0,1,112,0,1,31,0,0,88,4,0,6
680207,405,398,39,141,227,37,264,0,264,3,0,0,0,0,10,0,0,0,1,33,0,0,0,59,0,0,0,0,6,0,0,1,39,0,0,0,0,0,1,23,0,0,12,0,0,73,2,0,1
680208,294,297,44,84,172,38,210,0,210,3,0,2,0,0,8,0,0,0,2,10,0,0,0,37,0,1,0,0,5,0,0,2,46,0,0,0,0,0,0,36,0,0,4,0,0,47,5,0,2
680209,78,75,2,6,70,2,72,0,72,0,0,0,0,0,2,0,0,1,0,6,0,0,0,4,0,0,0,0,2,0,0,0,4,0,0,0,0,0,0,30,0,0,0,0,0,23,0,0,0
680210,717,710,5,313,401,3,404,0,404,11,2,1,0,0,12,0,0,3,1,13,0,1,1,93,0,0,0,0,6,0,0,0,60,1,0,0,0,0,1,52,0,0,5,0,1,123,12,0,5
680211,216,210,21,53,143,20,163,0,163,0,1,0,0,0,8,0,0,0,0,2,0,0,0,38,0,0,0,0,2,0,0,0,22,0,0,0,0,0,0,25,0,1,18,0,1,36,7,0,2
680212,942,926,51,371,522,49,571,0,571,5,1,0,1,1,28,1,1,3,1,39,0,0,0,128,3,1,1,1,8,2,0,0,69,0,0,0,0,0,0,101,0,2,22,0,2,136,4,3,7
680213,348,341,28,117,203,28,231,0,231,4,0,0,1,1,9,0,0,2,0,17,0,0,0,43,0,0,0,0,9,0,0,0,41,1,0,0,1,0,1,34,0,0,11,0,0,51,4,0,1
680214,216,213,17,80,119,17,136,0,136,2,0,0,0,0,3,0,0,0,0,7,0,0,0,37,0,0,0,0,1,0,0,0,8,0,0,0,0,0,0,26,0,0,4,0,1,45,2,0,0
680215,1506,1489,43,664,800,42,842,0,842,14,0,1,1,0,52,1,0,28,0,52,0,0,1,193,0,1,1,0,13,0,0,1,184,0,4,0,1,0,1,118,0,2,22,0,0,138,7,1,5
680216,798,790,52,255,495,48,543,0,543,6,1,0,0,1,27,0,0,4,0,39,0,1,0,149,0,0,0,1,8,0,0,3,84,0,3,0,1,0,0,50,1,3,26,0,0,125,8,1,1
680217,471,472,18,171,282,18,300,0,300,2,0,0,1,0,11,0,0,2,0,19,0,0,0,86,0,0,0,0,1,0,0,1,65,0,1,0,0,0,0,35,0,0,6,0,0,62,4,2,2
680218,138,134,3,38,98,2,100,0,100,1,0,0,0,0,4,0,0,0,0,14,0,0,0,16,0,0,0,0,2,0,0,0,10,0,0,0,0,0,0,10,0,0,4,0,0,33,6,0,0
680219,438,433,31,121,286,31,317,0,317,5,0,2,0,0,12,0,1,4,0,16,0,0,0,56,0,2,0,0,0,0,0,1,48,0,0,0,0,0,0,64,2,0,8,0,1,84,9,1,1
680220,483,476,38,169,276,38,314,0,314,7,0,0,0,0,16,0,0,1,0,17,0,0,0,62,1,1,0,0,0,0,0,0,62,0,0,0,0,0,0,54,0,0,9,0,1,77,6,0,0
680221,294,286,9,105,183,6,189,0,189,0,0,1,1,0,3,1,0,1,1,17,0,0,0,51,0,1,0,0,1,0,0,2,26,1,0,0,1,0,0,33,0,0,3,0,2,39,4,0,0
680222,105,102,11,24,71,10,81,0,81,0,0,0,2,0,0,0,0,0,0,4,0,0,0,17,1,0,0,0,0,0,0,0,23,0,0,0,0,0,0,16,0,0,2,0,0,13,1,1,1
680223,873,880,70,307,501,65,566,0,566,15,2,1,2,0,36,2,1,5,1,34,0,0,0,175,0,1,0,0,12,0,0,2,61,0,0,0,0,0,0,81,0,1,17,0,1,103,12,0,1
680224,1098,1080,42,380,679,39,718,0,718,17,2,1,3,3,28,0,0,9,0,61,0,1,0,160,2,2,0,0,20,0,1,0,87,0,3,0,0,1,0,78,1,0,39,0,1,185,6,1,6
680225,555,549,21,245,290,20,310,0,310,10,0,0,0,0,8,2,0,2,0,20,1,0,0,67,0,1,0,0,11,0,0,1,44,0,0,0,0,0,0,38,0,1,12,0,2,77,7,2,4
680226,444,440,54,142,250,52,302,0,302,8,2,1,0,1,16,1,1,7,1,23,0,0,0,44,0,0,0,0,4,0,0,0,38,0,0,0,0,0,3,45,0,0,8,0,0,90,9,0,0
680228,381,378,33,139,209,33,242,0,242,0,0,0,0,0,20,1,0,0,0,14,0,0,0,40,0,2,0,0,4,0,0,2,66,0,0,0,0,0,0,46,2,0,6,0,1,35,2,1,0
680229,198,193,15,84,101,13,114,0,114,0,0,0,0,0,4,0,0,0,0,17,0,0,1,12,0,0,0,0,3,0,0,0,14,0,0,0,0,0,0,21,1,0,4,0,2,32,3,0,0
680230,162,160,29,55,82,25,107,0,107,1,0,0,0,0,2,1,0,0,0,4,0,0,0,19,0,0,0,0,0,0,0,1,13,0,0,0,0,0,0,31,0,0,1,0,0,30,3,0,1
680231,153,148,31,47,79,27,106,0,106,0,0,0,0,0,3,0,0,0,0,6,0,0,0,16,0,0,0,0,2,0,0,0,19,0,0,0,0,0,0,20,0,0,2,0,0,37,1,0,0
680232,78,76,24,16,42,20,62,0,62,0,0,0,0,0,2,0,0,0,0,1,0,0,0,3,0,0,0,0,0,0,0,0,12,0,0,0,0,0,0,11,0,0,4,0,0,29,0,0,0
680233,255,249,31,89,135,31,166,0,166,1,0,0,0,0,10,1,0,2,0,25,0,0,0,29,0,0,0,0,1,0,0,0,20,0,0,0,0,0,1,28,1,0,6,0,0,39,2,0,0
680234,57,55,8,19,30,8,38,0,38,0,0,0,0,0,1,0,0,0,0,2,0,0,0,2,0,0,0,0,0,0,0,0,5,0,0,0,0,0,0,16,0,0,0,0,0,7,2,1,2
680235,99,101,8,27,65,7,72,0,72,1,0,1,0,0,7,0,0,0,1,4,1,0,0,14,0,0,0,0,0,0,0,0,7,0,0,0,0,0,0,19,0,0,3,0,1,12,1,0,0
680236,576,558,57,199,323,54,377,0,377,7,0,0,1,0,25,0,0,0,0,33,0,1,0,73,1,1,0,0,10,0,0,0,49,0,2,0,0,0,2,74,0,0,12,0,0,79,5,0,2
680237,87,87,1,21,65,1,66,0,66,0,1,0,0,0,2,0,0,0,0,3,0,0,0,22,0,0,0,0,0,0,0,0,4,0,0,0,0,0,0,7,0,0,2,0,0,25,0,0,0
680238,498,482,5,200,293,5,298,0,298,3,0,1,0,1,24,1,0,0,0,11,0,0,0,63,1,0,0,0,6,0,0,1,66,0,0,0,0,0,0,52,0,0,12,0,1,52,2,0,1
680239,438,434,34,75,329,34,363,0,363,4,0,4,0,0,9,0,0,0,0,17,0,0,0,71,0,0,0,0,2,0,0,0,82,0,0,0,0,0,0,34,0,0,6,0,0,124,8,0,2
680240,297,293,21,69,210,18,228,0,228,4,2,0,1,0,7,0,0,2,0,12,0,0,0,24,0,0,0,0,0,0,0,1,77,0,0,0,0,0,1,35,0,5,5,0,0,47,4,0,1
680241,324,322,36,55,238,31,269,0,269,2,0,0,0,0,9,0,0,0,2,18,0,0,0,38,0,0,0,0,3,0,0,0,79,3,0,0,1,0,2,52,1,0,0,0,1,54,2,0,2
680242,399,395,42,148,217,34,251,0,251,3,0,0,0,0,6,0,0,1,0,12,0,1,0,50,1,0,0,0,10,0,0,0,49,1,0,0,0,0,0,33,0,1,4,0,0,65,12,1,1
680243,387,384,22,128,237,22,259,0,259,6,0,2,1,0,8,0,0,0,0,14,1,0,0,53,0,1,0,0,3,1,0,1,56,0,0,0,0,0,1,41,0,0,6,0,0,59,3,1,1
680244,348,343,37,141,170,37,207,0,207,3,0,0,0,0,10,0,0,1,0,15,0,0,0,25,0,0,0,0,2,0,0,0,59,0,1,0,0,0,0,43,0,0,2,0,0,40,2,1,3
680245,180,178,26,48,107,25,132,0,132,1,0,0,0,0,3,0,0,1,0,3,0,0,0,9,0,0,0,0,1,0,0,0,35,0,0,0,0,0,0,46,0,0,1,0,0,24,8,0,0
680246,168,165,8,80,81,7,88,0,88,0,0,0,0,0,16,0,0,0,0,5,1,0,0,14,0,2,0,0,3,0,0,2,11,0,0,0,0,0,0,12,0,0,1,0,0,15,6,0,0
680247,360,360,22,124,217,19,236,0,236,5,0,1,0,1,6,0,0,0,0,5,0,0,0,61,0,0,0,0,1,0,0,0,38,2,0,0,0,0,0,41,0,0,9,0,0,59,6,1,0
680248,342,338,26,106,214,22,236,0,236,2,0,0,0,0,10,0,0,2,0,12,0,0,0,31,1,1,0,0,1,0,0,0,55,0,0,0,0,0,1,59,1,0,9,0,0,50,1,0,0
680250,1470,1453,40,601,836,33,869,0,869,12,0,0,0,0,39,0,0,14,0,54,0,0,0,343,0,4,0,0,12,0,0,0,91,0,0,0,0,0,0,59,0,0,36,0,0,205,0,0,0
680251,378,372,8,148,225,5,230,0,230,7,0,0,0,0,13,0,0,3,0,11,0,0,0,36,0,0,0,0,0,0,0,1,56,1,0,1,0,0,0,30,0,1,1,0,1,63,5,0,0
680252,105,105,6,25,74,6,80,0,80,0,0,0,0,0,6,0,0,0,0,6,0,0,0,18,0,0,0,0,1,0,0,1,7,0,0,0,0,0,0,26,0,0,0,0,0,13,1,0,1
680253,924,917,19,370,535,19,554,0,554,12,0,0,2,0,22,1,0,0,0,50,0,0,0,142,0,1,0,0,14,0,0,1,76,1,2,0,2,0,0,103,0,0,38,1,0,81,4,0,1
680254,345,342,18,129,198,18,216,0,216,1,0,0,0,0,12,0,0,1,0,18,0,0,0,49,0,0,0,1,7,0,0,1,31,1,1,0,0,0,0,50,0,0,6,0,0,29,5,2,1
680255,129,129,19,41,69,19,88,0,88,0,0,0,1,0,6,0,0,3,0,7,0,0,0,14,0,0,0,0,1,0,0,0,19,0,0,0,0,0,0,11,0,4,0,0,0,17,3,0,2
680256,183,183,13,55,116,12,128,0,128,1,0,0,0,0,6,0,0,0,0,4,0,0,0,20,0,0,0,0,2,0,0,2,27,0,0,0,0,0,0,24,0,0,4,0,1,33,2,0,2
680313,1575,1584,10,645,923,7,930,0,930,17,0,3,2,1,54,2,1,18,0,62,0,0,0,274,2,1,1,0,25,0,0,1,74,1,2,0,0,0,0,143,0,1,91,0,1,143,5,1,4
680314,1899,1883,12,666,1225,8,1233,0,1233,11,2,0,3,0,64,1,0,21,0,111,1,0,0,284,2,1,0,0,59,3,1,0,122,2,5,0,0,0,0,215,1,3,140,0,0,160,7,0,14
680315,1770,1762,18,600,1152,18,1170,0,1170,15,4,1,6,0,87,2,0,13,1,101,0,0,0,286,0,1,0,0,43,0,2,1,96,2,4,1,0,0,0,184,0,0,121,0,0,179,14,0,6
680316,1752,1737,20,638,1095,19,1114,0,1114,15,3,1,5,0,60,1,0,24,0,102,0,1,0,300,0,2,0,0,27,0,0,0,102,1,0,0,1,0,0,163,0,1,100,1,0,192,7,0,5
680317,2484,2458,17,874,1597,13,1610,0,1610,18,1,1,4,4,137,3,0,29,0,127,0,3,0,425,2,3,0,0,61,0,1,0,77,0,8,0,1,0,2,262,0,3,186,1,1,224,14,1,11
680318,2025,2008,30,755,1240,30,1270,0,1270,45,3,4,1,2,65,3,2,16,1,106,2,1,0,290,3,3,1,2,50,0,0,2,89,0,7,0,1,1,1,171,0,0,124,0,5,244,13,2,10
680319,666,658,6,224,436,6,442,0,442,4,1,1,1,0,26,0,0,9,0,34,0,1,0,106,0,2,0,0,19,2,0,0,40,0,1,0,0,0,0,79,0,0,48,0,0,62,6,0,0
680320,612,609,10,234,368,10,378,0,378,7,1,1,1,2,15,0,0,8,0,42,0,0,0,87,0,1,0,0,9,0,0,0,55,0,1,0,0,0,1,46,0,0,24,0,0,57,4,2,14
680321,1929,1911,31,799,1103,27,1130,0,1130,21,0,3,0,0,62,0,0,23,0,53,0,0,0,327,2,1,0,1,33,0,0,1,108,0,6,0,0,0,2,146,0,1,81,3,0,232,19,0,5
680322,795,791,17,306,472,17,489,0,489,2,1,2,2,0,19,0,0,2,1,31,0,0,0,131,0,3,0,0,6,0,0,1,54,0,1,0,0,0,2,91,0,0,21,1,0,106,8,0,4
680323,891,881,43,363,486,42,528,0,528,5,0,0,0,1,40,0,0,3,0,28,0,0,1,129,0,0,0,0,7,0,0,0,49,1,0,0,0,0,2,115,0,0,27,1,1,107,7,1,3
680324,204,205,20,78,106,20,126,0,126,0,0,0,0,0,4,0,0,0,0,4,0,0,0,14,0,0,0,0,2,0,0,0,32,0,0,0,0,0,0,24,0,0,1,0,0,42,3,0,0
680325,1440,1427,46,572,823,45,868,0,868,9,1,0,0,1,40,0,0,8,0,69,0,0,2,233,3,1,0,0,22,0,2,1,157,0,1,0,0,0,0,122,0,2,37,0,1,126,20,2,8
680326,1011,1004,34,407,573,31,604,0,604,16,0,3,3,0,33,0,0,4,1,36,0,1,0,131,0,1,0,0,2,0,0,0,127,1,1,0,1,0,2,118,0,0,20,0,2,86,8,0,7
680327,144,145,16,43,85,16,101,0,101,1,0,1,1,0,8,0,0,1,0,2,0,0,0,12,0,0,0,0,1,0,0,1,33,0,0,0,1,0,0,23,0,0,2,0,0,13,0,0,1
680328,411,406,44,110,257,44,301,0,301,3,0,0,0,1,8,0,0,3,1,20,0,0,0,55,0,1,0,0,5,0,0,0,78,0,0,0,0,0,1,58,0,0,19,0,0,45,3,0,0
680329,714,708,48,248,423,43,466,0,466,6,3,0,1,0,14,0,2,6,0,13,0,0,0,106,3,1,0,0,9,0,0,2,78,0,1,0,0,0,2,141,0,0,15,0,2,51,6,1,3
680330,342,336,6,118,220,4,224,0,224,1,0,0,0,0,7,0,0,1,0,13,0,0,0,54,1,0,0,0,3,0,1,0,46,0,0,0,0,0,1,34,0,3,11,0,0,41,2,0,5
680331,252,253,5,87,160,5,165,0,165,2,0,1,0,0,12,1,0,4,0,9,0,0,0,34,0,0,0,0,1,0,0,0,48,0,0,0,0,0,1,18,0,0,14,0,0,17,2,1,0
680332,552,548,13,195,344,13,357,0,357,7,1,1,0,0,15,0,1,2,1,23,0,0,0,55,0,1,0,0,4,1,0,0,88,1,0,0,0,0,0,59,0,0,25,0,1,57,9,1,4
680333,486,486,25,126,335,25,360,0,360,2,0,0,0,0,27,2,0,2,0,10,0,0,0,96,0,1,0,0,6,0,0,0,88,1,1,0,0,0,0,48,0,1,8,0,0,58,5,1,3
680334,444,439,13,158,273,13,286,0,286,3,1,1,0,0,13,0,0,3,0,10,0,0,0,42,0,0,0,0,4,0,0,0,68,1,0,0,0,0,1,68,0,0,9,0,0,50,7,0,5
680335,699,676,2,257,440,2,442,0,442,12,0,3,1,0,11,1,0,9,0,23,0,0,0,97,1,0,0,1,27,0,0,0,89,0,1,0,0,0,1,57,3,0,24,0,1,76,1,1,2
680336,300,303,39,138,128,34,162,0,162,0,0,0,0,1,12,0,1,0,1,3,0,0,0,27,0,0,0,0,1,0,0,1,42,1,0,1,0,0,0,24,0,0,2,0,0,39,4,1,1
680337,129,125,11,61,57,11,68,0,68,0,0,0,0,0,3,0,0,1,0,10,0,0,0,8,0,0,0,0,2,0,0,1,7,0,0,0,0,0,0,20,0,0,1,0,0,14,0,0,1
680338,351,350,21,89,241,21,262,0,262,2,0,0,0,0,13,0,0,2,0,5,0,1,0,58,1,0,0,0,2,0,0,0,58,0,0,0,0,0,1,44,0,0,7,0,0,63,4,0,1
680339,252,250,11,97,144,11,155,0,155,0,1,0,0,1,3,0,0,0,0,11,0,0,0,21,0,0,0,0,4,0,1,0,39,0,2,0,1,0,0,28,0,0,3,0,0,33,3,0,4
680340,96,96,8,24,64,8,72,0,72,1,1,0,0,0,7,0,0,0,0,3,0,0,0,10,0,0,0,1,2,1,0,0,14,0,0,0,1,0,0,15,0,1,0,0,0,13,1,1,0
680341,900,886,57,294,551,55,606,0,606,11,1,0,1,2,39,1,0,5,0,33,0,1,0,152,1,1,0,0,9,0,0,0,150,0,3,0,1,1,2,58,0,1,22,0,0,89,6,1,15
680342,753,751,34,261,459,33,492,0,492,8,0,2,0,0,27,0,0,3,0,25,0,0,0,112,0,0,0,0,4,0,0,1,78,1,2,0,0,0,0,73,1,0,27,0,0,96,5,3,24
680343,573,570,12,182,382,9,391,0,391,8,0,2,0,0,16,1,1,10,0,12,0,0,0,74,1,0,1,0,2,0,0,1,98,1,2,0,0,0,2,63,0,0,28,0,1,55,8,0,4
680344,627,620,38,209,380,38,418,0,418,3,0,2,0,1,16,0,0,0,0,12,0,0,1,102,0,0,0,0,4,0,0,1,78,0,2,0,0,0,1,79,0,0,32,0,0,74,6,1,3
680345,222,216,0,89,133,0,133,0,133,2,0,1,0,0,6,0,0,1,0,9,0,0,0,21,0,1,0,1,4,0,0,0,46,0,0,0,0,0,0,14,1,0,2,0,0,22,2,0,0
680346,756,748,60,276,420,60,480,0,480,7,0,0,0,0,29,0,0,2,0,30,0,0,0,118,2,1,0,0,9,0,0,0,72,0,1,0,1,0,0,64,0,0,17,0,0,117,9,0,1
680347,2316,2292,30,992,1300,24,1324,0,1324,18,0,0,3,3,64,1,0,26,1,95,0,1,1,421,0,2,1,0,28,0,0,1,80,1,2,1,0,0,3,219,2,0,102,0,0,230,9,3,6
680348,1185,1180,26,476,688,21,709,0,709,13,0,1,1,2,41,0,0,8,0,63,0,0,0,221,1,1,0,1,20,0,0,2,59,0,2,0,0,0,0,75,0,0,48,0,1,139,6,0,4
680349,555,550,17,188,351,16,367,0,367,4,0,2,1,0,27,0,0,2,0,25,0,0,0,73,0,0,0,0,10,0,0,0,33,0,2,0,0,0,1,60,0,0,25,0,0,98,1,2,1
680350,552,550,53,189,310,53,363,0,363,10,0,0,0,0,11,0,0,4,0,27,0,0,0,76,0,0,0,0,16,0,0,3,58,1,1,0,0,0,0,70,1,0,13,0,1,67,4,0,0
680351,102,102,16,12,74,16,90,0,90,0,0,0,0,0,2,0,0,0,0,7,0,0,0,9,0,0,0,0,1,0,0,0,19,0,0,0,0,0,0,14,1,0,8,0,0,28,0,1,0
680352,285,293,32,53,200,32,232,0,232,0,0,0,0,0,15,0,0,1,0,11,0,0,1,41,0,0,1,0,3,0,0,1,67,0,0,0,1,0,0,47,0,0,4,0,0,37,0,1,1
680353,381,369,42,139,204,38,242,0,242,3,0,2,0,0,8,4,0,1,0,12,0,0,1,29,1,0,0,0,7,0,0,0,47,1,0,0,0,0,2,48,1,0,9,0,0,59,7,0,0
680354,180,179,25,37,119,24,143,0,143,1,0,1,0,0,4,0,0,2,0,6,0,0,0,27,1,0,0,0,1,1,0,0,62,0,0,0,0,0,0,20,0,0,2,0,0,15,0,0,0
680355,318,319,17,109,194,15,209,0,209,0,0,0,0,1,15,0,0,2,0,20,0,0,0,44,1,1,0,0,1,0,0,0,23,0,0,0,0,0,0,35,0,0,12,0,0,51,1,2,0
680356,96,92,5,33,58,5,63,0,63,1,0,0,0,0,6,0,0,0,0,4,0,0,0,19,0,0,0,0,1,0,0,0,11,0,0,0,0,0,0,12,0,0,0,0,0,8,0,1,0
680357,684,678,33,253,401,30,431,0,431,5,0,0,0,0,33,0,0,0,0,39,0,0,1,114,0,2,0,0,5,0,0,1,52,2,0,0,0,1,0,56,1,0,22,0,0,92,2,0,3
680358,108,107,15,45,52,11,63,0,63,0,0,1,0,0,4,0,0,0,0,8,0,0,0,9,0,0,0,0,2,0,0,1,12,0,0,0,0,0,0,8,0,0,0,0,0,16,1,0,1
680359,99,103,4,24,71,4,75,0,75,0,0,0,0,0,3,0,0,0,0,3,0,0,0,14,0,0,0,0,0,0,0,0,12,1,0,0,0,0,0,21,1,0,0,0,0,16,1,0,3
680360,294,291,6,104,186,4,190,0,190,6,0,0,0,0,17,0,0,2,0,11,0,0,0,33,0,0,0,0,6,0,0,0,37,0,0,0,0,0,0,28,0,0,18,0,0,32,0,0,0
680361,309,306,10,82,218,9,227,0,227,0,0,0,0,0,14,0,0,0,0,16,0,0,0,49,0,0,0,0,8,0,0,0,43,0,1,0,0,0,1,40,0,0,11,0,0,41,2,0,1
680362,1053,1042,65,356,635,62,697,0,697,11,1,1,1,0,50,0,1,9,1,39,0,1,0,163,0,2,0,0,9,0,0,2,133,1,0,0,0,0,1,89,0,0,25,0,0,139,13,1,4
680363,429,425,44,142,244,43,287,0,287,9,0,0,1,0,33,0,0,0,1,10,0,1,0,43,0,1,0,0,4,0,0,0,46,0,1,0,0,0,0,69,0,0,8,0,0,47,10,1,2
680364,132,132,9,44,79,9,88,0,88,2,0,2,0,0,6,0,1,2,0,0,0,0,0,14,0,0,0,0,0,0,0,0,18,0,0,0,0,0,0,27,0,0,1,0,0,15,0,0,0
680365,885,874,57,342,499,44,543,0,543,9,1,0,1,0,58,0,0,9,0,30,0,1,0,113,1,0,0,1,3,1,1,1,105,0,1,0,0,0,1,80,0,0,22,0,0,91,10,0,3
680366,636,623,64,282,292,62,354,0,354,4,0,2,0,0,21,0,0,1,0,12,0,0,0,87,0,3,0,0,4,0,0,0,66,0,1,0,1,0,0,53,0,0,11,1,1,81,4,0,1
680367,549,546,18,214,318,17,335,0,335,2,0,1,0,0,32,0,0,3,1,30,0,0,0,63,0,1,0,0,5,0,0,1,39,0,1,0,1,0,0,64,0,0,17,0,1,67,4,1,1
680368,408,407,39,185,184,39,223,0,223,18,1,0,0,0,16,0,0,3,0,19,0,1,2,21,0,0,0,0,3,1,0,0,46,0,2,0,0,0,0,44,0,0,2,0,1,38,2,0,3
680369,423,422,20,145,260,18,278,0,278,2,2,1,1,0,12,0,0,4,1,17,0,0,1,39,0,2,0,0,10,0,0,0,81,0,0,0,0,0,0,50,0,0,5,0,0,42,5,0,3
680370,510,504,17,218,278,14,292,0,292,1,0,0,0,1,14,0,0,5,0,12,0,0,0,71,0,0,0,0,1,0,0,0,63,0,0,0,0,0,0,44,0,1,11,0,0,60,4,1,3
680371,213,212,3,86,125,2,127,0,127,1,0,0,3,0,4,0,0,0,2,2,0,0,0,21,0,0,0,0,4,0,0,0,21,0,0,0,0,0,1,21,0,0,4,0,1,33,6,0,3
680372,117,122,2,29,86,2,88,0,88,1,0,0,0,0,3,0,0,0,0,7,0,0,0,24,0,0,0,0,3,0,0,1,13,0,0,0,0,0,0,17,0,0,3,0,0,16,0,0,0
680373,666,659,8,240,419,7,426,0,426,2,0,1,0,0,27,0,0,4,0,30,0,1,0,118,1,0,0,0,14,0,0,0,65,0,1,0,0,0,1,69,0,0,11,0,1,68,8,1,3
680374,261,259,4,107,150,4,154,0,154,1,0,0,1,0,2,0,0,4,0,7,0,0,1,32,0,1,0,0,3,0,0,0,27,0,0,0,0,0,0,35,0,0,10,0,0,25,2,0,3
680375,369,372,30,145,194,30,224,0,224,1,0,0,1,0,0,0,0,1,1,17,0,0,0,24,0,0,0,0,2,0,0,0,60,0,0,0,0,0,0,57,0,0,7,0,1,42,5,1,4
680376,417,412,31,124,264,29,293,0,293,3,0,0,0,1,10,0,0,1,0,24,0,0,0,63,0,0,1,0,6,0,0,0,56,0,1,0,0,0,0,56,0,0,7,0,0,57,4,0,3
680377,600,594,48,225,327,48,375,0,375,2,0,2,0,0,26,1,0,0,1,20,0,0,0,61,0,0,0,0,4,0,0,1,62,0,0,0,2,0,1,58,0,0,14,0,0,110,6,0,4
680378,474,472,41,162,271,41,312,0,312,3,0,2,2,0,38,0,0,3,0,19,0,1,0,37,0,0,0,0,1,0,0,2,88,0,0,0,0,0,0,65,1,0,5,1,0,41,2,0,1
680379,438,447,38,112,290,36,326,0,326,1,0,0,0,1,20,0,0,11,0,6,0,0,0,63,0,1,0,0,4,0,0,0,64,0,1,0,0,0,1,83,0,0,13,0,0,54,3,0,0
680380,810,798,13,285,514,11,525,0,525,4,0,4,1,1,44,2,0,25,0,29,0,0,0,144,0,0,0,0,12,0,0,1,93,0,0,0,0,0,1,60,0,1,11,1,2,76,7,0,6
680381,297,293,28,65,204,28,232,0,232,1,2,0,0,0,7,0,0,2,0,8,1,0,0,30,0,0,1,0,5,0,0,1,34,1,0,0,0,0,0,71,0,0,4,0,2,52,7,0,3
680382,876,875,59,232,585,59,644,0,644,7,1,6,0,0,45,0,0,3,0,25,0,0,0,130,0,1,0,0,5,0,0,0,158,0,1,1,0,0,1,96,0,2,41,0,0,110,3,2,6
680383,99,99,1,37,61,1,62,0,62,1,0,0,0,0,0,0,0,1,0,4,0,0,0,9,0,0,0,0,2,0,0,0,13,0,0,0,0,0,0,12,0,0,7,0,0,13,0,0,0
680384,570,565,18,199,354,17,371,0,371,12,0,4,0,1,27,0,0,7,1,22,0,0,0,75,1,0,0,0,8,0,0,0,51,1,1,0,0,0,2,57,0,0,28,0,0,66,3,1,3
680385,480,473,24,186,270,24,294,0,294,8,0,0,0,0,20,0,0,2,0,23,0,0,0,97,0,0,0,0,2,0,0,0,37,0,0,0,0,0,0,48,1,0,5,0,0,44,2,1,4
680386,252,252,26,98,128,26,154,0,154,4,0,1,0,0,7,0,0,0,0,9,1,0,0,41,0,3,0,0,1,0,0,3,25,0,1,0,0,0,0,19,0,0,5,0,0,32,1,0,1
680387,99,65,29,56,15,28,43,0,43,0,0,0,1,0,2,0,0,5,1,0,0,0,0,10,0,0,0,1,3,0,0,1,8,0,0,0,0,0,0,5,0,0,1,0,0,5,0,0,0
681139,1203,1197,21,448,739,16,755,0,755,10,0,2,1,2,58,2,0,1,0,52,0,1,0,188,1,0,0,0,28,0,0,1,61,0,2,0,0,0,0,172,0,0,48,0,2,114,1,0,8
681140,783,781,16,307,464,12,476,0,476,5,1,1,3,0,32,1,0,7,0,29,0,0,0,120,0,0,0,0,7,0,0,1,42,0,1,0,0,0,0,105,0,0,46,0,0,71,0,2,2
681141,825,820,20,353,457,15,472,0,472,6,0,1,1,1,30,0,1,3,0,36,0,0,0,112,0,1,0,0,15,0,0,0,77,1,1,1,0,0,0,76,0,0,28,0,0,71,7,0,3
681142,633,626,14,251,370,12,382,0,382,7,1,1,1,0,15,1,0,3,0,22,0,0,0,108,0,0,0,0,7,0,0,0,60,0,2,0,0,0,1,63,0,0,22,0,0,63,4,0,1
681143,1059,1043,53,458,558,43,601,0,601,11,3,1,2,0,34,0,0,4,0,34,0,0,0,160,1,1,0,0,13,0,0,1,89,2,5,0,0,0,0,101,1,0,42,0,1,80,6,1,8
681144,483,477,21,155,307,21,328,0,328,4,0,0,1,0,11,0,0,1,0,17,1,0,0,61,0,0,0,0,7,0,0,0,70,1,1,0,0,0,2,64,0,0,15,0,0,66,2,0,4
681145,846,830,60,247,539,60,599,0,599,13,1,1,0,2,31,2,0,4,0,20,0,0,0,115,1,2,0,0,5,0,1,1,178,1,1,0,2,0,1,114,0,0,17,1,2,76,5,1,1
681146,846,837,79,346,424,76,500,0,500,2,0,2,1,0,25,1,0,6,0,17,0,0,0,91,1,0,0,0,7,0,0,0,89,0,0,0,0,1,1,132,1,0,12,0,0,94,13,1,3
681147,963,956,93,316,559,88,647,0,647,14,0,0,0,0,53,0,1,6,0,19,0,0,0,156,0,3,0,0,3,0,0,2,118,0,1,0,0,0,1,107,2,0,12,0,2,132,5,1,9
681148,135,135,22,40,76,19,95,0,95,0,0,2,0,0,7,0,0,1,0,7,0,0,1,9,0,1,0,0,0,0,0,0,23,0,1,0,1,0,0,32,1,0,0,0,0,8,0,0,1
681149,591,593,56,171,367,53,420,0,420,6,1,0,0,0,33,0,0,2,0,25,0,0,0,104,0,0,0,0,2,0,0,0,85,0,0,0,0,0,0,45,0,2,19,0,0,90,3,1,2
681150,636,632,45,266,327,43,370,0,370,3,1,4,0,0,4,1,0,5,0,31,0,0,0,81,0,1,0,0,5,0,1,0,85,1,0,0,1,0,0,68,0,1,11,0,0,58,6,2,0
681151,645,635,55,293,304,48,352,0,352,4,0,2,1,1,32,1,0,5,0,13,0,0,0,61,0,0,0,0,5,0,0,1,61,0,0,0,0,0,1,73,0,0,10,0,0,78,2,0,1
681152,399,394,51,165,184,50,234,0,234,5,0,0,1,0,8,0,0,0,1,16,0,0,0,30,0,0,0,0,6,0,0,0,42,0,8,0,0,0,2,53,1,0,0,0,0,57,4,0,0
681153,123,122,27,30,69,24,93,0,93,0,0,1,0,0,0,0,0,0,1,4,0,0,0,4,0,0,0,0,1,0,0,0,24,1,0,0,0,0,0,42,0,0,8,0,0,7,0,0,0
681154,321,322,48,85,192,44,236,0,236,3,0,2,0,0,8,0,0,1,0,15,0,1,0,47,0,0,0,0,0,0,0,4,50,0,0,0,1,0,0,41,0,0,3,0,1,52,3,0,4
681155,864,854,74,279,514,71,585,0,585,9,0,5,0,1,33,0,0,2,1,65,0,0,1,129,0,4,1,0,7,1,1,2,109,3,2,0,0,0,0,80,1,0,34,1,1,83,4,0,5
681156,297,293,19,108,173,16,189,0,189,0,0,2,1,0,12,0,0,0,0,6,0,0,0,43,1,0,0,0,4,0,0,1,59,1,1,0,0,0,0,24,0,1,6,0,0,23,2,0,2
681157,504,499,48,178,282,44,326,0,326,3,1,1,0,1,13,0,0,5,0,37,0,0,0,73,0,1,0,0,4,0,0,0,44,0,1,0,0,0,0,59,0,0,21,0,0,60,2,0,0
681158,387,381,39,128,225,34,259,0,259,0,0,1,0,0,13,0,0,1,0,11,0,0,0,51,0,0,0,1,9,0,0,0,76,1,0,0,0,0,0,19,0,0,13,0,0,50,10,0,3
681159,72,71,9,21,42,9,51,0,51,1,0,0,0,0,5,0,0,0,0,3,0,0,0,11,0,0,0,0,0,0,0,0,10,0,0,0,0,0,0,4,0,0,1,0,0,15,0,0,1
681160,57,56,3,14,40,3,43,0,43,0,0,0,0,0,0,1,0,0,0,1,0,0,0,10,0,1,0,0,2,0,0,0,9,0,0,0,0,0,0,11,0,0,0,0,0,4,3,1,0
681161,417,409,50,117,252,48,300,0,300,2,0,0,0,0,23,0,0,0,0,19,0,0,0,41,0,0,0,0,11,0,0,1,65,0,1,0,0,0,1,68,0,1,8,0,0,56,1,1,1
681162,1062,1054,109,348,612,102,714,0,714,11,0,0,1,0,47,1,0,2,0,35,0,0,0,167,0,0,0,0,8,1,0,3,147,3,0,0,0,0,0,77,0,0,36,0,2,159,11,2,1
681163,483,485,46,108,329,46,375,0,375,6,1,0,0,0,6,1,1,0,0,21,0,0,0,43,0,0,0,0,1,0,1,1,67,0,0,0,0,0,0,145,0,2,16,0,1,57,5,0,0
681164,423,416,100,109,224,90,314,0,314,6,0,1,1,0,4,0,0,1,0,13,0,0,0,36,0,0,0,0,2,0,0,0,40,0,0,0,0,0,0,131,0,0,8,0,0,68,2,0,1
681165,573,570,39,160,380,33,413,0,413,4,2,1,0,1,29,1,0,5,1,36,0,0,0,79,1,0,0,0,7,0,0,0,83,1,0,0,1,0,0,52,0,0,14,1,0,89,3,0,2
681166,471,468,31,86,356,29,385,0,385,6,1,2,0,0,24,0,0,9,0,16,0,2,0,71,0,1,0,1,4,1,0,1,76,0,0,0,0,0,0,60,0,1,5,0,0,95,4,0,5
681167,822,814,64,324,441,57,498,0,498,6,0,0,0,0,32,0,0,4,0,15,0,0,1,123,0,0,0,0,1,0,1,1,143,2,2,0,1,0,1,57,0,0,15,0,0,90,3,0,0
681168,501,497,81,180,254,67,321,0,321,3,1,2,2,0,15,0,1,2,0,11,0,0,0,44,0,1,0,0,3,1,0,0,71,0,0,0,0,0,0,62,0,0,9,0,0,83,5,0,5
681169,768,761,89,245,440,83,523,0,523,9,0,2,1,0,31,1,0,4,0,46,0,0,0,91,0,4,0,0,7,0,0,2,110,1,1,0,0,0,0,63,0,0,18,0,0,120,9,0,3
681170,453,450,32,129,294,30,324,0,324,4,0,0,1,0,24,0,0,3,0,12,1,1,1,57,2,1,0,0,11,0,0,0,73,0,1,0,0,0,1,51,0,0,6,0,0,66,5,1,2
681171,156,156,21,33,102,21,123,0,123,1,0,2,0,0,4,0,0,0,1,1,0,0,0,21,0,1,0,0,4,0,0,0,36,1,0,0,0,0,0,25,0,0,3,0,1,20,2,0,0
681172,864,853,83,267,522,75,597,0,597,9,0,2,2,0,38,1,1,1,0,32,0,1,1,129,1,0,0,0,3,1,0,1,165,0,0,0,0,0,1,89,1,0,16,0,0,96,4,1,1
681173,120,118,19,45,58,17,75,0,75,0,0,0,0,0,1,0,0,1,0,0,0,0,0,16,0,0,0,0,1,0,0,0,32,0,0,0,0,0,0,10,1,0,0,0,1,8,2,2,0
681174,1110,1099,95,366,658,86,744,0,744,9,0,4,0,0,60,3,0,9,0,36,0,0,1,159,1,0,0,0,6,0,0,0,132,2,3,0,1,0,0,131,1,0,35,0,0,139,9,1,2
681175,1341,1329,95,408,849,84,933,0,933,14,5,3,1,1,78,2,0,18,0,58,0,0,0,157,2,2,2,0,19,0,0,0,277,3,3,0,3,0,0,85,0,3,73,0,1,114,2,0,7
681176,96,94,5,32,59,5,64,0,64,0,0,2,0,0,0,0,0,0,0,4,0,0,0,8,0,0,0,0,0,0,0,0,26,0,0,0,0,0,0,9,0,0,0,0,0,15,0,0,0
681177,51,54,5,6,41,4,45,0,45,0,0,0,0,0,0,0,0,0,0,0,0,0,0,4,0,0,0,0,0,0,0,0,16,0,0,0,0,0,0,3,0,0,0,0,0,20,2,0,0
681178,780,775,45,319,421,40,461,0,461,6,1,1,1,0,54,0,0,5,0,16,0,0,0,98,0,3,0,0,5,0,0,1,82,0,0,0,0,0,0,88,0,0,11,0,1,85,0,0,3
681179,222,219,19,64,143,15,158,0,158,0,1,0,1,0,1,0,0,1,0,7,0,0,0,14,0,1,0,0,5,0,0,0,15,0,0,0,1,0,0,22,0,0,0,0,0,85,2,1,1
681180,171,172,27,37,108,26,134,0,134,0,0,0,0,0,2,0,0,0,0,9,0,0,0,24,0,1,0,0,12,0,0,1,17,0,0,0,0,0,0,17,0,0,0,0,0,49,2,0,0
681181,369,369,38,116,222,31,253,0,253,1,0,0,0,0,8,0,0,2,0,18,0,0,0,65,0,1,0,0,2,0,0,2,46,0,0,0,0,0,1,24,0,0,2,0,0,74,4,1,2
681182,837,838,51,287,500,50,550,0,550,7,0,2,2,0,44,0,0,4,0,40,0,0,0,113,0,1,0,1,7,2,0,1,125,0,0,0,1,0,3,117,1,1,13,3,0,60,1,0,1
681183,516,514,26,222,270,24,294,0,294,11,0,1,1,0,9,0,0,4,0,10,0,0,0,54,0,0,0,0,5,0,3,2,122,1,0,0,0,0,0,35,0,0,6,0,0,27,0,1,2
681184,156,157,4,46,106,4,110,0,110,0,0,0,0,0,4,0,0,0,0,0,0,0,0,13,0,0,0,0,1,0,0,0,58,0,0,0,0,0,0,19,0,0,2,0,1,10,1,1,0
681185,297,297,26,128,147,22,169,0,169,1,0,2,0,0,5,0,0,1,0,14,0,0,0,21,0,0,0,0,1,0,0,0,35,0,0,0,0,0,0,32,0,1,1,0,1,49,5,0,0
681186,147,145,18,32,100,15,115,0,115,1,0,2,0,0,5,0,0,0,0,8,0,0,0,10,0,1,0,0,4,0,0,1,19,0,0,0,0,0,0,23,0,0,0,0,0,40,0,0,1
681187,87,90,10,25,57,5,62,0,62,1,0,0,0,0,8,1,0,0,0,3,0,0,0,11,0,0,0,0,5,0,0,0,10,0,0,0,0,0,1,8,0,0,0,0,0,14,0,0,0
681188,444,443,30,129,286,29,315,0,315,3,0,0,2,1,28,1,0,5,1,21,0,0,0,50,0,0,0,0,8,0,0,0,97,0,2,0,0,0,1,44,0,0,5,0,0,40,4,0,2
681189,348,350,37,110,208,30,238,0,238,1,0,1,0,0,13,0,0,0,0,16,0,0,0,27,0,0,0,0,1,0,0,0,72,1,0,0,0,0,0,43,0,0,4,1,0,52,4,0,2
681190,165,165,11,63,95,7,102,0,102,2,0,1,0,1,6,0,0,0,0,7,0,0,0,18,0,1,0,0,2,0,0,2,12,0,0,0,0,0,0,17,0,1,2,0,2,27,0,0,1
681191,84,80,6,34,44,6,50,0,50,0,0,1,0,0,2,0,0,3,0,4,0,0,0,4,0,0,0,0,2,0,0,0,9,0,0,0,0,0,0,16,0,0,0,0,0,9,0,0,0
681192,516,512,72,176,283,57,340,0,340,6,0,0,0,0,17,0,0,0,0,19,0,0,1,49,0,0,0,0,2,0,0,1,93,2,0,1,0,0,0,70,0,0,6,0,1,61,5,2,4
681193,738,732,50,258,433,47,480,0,480,1,0,1,1,0,21,1,0,1,0,20,0,0,0,96,0,0,0,0,6,0,0,2,98,2,0,0,0,0,1,89,0,0,20,0,1,107,7,0,5
681194,90,86,3,34,53,3,56,0,56,4,0,2,0,0,6,0,0,1,1,3,0,0,0,6,0,0,0,0,5,0,0,0,7,0,0,0,0,0,0,10,0,0,1,0,0,9,1,0,0
681195,600,591,52,222,333,45,378,0,378,4,2,0,0,0,14,1,0,1,0,26,0,1,0,88,0,2,1,0,7,1,0,0,65,0,1,0,0,0,1,48,0,0,10,1,1,92,9,0,2
681196,93,91,11,28,59,6,65,0,65,0,0,0,0,0,0,0,0,0,0,7,0,0,0,8,0,0,0,0,0,0,0,0,9,0,0,0,0,0,0,18,0,0,0,0,0,19,4,0,0
681197,309,305,23,107,180,22,202,0,202,2,0,1,0,0,12,0,0,0,0,10,0,0,0,28,0,0,0,0,1,0,0,1,37,0,0,0,0,0,0,32,0,0,10,0,1,63,2,1,1
681198,303,305,21,114,170,19,189,0,189,0,0,1,0,0,23,0,0,4,0,13,0,0,0,47,1,1,0,1,3,0,0,0,55,1,0,0,0,0,0,13,0,0,4,0,0,19,1,1,1
681199,132,131,8,40,84,8,92,0,92,3,0,1,0,0,3,0,0,0,0,6,0,0,0,9,0,0,0,0,0,0,0,0,30,0,0,0,0,0,0,13,0,0,3,0,0,22,2,0,0
681200,147,126,21,45,86,16,102,0,102,0,0,2,0,0,3,0,0,1,0,7,0,0,0,9,0,0,0,0,3,0,0,1,26,1,0,0,0,0,0,19,0,0,0,0,0,27,2,0,1
681201,708,696,19,204,488,16,504,0,504,0,1,1,0,1,22,1,0,2,0,20,0,0,0,106,1,0,0,0,9,0,0,1,185,0,1,0,0,0,1,61,0,0,21,1,0,63,1,0,5
681202,345,332,22,105,218,22,240,0,240,4,0,0,0,0,11,0,0,0,0,8,0,0,0,39,0,0,0,0,3,0,0,0,104,0,0,0,0,0,0,32,0,0,5,1,0,26,4,1,2
681203,522,517,52,173,305,44,349,0,349,3,0,1,0,0,9,1,1,0,0,13,0,1,0,55,0,1,0,0,4,0,1,0,119,0,1,0,0,0,1,54,0,0,10,0,1,70,1,1,1
681267,396,397,9,113,276,7,283,0,283,2,0,0,0,0,10,0,0,2,0,12,0,0,0,88,0,0,0,0,9,0,0,0,36,0,0,0,0,0,0,30,0,0,19,0,0,68,1,1,5
681268,159,156,3,56,100,3,103,0,103,6,0,0,0,0,3,0,0,3,0,10,0,0,0,24,0,0,0,1,1,1,0,0,9,0,1,0,0,0,0,13,0,1,11,0,0,18,1,0,0
681269,405,402,42,121,251,33,284,0,284,2,1,0,0,0,9,0,0,1,1,24,0,0,1,69,0,1,0,0,14,0,0,1,38,0,1,0,0,0,0,24,0,0,15,0,1,72,6,0,3
681270,216,219,25,64,130,22,152,0,152,1,1,0,0,0,2,0,0,1,0,13,0,0,0,43,0,0,0,0,4,1,0,0,22,0,0,0,0,0,1,27,0,0,4,0,0,28,1,2,1
681271,138,141,20,39,83,16,99,0,99,0,0,1,0,0,6,0,0,0,1,11,1,0,1,19,0,0,0,0,1,0,0,0,11,0,1,0,0,0,0,22,0,0,3,0,0,20,0,0,1
681272,78,87,14,20,46,12,58,0,58,0,0,0,0,1,6,0,0,1,0,1,0,0,0,7,0,0,0,0,1,0,0,1,10,0,0,0,0,0,0,21,1,0,0,0,0,8,0,0,0
681273,171,176,5,57,110,4,114,0,114,1,0,0,0,0,4,1,0,0,0,10,0,0,0,16,0,0,0,0,2,0,0,1,27,0,0,0,0,0,0,16,0,0,1,0,0,33,1,0,1
681274,66,73,12,12,44,10,54,0,54,1,0,0,0,0,5,0,0,0,0,3,0,0,0,9,0,0,0,0,2,0,0,0,13,1,0,0,0,0,0,5,0,0,0,0,0,12,2,0,1
681275,378,376,26,75,285,18,303,0,303,6,0,0,1,1,28,0,0,1,0,18,1,0,0,50,0,0,0,0,7,0,0,1,56,0,2,0,0,0,1,50,0,0,6,0,0,68,4,0,2
681276,297,299,31,85,185,27,212,0,212,2,0,0,0,0,8,0,0,2,0,15,0,0,0,18,0,0,1,0,2,0,0,0,66,0,1,0,0,0,0,35,0,0,7,0,0,52,1,0,2
681277,300,298,45,99,160,41,201,0,201,1,0,1,0,0,29,1,0,0,0,9,0,0,0,21,1,0,0,0,4,1,0,0,44,0,0,0,0,0,0,55,0,0,3,0,0,30,0,0,1
681278,372,371,67,120,193,59,252,0,252,8,0,0,1,3,3,0,0,0,1,22,0,0,0,56,0,0,0,0,3,1,0,2,55,1,0,0,2,0,1,30,2,1,13,1,1,36,5,0,4
681279,120,118,24,46,56,18,74,0,74,1,0,0,0,0,7,0,0,0,0,6,0,0,0,15,0,0,0,0,2,0,0,0,14,0,0,0,0,0,1,12,0,1,6,0,0,9,0,0,0
681280,753,757,56,288,412,53,465,0,465,3,1,1,0,0,45,0,0,1,0,22,0,0,1,91,0,0,0,0,13,0,0,1,62,1,0,1,0,0,0,70,0,0,17,1,2,125,5,0,2
681281,132,128,13,55,64,13,77,0,77,1,0,0,0,1,1,0,0,2,0,0,0,0,0,14,0,0,0,0,2,0,0,0,23,0,0,0,0,0,2,14,0,0,1,0,0,13,2,0,1
681282,450,445,10,154,287,9,296,0,296,4,0,0,0,0,6,1,0,2,1,16,1,0,0,64,0,0,0,0,4,0,0,0,52,1,0,0,0,0,0,54,1,0,14,0,0,69,3,0,3
681283,213,209,10,61,144,8,152,0,152,1,0,0,0,0,4,0,0,0,0,5,0,0,0,43,0,0,0,0,1,0,0,0,20,0,0,0,1,0,0,18,0,0,5,0,0,52,2,0,0
681284,402,401,7,123,272,7,279,0,279,2,2,0,1,0,19,0,0,1,1,19,0,0,1,60,0,1,0,0,3,0,0,0,55,0,0,0,0,0,0,54,0,0,6,0,0,49,0,0,5
681285,237,231,3,87,147,3,150,0,150,0,0,0,0,0,3,0,2,2,0,10,0,0,1,31,0,0,0,0,5,0,0,1,16,0,0,0,0,0,0,29,0,0,3,0,0,41,4,0,2
681286,90,89,0,17,73,0,73,0,73,0,0,0,0,0,5,0,0,0,0,5,0,0,0,7,0,0,0,0,2,0,0,0,22,0,0,0,0,0,0,16,0,0,0,0,0,16,0,0,0
681287,318,316,12,92,216,10,226,0,226,6,0,1,0,1,13,0,1,1,0,5,0,0,0,43,0,0,0,1,5,0,0,1,62,0,1,0,0,0,2,43,0,0,3,0,0,34,1,0,2
681288,414,406,53,144,218,52,270,0,270,3,0,0,0,0,8,1,0,1,0,22,1,0,0,53,1,1,0,0,8,0,0,0,37,0,0,0,0,0,0,47,0,0,18,0,0,65,4,0,0
681289,138,141,13,31,95,12,107,0,107,1,0,0,0,0,9,2,0,0,0,16,0,0,0,17,1,0,0,0,3,0,0,1,12,0,0,0,0,0,0,22,0,0,5,0,0,17,0,1,0
681290,117,111,18,41,60,16,76,0,76,0,0,0,0,0,1,1,0,0,0,6,0,0,0,14,0,0,0,1,1,0,0,0,13,0,0,0,0,0,0,14,0,0,4,0,0,20,1,0,0
681291,87,85,17,23,50,14,64,0,64,0,0,0,0,0,1,1,0,0,0,5,0,0,0,6,0,0,0,0,2,0,0,0,16,1,1,0,0,0,0,5,0,0,0,0,0,26,0,0,0
681292,57,56,5,12,41,4,45,0,45,0,0,0,0,0,2,0,0,0,0,5,0,0,0,9,0,0,0,0,1,0,0,0,6,0,1,0,0,0,0,15,0,0,0,0,0,6,0,0,0
681293,162,158,14,55,95,12,107,0,107,0,0,0,2,1,2,2,0,1,0,6,0,0,0,25,0,0,0,0,1,1,0,0,14,0,0,0,0,0,0,26,0,0,2,0,0,19,2,1,2
681294,216,212,26,70,124,22,146,0,146,0,0,0,0,0,17,0,0,0,0,14,0,0,0,22,0,0,0,0,6,0,0,0,18,1,0,0,0,0,0,18,0,0,5,0,0,41,3,0,1
681295,210,209,16,79,118,13,131,0,131,3,0,0,1,0,7,0,0,0,0,8,0,0,0,28,0,0,0,0,3,0,0,0,29,0,0,0,0,0,1,14,0,0,10,0,0,21,5,0,1
681296,402,403,32,129,244,29,273,0,273,6,0,0,1,0,17,0,0,0,1,10,0,0,0,65,0,1,0,0,4,0,1,0,29,0,0,0,1,0,1,39,1,0,5,0,0,82,6,1,2
681297,111,112,21,21,71,19,90,0,90,1,0,0,0,0,13,0,0,0,0,9,0,0,0,12,0,0,0,0,0,0,0,0,9,0,0,0,0,0,0,15,0,0,6,0,0,23,2,0,0
681298,246,240,28,75,144,27,171,0,171,1,0,0,0,0,10,0,0,1,1,5,0,0,0,30,0,0,0,0,4,0,0,0,23,0,0,0,0,0,0,35,1,0,6,0,0,46,7,0,1
681299,186,180,17,41,129,16,145,0,145,1,0,0,0,0,2,0,0,0,0,9,0,0,0,25,0,0,0,0,0,0,0,0,25,0,1,0,1,0,0,20,0,0,12,0,0,45,4,0,0
681300,63,62,6,13,44,6,50,0,50,1,0,0,0,0,2,0,0,0,0,7,0,0,0,13,0,0,0,0,2,0,0,0,3,0,0,0,0,0,0,8,0,0,2,0,0,10,1,0,1
681301,84,86,16,21,48,15,63,0,63,1,0,0,0,0,3,0,0,0,0,6,0,0,0,2,0,0,0,0,0,0,0,0,15,0,0,0,0,0,1,5,0,2,1,0,0,26,0,0,1
681302,735,731,67,227,448,60,508,0,508,5,2,0,1,0,19,1,0,4,0,48,0,1,0,103,0,0,0,0,14,0,0,2,43,0,1,0,0,0,0,43,0,0,58,0,0,150,10,1,2
681303,147,149,25,41,84,22,106,0,106,0,0,0,0,0,3,0,0,0,1,14,0,0,0,17,0,0,0,0,0,0,0,0,16,0,0,0,0,0,0,24,0,0,7,0,0,22,1,1,0
681304,528,519,20,262,250,16,266,0,266,2,0,1,1,0,25,0,0,5,1,14,0,0,1,60,0,1,0,0,5,0,0,0,63,0,0,0,0,0,0,28,0,0,8,0,0,47,3,0,1
681305,189,185,10,86,97,6,103,0,103,2,0,0,0,0,14,0,0,0,0,9,0,1,0,22,0,0,0,0,1,0,0,1,15,0,0,0,0,0,1,12,0,1,3,0,0,17,2,0,2
681306,63,62,4,20,40,3,43,0,43,0,0,0,0,0,3,0,0,0,0,1,0,0,0,6,0,0,0,0,0,0,0,1,7,0,0,0,0,0,0,4,0,0,0,0,0,21,0,0,0
681307,423,417,39,116,272,35,307,0,307,7,0,0,0,0,32,0,0,1,0,20,0,1,0,50,0,0,1,1,1,0,0,0,90,0,1,0,0,0,0,37,0,0,7,0,2,50,5,0,1
681308,717,710,36,202,484,31,515,0,515,3,1,0,1,0,26,2,1,4,0,84,1,0,0,108,0,0,0,0,10,0,0,0,33,0,0,0,0,0,0,86,0,0,48,0,2,98,6,0,1
681309,210,206,11,86,113,11,124,0,124,0,0,0,0,0,2,0,0,0,0,10,0,0,0,31,0,0,0,0,2,0,0,0,14,0,0,0,0,0,0,27,0,0,8,0,0,25,4,0,1
681310,507,504,13,184,311,12,323,0,323,6,0,3,2,0,19,0,0,0,0,30,0,0,0,83,0,0,0,0,4,0,0,0,51,0,2,0,0,0,0,33,0,0,23,0,0,59,4,0,4
681311,1179,1164,70,375,736,68,804,0,804,7,0,2,2,0,49,1,0,1,0,50,0,1,3,218,0,0,0,0,11,2,1,1,89,1,1,0,0,0,2,97,0,1,40,0,1,210,8,1,4
681312,1551,1550,129,521,914,116,1030,0,1030,22,0,1,3,0,53,2,0,13,1,83,1,0,2,197,0,2,0,2,30,0,0,0,180,1,3,0,1,0,0,135,0,0,66,0,2,213,14,0,3
681313,315,325,23,107,185,23,208,0,208,6,0,0,0,0,10,0,0,1,0,8,0,0,0,39,0,0,0,0,0,0,0,1,71,0,0,0,0,0,0,17,0,0,5,0,0,47,2,1,0
681314,468,468,27,170,272,26,298,0,298,2,0,1,2,0,11,1,0,5,0,8,0,0,0,66,0,0,0,0,1,2,0,1,61,0,0,0,0,0,1,59,0,0,7,0,0,64,5,1,0
681315,789,790,30,271,490,28,518,0,518,10,2,0,0,0,28,0,0,2,0,30,0,0,0,120,0,0,0,0,7,0,0,2,64,0,0,0,0,0,0,96,1,1,14,0,1,128,11,0,1
681316,162,163,7,43,112,7,119,0,119,2,0,0,0,0,5,1,0,1,0,6,0,1,0,18,0,0,0,0,1,0,0,1,16,0,0,0,0,0,0,15,0,0,7,0,0,41,3,1,0
681317,189,170,21,41,128,20,148,0,148,4,0,0,1,1,16,0,0,1,0,4,0,0,0,36,0,0,0,0,0,0,0,0,28,0,0,0,0,0,0,25,0,0,8,0,0,20,2,0,2
681318,39,38,2,14,24,1,25,0,25,0,0,0,0,0,3,0,0,0,0,0,0,0,0,6,0,0,0,0,0,0,0,0,5,0,0,0,0,0,0,2,0,0,0,0,0,8,0,0,1
681319,609,607,55,168,394,47,441,0,441,9,0,1,0,0,17,1,0,2,0,24,0,0,0,83,0,0,0,0,11,0,0,1,90,0,0,0,0,0,0,63,0,0,44,0,1,84,7,0,3
681320,525,514,34,215,284,26,310,0,310,3,1,0,1,1,24,0,0,2,1,25,0,0,0,85,0,1,0,0,11,0,0,0,45,0,1,0,0,0,1,31,0,0,16,0,1,54,3,0,3
681321,849,840,70,258,531,60,591,0,591,6,2,0,4,1,32,1,0,3,0,69,1,1,0,137,0,0,1,0,14,0,0,0,91,0,1,0,0,0,0,74,0,1,26,1,0,110,10,0,5
681322,537,539,49,160,335,42,377,0,377,8,0,0,0,1,17,0,1,0,0,16,0,0,1,75,0,0,0,0,4,0,1,1,69,0,1,0,0,0,0,70,0,1,15,0,1,86,8,0,1
681323,186,183,8,44,134,8,142,0,142,1,0,0,0,0,4,1,1,0,0,18,0,0,0,32,0,0,0,0,1,0,0,1,33,0,0,0,3,0,0,14,0,0,8,1,0,24,0,0,0
681324,2412,2378,27,809,1577,26,1603,0,1603,19,3,1,2,0,63,2,2,23,1,127,0,1,0,461,1,1,0,0,46,2,0,2,118,1,12,0,1,1,1,258,0,1,106,1,1,326,11,1,7
681325,1797,1791,18,615,1164,18,1182,0,1182,12,1,1,4,4,51,4,0,16,1,118,0,0,0,340,2,1,0,0,25,0,1,2,89,1,7,0,0,0,1,164,0,2,92,1,0,224,12,0,6
681326,1671,1644,13,610,1048,13,1061,0,1061,13,0,0,4,1,66,3,0,18,2,83,0,1,0,242,1,1,0,0,14,0,0,1,108,3,3,0,0,0,0,149,0,2,88,0,1,237,12,0,8
681327,1260,1237,4,477,779,4,783,0,783,9,1,2,1,2,55,3,0,17,0,81,0,1,0,226,4,0,0,1,25,2,0,0,62,0,0,1,1,0,0,117,0,0,56,0,2,99,10,0,5
681328,954,662,93,467,400,87,487,0,487,42,4,3,4,0,18,5,1,3,0,23,3,2,2,93,1,0,4,1,8,0,1,2,53,5,0,2,1,2,2,70,0,0,14,1,1,98,17,0,1,01,04,2019,00,30
