710001,1590,1573,23,587,982,21,1003,0,1003,13,2,0,0,0,48,1,0,11,0,122,0,0,0,317,0,2,0,0,11,0,1,0,40,0,4,0,1,0,0,123,0,0,83,0,4,211,8,0,1
710002,1422,1405,26,571,828,23,851,0,851,11,0,0,1,0,49,1,0,7,0,71,0,1,1,268,0,1,0,0,13,0,1,0,45,0,3,0,0,1,0,110,0,2,78,1,1,181,3,0,1
710003,1410,1392,21,567,828,15,843,0,843,14,1,0,1,1,37,1,0,5,0,70,1,0,0,270,1,2,0,0,6,0,0,1,55,0,4,0,0,1,0,106,0,0,79,0,0,168,11,1,7
710004,1425,1404,18,570,838,17,855,0,855,11,0,0,2,1,61,0,3,9,0,68,1,0,1,292,1,2,0,0,7,0,0,0,53,1,2,0,1,0,1,90,1,1,61,0,1,172,8,0,4
710005,864,858,20,370,475,19,494,0,494,2,0,0,0,0,36,0,0,4,0,40,0,0,0,171,0,4,0,0,3,0,0,0,38,0,0,0,0,0,0,58,0,0,39,0,0,90,6,1,2
710006,750,746,30,292,430,28,458,0,458,6,0,0,1,0,20,0,0,6,0,44,0,3,0,132,0,1,0,0,6,0,0,1,44,0,1,0,0,0,0,53,0,0,51,1,6,74,3,0,5
710007,1656,1639,41,701,925,30,955,0,955,10,0,0,2,0,57,0,0,11,1,107,0,1,1,343,1,2,0,0,8,0,0,1,41,0,2,0,0,0,0,113,1,1,77,0,0,165,5,1,4
710008,1695,1679,33,706,960,29,989,0,989,7,0,1,1,1,38,0,0,12,0,100,1,0,0,350,0,3,0,0,10,0,0,2,57,0,1,0,0,0,0,112,0,0,75,0,0,202,10,0,6
710009,261,263,21,92,148,21,169,0,169,0,0,0,0,0,9,0,0,3,0,9,0,0,0,65,0,0,0,0,0,0,0,0,21,0,0,0,0,0,0,11,0,0,2,0,0,45,2,0,2
710010,120,120,5,29,86,5,91,0,91,2,0,1,0,1,2,0,0,0,0,7,0,0,0,25,0,0,0,0,0,0,0,0,3,1,1,0,0,0,0,16,0,0,0,0,0,30,1,0,1
710011,1521,1513,9,617,896,8,904,0,904,9,1,4,2,0,37,1,1,4,0,110,2,0,0,259,0,1,0,0,9,0,0,0,107,1,4,0,0,0,0,122,0,1,86,0,1,129,6,2,5
710012,867,859,11,352,504,11,515,0,515,2,0,0,0,0,20,1,0,6,0,87,0,0,0,150,0,1,1,0,3,0,0,0,67,1,1,0,0,0,0,46,0,0,27,0,1,90,7,0,4
710013,816,811,51,257,508,51,559,0,559,7,0,0,1,0,34,0,0,7,1,46,0,0,0,212,3,2,0,0,0,0,0,0,57,0,1,1,0,0,1,43,1,0,57,0,2,78,3,0,2
710014,282,290,30,112,145,25,170,0,170,0,0,0,2,0,8,0,1,2,0,10,0,0,1,56,0,1,0,0,0,0,0,1,29,1,0,0,0,0,0,22,0,0,8,0,0,28,0,0,0
710015,1191,1181,37,448,706,37,743,0,743,8,0,0,1,1,22,0,0,4,0,99,0,0,1,268,0,4,0,0,5,0,0,1,71,1,3,0,0,0,0,78,0,0,45,0,0,124,4,1,2
710016,573,557,21,259,294,20,314,0,314,6,0,2,0,0,18,0,0,2,0,44,0,0,0,87,0,1,0,0,3,0,0,0,22,0,0,0,0,0,0,27,0,0,17,0,0,76,9,0,0
710017,1224,1213,60,466,701,57,758,0,757,4,1,0,1,0,25,1,0,8,0,73,0,0,0,226,2,3,0,0,0,0,0,1,89,0,1,0,0,0,0,69,0,3,60,0,1,181,4,0,4
710018,714,709,79,262,374,78,452,0,452,3,0,0,1,0,33,0,0,8,1,75,1,0,0,106,0,1,0,0,2,0,0,0,59,0,3,0,1,0,0,46,0,0,22,0,1,82,1,0,6
710019,885,816,59,369,459,57,516,0,516,4,1,2,1,0,25,0,0,3,0,56,0,0,0,106,0,1,0,0,1,0,0,0,81,0,0,0,0,0,0,65,0,1,42,0,2,113,4,1,7
710020,525,522,45,168,313,44,357,0,357,2,0,0,0,1,17,0,0,3,0,53,0,0,0,102,0,0,0,0,3,0,0,1,42,1,0,0,0,0,0,34,0,0,39,0,1,53,4,0,1
710021,405,406,44,133,234,38,272,0,272,1,1,0,1,0,32,0,0,5,0,19,0,0,0,79,0,0,1,0,1,0,0,0,26,1,0,0,0,0,0,22,0,0,14,0,1,58,7,0,3
710022,888,881,40,352,502,34,536,0,536,5,0,1,1,0,25,0,0,7,0,51,0,0,0,174,0,3,0,0,2,1,0,0,52,0,2,0,1,0,0,68,0,0,35,0,1,91,8,3,5
710023,414,412,16,144,254,16,270,0,270,4,0,0,0,0,2,0,0,5,0,29,0,0,1,76,1,1,0,0,1,0,0,2,35,0,0,0,0,0,1,26,0,0,8,0,2,70,4,1,1
710024,390,382,24,137,230,23,253,0,253,4,0,0,1,0,39,0,0,7,0,15,0,0,0,53,0,0,0,0,1,0,0,1,28,0,0,0,0,0,0,36,0,0,10,0,2,50,3,0,3
710025,438,436,48,119,271,48,319,0,319,3,0,0,0,0,15,0,0,3,0,34,0,0,0,93,4,2,0,0,0,0,0,0,75,2,0,0,0,0,0,23,0,0,21,0,0,36,3,0,5
710026,282,278,11,114,160,8,168,0,168,2,0,0,1,0,6,0,0,1,0,17,0,1,0,48,0,0,0,0,0,0,0,0,31,0,0,0,0,0,1,27,0,0,4,0,0,25,2,0,2
710027,828,827,25,336,468,24,492,0,492,8,1,1,0,0,32,0,0,5,0,48,0,0,0,157,2,4,0,0,1,0,0,0,38,0,2,0,0,0,0,64,0,0,47,0,1,76,2,1,2
710028,1089,1097,23,469,601,19,620,0,620,3,0,0,1,1,38,1,0,11,0,38,0,0,0,204,1,2,0,0,6,0,0,0,61,1,0,0,0,0,0,68,0,1,25,0,0,148,2,0,8
710029,996,1003,17,412,567,17,584,0,584,6,1,1,2,1,41,1,0,4,0,70,0,1,0,170,1,0,0,0,4,0,0,1,46,5,2,0,0,0,0,46,0,0,56,0,1,109,10,0,5
710030,1329,1314,45,591,695,43,738,0,738,8,0,1,2,0,30,0,0,8,0,54,0,0,1,286,1,2,1,0,1,0,1,1,65,0,1,0,1,0,0,76,0,1,55,0,0,126,8,2,6
710031,423,413,61,144,221,58,279,0,279,2,0,0,0,0,5,0,0,3,0,28,1,1,0,86,0,0,0,0,2,0,0,0,50,0,0,0,0,0,0,42,0,0,16,0,1,38,4,0,0
710032,798,794,30,311,464,23,487,0,487,2,1,0,1,0,22,0,0,3,0,49,1,0,0,131,0,1,0,0,0,0,0,1,68,1,0,0,0,0,1,44,0,0,26,0,1,120,6,0,8
710033,1440,1423,61,591,788,61,849,0,848,8,0,0,2,0,27,0,0,6,0,104,0,0,0,255,1,1,0,1,4,0,0,1,72,1,1,0,1,0,2,139,0,0,63,0,6,140,4,0,9
710034,492,485,74,137,281,74,355,0,355,6,0,0,0,0,9,0,0,7,0,24,0,0,1,129,0,0,0,0,2,0,0,0,53,0,0,0,0,0,1,38,0,0,9,0,2,70,4,0,0
710035,1737,1712,81,667,994,76,1070,0,1070,18,0,1,2,1,18,1,0,2,1,105,0,0,1,363,1,4,0,0,8,0,0,3,136,1,4,0,1,0,0,95,0,2,57,0,2,226,11,1,5
710263,345,344,33,155,162,28,190,0,190,2,0,0,1,0,5,0,0,3,0,17,0,0,0,58,0,0,0,0,5,0,0,1,30,1,0,0,0,0,0,15,0,0,6,0,1,42,1,1,1
710266,276,278,47,109,128,39,167,0,167,1,1,0,0,0,10,0,0,1,0,18,0,0,0,22,0,0,0,0,5,0,0,2,47,0,0,0,0,0,0,14,0,0,3,0,1,39,1,0,2
710274,207,205,17,91,106,10,116,0,116,2,0,0,0,0,2,0,0,1,0,14,0,0,0,34,0,1,0,0,3,0,0,0,10,0,1,0,0,0,0,9,0,0,1,0,2,34,1,0,1
710280,879,867,59,356,472,51,523,0,523,6,0,0,0,1,34,0,0,3,1,33,0,0,1,138,1,0,0,0,5,0,0,2,85,2,2,0,0,0,1,48,0,1,28,0,2,122,5,0,2
710281,135,136,13,45,81,9,90,0,90,4,0,0,0,0,11,0,0,0,0,6,0,1,0,21,0,0,0,0,2,0,0,0,20,0,0,0,0,0,0,6,0,0,3,0,0,14,2,0,0
710282,600,590,29,221,352,27,379,0,379,0,1,1,1,0,24,0,0,20,0,13,0,0,0,128,0,1,0,0,6,0,0,0,32,0,0,0,0,0,0,43,0,1,21,0,0,81,5,0,1
710283,246,242,15,74,159,13,172,0,172,4,0,0,0,0,6,0,0,2,0,17,0,0,0,42,0,0,0,0,3,0,0,1,47,0,1,0,0,0,0,16,0,0,6,0,0,25,2,0,0
710284,90,93,9,27,55,8,63,0,63,0,0,0,0,0,2,0,0,0,0,4,0,0,0,16,0,0,0,0,3,0,0,1,14,0,0,0,0,0,0,6,0,0,2,0,0,13,2,0,0
710285,453,464,34,162,261,30,291,0,291,2,0,0,1,0,10,0,0,1,0,33,0,0,0,55,0,0,0,0,2,0,0,1,37,0,0,0,0,0,0,20,0,0,13,0,0,113,2,0,1
710287,213,214,24,76,113,24,137,0,137,1,0,0,0,0,7,0,0,0,0,7,0,0,0,29,1,0,0,0,5,0,0,0,27,2,0,0,0,0,0,18,0,0,8,0,0,31,1,0,0
710289,207,208,20,72,119,16,135,0,135,1,2,0,0,1,5,1,0,2,0,14,0,0,0,40,0,0,0,0,5,0,0,0,23,1,0,0,0,0,0,16,0,0,9,0,0,12,2,0,1
710290,168,174,12,58,101,9,110,0,110,0,0,0,0,0,7,1,1,2,0,7,0,0,0,26,0,0,0,0,7,0,0,0,16,0,0,0,0,0,0,8,0,1,7,0,0,27,0,0,0
710291,96,102,9,22,65,9,74,0,74,1,0,0,0,0,9,1,0,1,0,8,0,0,0,14,0,0,0,0,1,0,0,0,9,0,0,0,0,0,0,7,0,0,1,0,0,20,1,0,1
710298,891,884,55,323,517,51,568,0,568,9,1,0,0,0,31,0,0,5,0,49,0,2,1,160,0,1,0,1,9,0,0,0,58,1,1,0,0,0,0,58,0,0,47,0,0,128,4,0,2
710299,678,674,38,299,341,38,379,0,379,3,0,3,1,1,10,0,0,7,0,32,0,0,1,100,0,1,0,0,1,0,0,0,51,0,0,0,0,0,1,58,0,0,26,0,2,73,6,0,2
710300,282,282,6,120,156,6,162,0,162,1,0,0,1,0,0,0,1,1,0,21,0,0,0,54,0,2,0,0,2,0,0,1,25,0,1,0,0,0,0,10,1,0,16,0,2,21,1,0,1
710301,444,438,13,196,236,12,248,0,248,2,1,1,0,0,16,0,1,3,0,28,0,0,0,81,1,0,0,0,6,0,0,0,35,0,0,0,0,1,0,20,0,1,7,1,2,38,3,0,0
710302,318,310,19,129,171,18,189,0,189,2,0,0,0,0,11,0,0,1,0,13,0,0,0,68,0,2,0,0,2,0,0,2,23,0,0,1,0,0,0,21,0,0,13,0,0,29,1,0,0
710303,132,132,3,40,89,3,92,0,92,0,0,0,1,1,5,0,0,0,0,2,0,0,0,23,0,0,0,0,1,0,0,0,20,0,1,1,0,0,0,5,0,0,5,0,0,27,0,0,0
710310,342,343,35,114,196,32,228,0,228,1,0,0,0,0,8,0,0,1,0,39,1,0,0,41,0,2,0,0,1,0,0,2,33,0,1,0,0,0,0,18,0,0,9,0,1,70,0,0,0
710311,435,429,23,105,307,23,330,0,330,5,1,0,0,0,14,0,0,1,0,25,0,0,0,106,0,0,0,0,1,0,0,0,46,0,0,0,0,0,0,15,0,1,18,0,0,92,2,0,3
710312,522,517,48,209,268,45,313,0,313,5,0,1,0,1,14,0,0,2,0,24,0,0,1,72,1,0,0,0,3,0,0,1,70,0,0,0,0,0,0,24,0,0,17,0,0,74,2,0,1
710313,150,146,18,36,96,18,114,0,114,4,0,0,0,0,11,0,0,1,0,15,0,0,0,22,0,1,0,0,0,0,0,0,25,0,0,0,0,0,0,9,0,0,1,0,0,24,1,0,0
710314,282,277,12,96,174,12,186,0,186,1,0,0,0,0,3,0,0,1,0,25,0,0,0,50,0,0,0,0,1,0,0,0,14,0,0,0,0,0,0,11,0,0,11,0,2,64,3,0,0
710315,180,176,23,64,95,21,116,0,116,1,1,0,0,0,3,0,0,1,0,13,0,0,0,35,0,1,0,0,1,0,0,0,4,2,0,0,0,0,0,6,0,0,7,0,0,39,2,0,0
710316,375,367,3,153,219,3,222,0,222,0,1,0,0,0,10,0,0,6,0,19,0,0,0,51,0,1,0,0,0,0,1,0,34,0,0,0,0,0,0,27,0,0,9,0,2,59,2,0,0
710317,330,330,32,112,188,30,218,0,218,5,0,0,0,0,8,0,0,0,0,17,0,0,0,35,0,5,0,0,1,0,0,0,15,0,1,0,0,0,0,34,0,0,4,0,0,86,3,0,4
710318,1455,1437,14,604,839,12,851,0,851,4,2,1,3,0,24,1,1,11,0,67,0,2,0,333,3,1,0,0,10,0,0,0,68,2,5,0,0,1,0,53,0,0,62,0,3,181,9,0,4
710319,1686,1673,7,749,930,7,937,0,937,12,3,1,1,0,55,1,0,6,0,90,0,1,1,344,0,4,0,1,22,0,0,0,48,1,2,0,1,1,0,68,1,0,92,0,0,169,7,1,4
710320,600,588,28,213,359,28,387,0,387,4,0,0,0,0,29,0,0,5,0,34,1,0,1,114,0,1,0,0,0,0,0,0,31,0,5,0,0,0,0,19,0,0,40,0,1,95,4,1,2
710321,465,458,16,196,254,15,269,0,269,1,0,0,0,0,4,0,0,1,0,10,0,0,0,89,0,0,0,0,1,0,0,1,61,0,0,0,0,0,0,26,1,2,5,0,1,61,4,0,1
710322,1692,1685,29,667,1000,25,1025,0,1025,12,0,0,4,0,62,0,0,8,1,111,0,0,0,272,0,5,1,1,14,0,0,1,72,0,1,0,0,1,0,78,0,0,147,0,1,221,3,1,8
710323,1353,1335,11,538,804,11,815,0,815,6,0,2,2,0,32,0,0,4,0,96,0,0,0,233,1,5,0,0,10,1,0,0,58,0,1,0,0,0,0,57,0,1,79,0,0,210,15,1,1
710324,1176,1163,15,466,696,14,710,0,710,8,0,1,0,0,30,0,0,6,0,75,0,0,0,175,0,4,0,0,7,0,0,0,70,0,0,0,0,1,1,62,0,0,93,0,1,166,6,1,3
710325,276,270,14,79,183,14,197,0,197,4,0,0,1,0,13,0,0,4,0,24,0,0,0,39,0,1,0,0,5,0,0,0,31,2,0,0,0,0,0,16,0,0,10,0,1,41,4,0,1
710326,375,368,14,120,242,13,255,0,255,6,0,0,1,0,11,0,0,1,0,21,0,0,0,55,0,2,0,0,2,0,0,0,23,0,0,0,0,0,0,15,0,0,6,0,1,108,3,0,0
710327,1347,1333,145,537,706,104,810,0,810,6,1,0,0,1,11,0,0,6,0,58,0,1,0,199,0,6,1,0,13,1,0,0,137,0,3,0,0,0,0,107,0,2,48,0,1,192,8,1,7
710328,624,618,56,212,356,56,412,0,412,0,0,0,4,0,24,0,1,2,0,35,0,0,0,96,0,1,0,0,0,0,0,0,100,1,0,0,0,0,0,31,0,1,22,0,2,85,5,0,2
710329,426,438,64,106,256,64,320,0,320,3,0,1,1,0,11,0,0,3,0,20,0,0,0,97,0,2,0,0,2,0,0,0,32,0,1,0,0,0,0,35,0,0,8,0,1,101,2,0,0
710330,555,551,35,208,312,35,347,0,347,3,0,0,2,0,10,0,0,2,0,35,1,0,0,76,0,1,0,0,4,0,0,2,64,1,0,0,0,0,0,27,0,0,20,0,0,96,1,0,2
710331,234,237,9,83,142,9,151,0,151,0,0,0,1,1,6,0,0,3,0,6,0,0,1,31,0,0,0,0,4,0,0,0,33,1,0,0,1,0,0,9,0,0,12,0,1,38,2,1,0
710332,342,332,24,128,192,22,214,0,214,0,0,0,0,0,23,0,1,4,0,20,1,1,0,34,0,2,0,0,2,0,0,0,31,0,0,0,1,0,0,15,0,1,14,0,1,56,6,0,1
710333,540,540,42,180,318,42,360,0,360,4,0,0,0,0,9,0,0,0,0,38,1,0,0,103,0,0,0,0,1,0,0,0,48,3,0,0,1,0,1,38,0,0,18,1,1,86,6,1,0
710334,129,132,11,32,87,10,97,0,97,3,0,0,0,1,3,0,0,1,0,0,0,0,0,29,0,1,0,0,0,0,0,0,15,0,0,0,0,0,0,0,0,0,5,0,1,36,2,0,0
710335,378,372,26,128,226,24,250,0,250,3,0,0,0,0,8,0,0,3,0,17,0,0,0,65,0,1,1,0,0,0,0,1,49,0,2,0,0,0,0,19,0,0,4,0,1,70,5,0,1
710336,321,327,28,88,205,28,233,0,233,1,1,0,0,0,8,0,0,0,0,19,0,0,0,72,0,7,1,0,1,0,0,0,25,0,0,0,0,0,0,19,0,0,10,0,1,61,6,0,1
710337,321,322,19,74,230,17,247,0,247,2,0,0,0,0,5,0,0,1,0,30,0,0,0,72,0,0,0,0,0,0,0,0,33,1,0,0,0,0,0,29,0,0,10,0,0,61,2,0,1
710338,222,217,9,83,131,8,139,0,139,0,0,0,0,0,3,0,0,2,0,10,0,0,0,50,0,0,1,0,2,0,0,1,24,0,0,0,0,0,0,7,0,0,0,0,1,34,2,0,2
710339,1161,1157,55,552,558,51,609,0,609,4,1,0,1,1,33,1,0,8,0,49,2,0,1,204,0,7,1,0,2,0,0,0,87,0,0,0,0,0,1,58,1,0,21,0,0,111,8,1,6
710340,1134,1124,25,446,666,22,688,0,688,10,1,1,2,0,63,0,0,15,0,45,0,1,0,182,0,3,0,0,15,0,0,0,63,0,4,0,0,0,1,81,0,1,41,0,0,144,12,0,3
710341,1677,1658,29,595,1062,20,1082,0,1081,17,2,0,1,0,68,0,0,16,0,105,0,3,0,248,0,4,0,1,36,0,0,1,45,2,3,0,1,1,0,156,0,0,130,0,0,223,7,1,10
710342,774,778,26,260,492,22,514,0,514,6,1,2,0,0,40,0,0,5,0,30,0,0,0,153,1,1,0,0,19,0,1,1,34,0,1,0,0,0,0,67,0,0,61,0,1,81,3,0,6
710343,1578,1551,33,582,968,28,996,0,996,6,2,0,5,1,65,0,1,22,0,106,0,2,0,225,0,0,0,0,30,0,0,0,74,2,4,0,1,1,1,178,0,0,104,0,1,151,6,0,8
710344,1326,1318,27,452,849,25,874,0,874,8,4,1,0,0,45,1,0,7,0,72,0,1,0,214,1,1,0,0,22,0,0,2,44,3,4,0,0,0,0,97,0,0,92,0,0,245,8,0,2
710345,1926,1893,35,713,1183,30,1213,0,1213,12,5,3,1,1,66,0,0,21,0,101,0,2,1,342,0,5,0,0,32,0,0,0,75,1,6,0,0,0,1,153,1,2,159,2,2,204,9,0,6
710346,1851,1832,33,720,1105,26,1131,0,1131,7,1,3,0,2,64,0,0,16,0,97,0,4,0,281,1,1,0,0,22,0,0,0,73,0,3,0,0,0,2,146,0,2,150,0,1,241,6,1,7
710347,1920,1912,33,654,1242,24,1266,0,1266,22,5,1,3,0,47,0,0,17,0,127,0,6,1,308,1,0,0,0,33,0,0,0,73,1,2,0,1,0,1,167,4,0,161,0,5,260,8,2,10
710348,1683,1655,36,704,947,32,979,0,979,9,1,1,4,1,55,0,0,28,0,104,0,7,1,255,2,0,0,0,25,1,0,2,50,0,2,0,1,0,0,114,0,0,89,0,2,208,9,0,8
710349,1296,1290,27,471,799,26,825,0,825,12,0,1,1,0,39,0,0,18,0,74,1,1,0,187,0,0,0,0,13,0,0,1,64,0,3,0,0,0,0,104,0,2,90,0,2,194,12,0,6
710350,1236,1221,55,433,752,51,803,0,803,11,1,2,0,0,35,2,0,7,0,67,1,4,0,232,0,1,0,0,5,0,0,0,78,1,0,0,0,0,1,63,0,2,71,0,3,197,11,2,6
710351,267,272,11,67,191,9,200,0,200,3,0,1,0,0,4,1,1,1,1,15,0,0,0,49,0,1,0,0,2,0,0,1,21,0,2,1,0,0,0,13,0,1,11,0,0,68,2,0,1
710352,948,948,36,456,463,29,492,0,492,5,5,0,0,1,15,1,0,9,0,37,0,0,0,137,0,4,0,0,2,0,0,1,45,1,1,0,0,0,1,67,0,1,57,0,1,94,5,0,2
710353,915,904,23,380,516,19,535,0,535,3,4,0,2,0,30,1,0,12,0,58,0,0,0,129,1,2,0,0,5,0,0,0,49,0,1,0,0,0,0,59,0,0,31,0,0,133,7,0,8
710354,549,545,14,236,300,13,313,0,313,2,2,0,1,1,15,0,0,12,0,41,0,0,0,95,0,2,0,0,3,0,0,1,26,0,0,1,0,0,0,31,0,0,29,0,0,45,2,1,3
710355,492,487,23,145,327,20,347,0,347,5,0,0,1,1,12,0,0,6,0,33,0,0,0,104,1,0,0,0,6,0,1,1,47,0,1,0,0,0,0,33,0,0,35,0,0,55,3,0,2
710356,318,322,58,95,167,56,223,0,223,2,0,1,1,0,5,0,0,3,0,16,0,0,0,47,0,1,0,0,5,0,0,0,27,0,1,0,0,0,1,35,0,0,7,0,0,66,5,0,0
710357,348,348,34,100,217,31,248,0,248,2,0,1,0,0,6,0,0,2,0,25,0,2,1,70,0,0,0,0,1,0,0,0,42,1,0,0,0,0,0,23,0,0,16,0,0,53,1,0,2
710358,354,351,57,92,207,55,262,0,262,3,0,0,0,0,9,0,0,1,0,13,0,0,0,75,0,1,0,0,2,0,0,0,44,0,0,0,0,0,0,29,0,0,15,0,0,61,4,2,3
710359,189,190,9,57,124,8,132,0,132,1,1,0,0,0,2,0,0,1,0,8,0,1,0,52,0,0,0,0,0,0,0,0,17,0,1,0,0,0,0,9,0,0,10,0,0,26,2,0,1
710360,378,379,29,118,233,27,260,0,260,1,0,1,0,0,12,0,0,10,0,12,0,0,0,78,0,1,0,0,9,0,0,1,33,0,0,0,0,0,0,28,1,1,11,0,0,57,2,0,2
710361,594,539,54,179,367,48,415,0,415,4,0,0,0,1,15,0,0,5,1,54,0,2,1,97,1,1,0,0,6,0,0,0,57,1,1,0,0,0,0,60,0,1,31,0,0,67,3,0,6
710362,507,501,71,166,277,64,341,0,341,3,0,0,1,0,14,0,0,4,0,19,0,0,0,57,0,0,0,0,3,0,0,1,57,1,0,0,0,0,1,48,0,0,19,0,0,105,5,0,3
710363,909,905,76,305,542,62,604,0,604,8,2,0,0,0,44,0,0,19,0,65,0,0,0,120,0,0,0,0,5,1,0,2,97,1,1,0,0,0,0,73,0,0,40,0,0,116,9,0,1
710364,537,526,46,215,283,39,322,0,322,1,0,1,0,0,17,0,0,3,0,22,0,0,0,77,0,0,0,0,3,0,0,0,50,0,2,0,0,0,2,40,0,0,25,0,2,68,7,0,2
710365,408,404,46,133,235,40,275,0,275,2,0,0,0,1,11,0,0,6,0,40,1,0,0,58,0,2,0,0,1,0,0,0,47,0,0,0,1,0,0,48,0,1,17,0,0,37,1,0,1
710366,120,119,6,25,89,6,95,0,95,0,0,0,0,0,2,0,0,3,0,13,0,0,0,20,0,1,0,0,0,0,0,0,26,0,0,0,0,0,0,5,0,0,5,1,0,16,1,1,1
710367,108,113,17,27,64,17,81,0,81,0,1,0,0,0,3,0,0,4,0,5,0,0,0,9,0,0,0,0,1,0,0,1,18,0,0,0,0,0,0,13,0,0,2,0,0,23,1,0,0
710368,816,806,77,296,457,63,520,0,520,4,0,0,0,0,23,0,0,3,0,36,0,1,0,169,1,4,0,0,8,1,0,2,74,1,2,1,0,0,0,41,0,0,24,0,0,117,6,1,1
710369,228,225,30,71,127,30,157,0,157,1,0,0,0,0,11,0,0,1,0,7,1,0,0,20,0,0,0,0,1,0,0,1,35,0,1,0,0,0,0,20,0,0,3,0,0,54,1,0,0
710370,369,369,46,96,231,42,273,0,273,6,0,0,1,0,5,0,0,10,0,19,0,0,0,63,0,3,0,0,0,0,0,2,46,0,3,0,1,0,1,35,0,0,14,0,1,57,5,1,0
710371,228,219,8,106,115,7,122,0,122,0,0,0,0,0,2,0,0,2,0,9,0,0,0,19,0,0,0,0,0,0,0,0,36,0,0,0,0,0,0,17,0,1,6,0,1,24,3,1,1
710372,102,102,9,22,71,9,80,0,80,0,0,0,1,0,0,0,0,13,0,11,0,0,0,22,0,0,0,0,2,0,0,0,5,0,2,0,0,0,0,7,0,0,0,0,0,16,0,0,1
710373,294,293,31,85,181,28,209,0,209,1,0,2,0,0,26,1,1,7,0,11,0,1,0,55,0,2,0,0,1,0,0,0,36,0,0,0,0,0,0,16,0,0,11,0,0,36,2,0,0
710374,96,106,14,23,64,9,73,0,73,0,0,0,0,0,2,0,0,2,0,2,0,0,0,18,0,0,0,0,1,0,0,1,14,0,0,0,0,0,0,12,0,0,1,0,0,18,0,0,2
710375,174,171,12,50,112,12,124,0,124,1,0,0,0,0,6,0,0,2,0,13,0,0,0,30,0,2,0,0,4,0,0,0,27,0,0,0,0,0,0,8,0,0,7,0,0,23,0,0,1
710376,249,250,24,90,137,22,159,0,159,1,0,0,0,0,0,0,0,4,0,14,0,0,0,40,0,0,0,0,0,0,0,0,45,0,0,0,0,0,0,12,0,0,6,0,0,34,1,0,2
710377,858,854,58,286,518,54,572,0,572,9,0,0,0,0,22,0,0,12,0,51,0,0,0,110,0,0,0,3,5,0,0,0,89,0,0,0,0,0,1,68,0,0,84,0,2,111,1,1,3
710378,594,524,75,170,358,66,424,0,424,2,0,0,3,0,24,0,0,4,0,39,0,0,1,121,2,0,1,0,10,0,0,0,62,1,0,0,0,0,0,40,0,0,36,0,1,74,3,0,0
710379,315,318,27,101,190,24,214,0,214,2,0,0,0,0,8,0,0,3,0,14,0,0,0,73,0,0,0,0,1,0,0,0,40,0,2,0,0,0,0,27,0,0,4,0,0,37,3,0,0
710380,429,418,22,142,265,22,287,0,287,4,0,1,0,0,14,0,0,5,0,22,0,0,0,77,0,0,0,0,3,0,0,0,31,1,1,0,0,0,0,20,0,0,36,0,1,68,3,0,0
710381,246,241,18,85,145,16,161,0,161,2,0,0,0,1,0,0,0,1,0,16,0,2,0,50,1,4,1,0,6,0,0,0,25,1,0,0,0,0,0,18,0,0,5,0,0,27,0,0,1
710382,90,96,10,20,61,9,70,0,70,0,0,0,0,0,1,0,0,2,0,5,0,0,0,16,0,0,0,0,0,0,0,0,7,0,0,0,0,0,0,11,0,0,3,0,0,23,2,0,0
710383,978,967,116,322,552,104,656,0,656,9,0,0,0,0,33,0,0,9,0,91,0,0,0,172,0,2,0,0,5,0,0,1,93,0,0,0,0,0,0,91,0,0,37,0,0,106,4,0,3
710384,1065,1047,78,343,653,69,722,0,722,6,0,0,0,0,38,1,0,10,0,42,1,0,0,195,1,1,0,0,9,0,0,0,102,0,1,0,0,0,1,91,0,0,47,0,2,164,9,0,1
710385,192,195,23,60,117,15,132,0,132,1,1,0,0,0,3,0,0,0,0,17,0,0,0,24,0,0,0,0,0,0,0,0,22,0,0,0,0,0,0,17,0,0,16,0,0,30,1,0,0
710386,96,97,4,41,51,4,55,0,55,0,0,0,0,0,14,0,0,1,0,2,0,0,0,12,0,0,0,0,2,0,0,0,5,0,0,0,0,0,0,3,0,0,2,0,0,14,0,0,0
710387,504,492,30,187,290,27,317,0,317,1,0,0,1,0,11,0,0,2,0,19,0,0,0,91,0,2,0,0,8,0,0,0,48,0,0,0,0,0,1,30,0,0,16,0,0,79,4,0,4
710388,147,148,21,33,99,15,114,0,114,1,0,0,0,0,5,0,0,1,0,9,0,0,0,28,0,0,0,0,0,0,0,0,24,0,0,0,1,0,0,12,0,0,5,1,0,27,0,0,0
710389,288,284,32,85,174,29,203,0,203,4,0,0,0,0,6,0,1,3,0,10,0,3,0,59,0,3,0,0,6,0,0,0,39,2,0,0,0,0,0,22,0,0,7,0,0,37,1,0,0
710390,528,526,43,184,305,39,344,0,344,6,0,0,0,1,10,0,0,6,0,28,0,0,1,80,1,0,0,1,36,0,0,0,54,0,3,0,0,0,0,57,0,0,6,0,0,47,0,0,7
710391,249,238,25,103,121,25,146,0,146,0,1,0,0,0,7,0,0,7,0,10,0,0,0,25,0,2,0,0,10,0,0,0,29,0,1,0,0,0,0,11,0,0,8,0,0,32,1,1,1
710392,147,154,13,42,92,13,105,0,105,0,0,0,0,0,2,0,0,1,0,15,0,2,0,16,0,0,0,0,0,0,0,0,16,0,0,0,0,0,0,20,0,0,5,0,1,24,2,0,1
710393,477,469,34,189,259,29,288,0,288,1,2,1,0,2,17,0,0,5,0,21,1,0,0,90,0,1,0,0,1,0,0,1,34,1,0,0,0,0,0,28,0,0,19,0,0,56,6,1,0
710394,582,581,30,162,391,29,420,0,420,8,0,0,0,0,16,0,0,4,1,30,0,0,0,96,1,0,1,0,1,0,0,0,70,0,0,0,1,0,1,63,0,0,20,1,0,101,3,0,2
710395,69,72,6,27,36,6,42,0,42,0,0,0,0,0,0,0,0,0,0,2,0,0,0,13,0,0,0,0,0,0,0,0,13,0,0,0,0,0,0,4,0,0,1,0,1,5,0,1,2
710396,261,35,16,230,19,12,31,0,31,0,0,0,0,0,0,0,0,1,0,1,0,0,0,2,0,0,0,0,1,0,0,1,4,0,1,0,0,0,0,5,0,0,5,0,0,8,1,1,0
710403,396,393,25,119,252,25,277,0,277,1,0,0,1,0,15,0,0,3,0,22,0,0,0,81,1,1,0,0,0,0,0,0,43,0,3,0,0,0,1,47,0,0,8,2,1,41,3,1,2
710404,216,214,18,56,142,18,160,0,160,2,0,0,0,0,3,0,0,1,0,13,1,1,0,30,0,0,0,0,0,0,0,0,34,0,1,0,1,0,0,29,0,0,7,0,0,35,2,0,0
710411,603,599,24,222,358,23,381,0,381,1,0,1,0,0,4,0,0,2,0,45,1,0,1,103,1,0,0,0,1,0,0,1,57,0,1,0,1,0,0,60,1,0,9,0,0,85,6,0,0
710412,117,119,7,52,58,7,65,0,65,2,0,0,0,0,0,0,0,0,0,6,0,0,0,10,0,1,0,0,0,0,0,1,17,0,0,0,0,0,0,6,0,0,0,0,0,20,2,0,0
710420,912,905,62,348,508,56,564,0,564,3,0,0,0,0,18,0,0,6,0,42,0,1,0,164,1,2,0,0,2,0,0,1,134,0,2,0,0,0,1,76,0,0,32,0,2,67,3,2,5
710421,144,146,9,50,87,7,94,0,94,2,1,0,1,1,9,0,0,1,0,11,0,0,1,16,0,0,0,0,0,0,0,0,23,0,0,0,0,0,0,7,0,0,3,0,0,18,0,0,0
710433,267,268,17,94,162,11,173,0,173,2,0,0,1,0,9,0,0,1,0,22,1,0,0,50,1,2,0,0,1,0,0,0,23,0,1,0,0,0,0,29,0,1,3,0,0,26,0,0,0
710563,573,578,15,154,404,15,419,0,419,7,0,0,0,0,7,0,0,2,0,45,0,0,0,146,0,0,0,0,5,0,0,0,54,1,1,0,0,0,0,42,0,0,18,0,0,84,3,0,4
710564,186,182,5,64,118,4,122,0,122,0,0,0,0,0,4,0,0,0,0,7,0,0,0,41,0,1,0,0,3,0,0,1,18,0,1,0,0,0,0,23,0,0,4,0,0,14,0,0,5
710565,411,409,2,123,286,2,288,0,288,1,0,1,1,0,17,0,0,5,0,49,0,0,0,65,1,1,0,0,2,0,0,0,36,0,0,0,0,0,1,63,0,8,1,0,0,35,0,0,1
710567,477,475,12,179,286,12,298,0,298,6,0,0,0,0,8,0,0,0,1,68,0,0,0,61,0,1,0,0,1,0,0,0,34,0,2,0,0,0,1,32,0,0,18,0,0,58,5,0,2
710569,459,453,14,200,245,14,259,0,259,3,0,0,0,0,9,0,0,1,0,27,0,0,0,59,0,0,0,0,3,0,0,1,63,0,2,0,0,0,0,33,0,0,15,0,0,38,1,0,4
710570,537,536,12,173,352,12,364,0,364,3,0,0,1,1,11,1,0,5,1,38,0,0,0,115,0,0,0,0,10,1,0,1,35,0,0,0,0,0,0,29,0,0,36,0,2,66,1,2,5
710571,714,706,7,287,420,7,427,0,426,4,0,0,0,0,12,1,0,4,0,46,0,1,0,92,1,0,0,0,4,0,0,2,85,1,3,0,0,0,2,43,0,0,40,0,3,71,6,1,4
710572,519,511,13,200,306,13,319,0,319,5,0,0,0,0,9,0,0,2,0,54,0,0,0,87,0,0,0,0,5,0,0,0,40,0,1,0,1,0,0,56,0,1,13,0,1,41,2,0,1
710573,327,328,1,99,227,1,228,0,228,3,0,0,0,0,10,0,0,0,0,36,0,0,0,61,0,0,0,0,1,0,0,0,33,0,0,0,0,0,0,29,0,0,14,0,3,36,1,0,1
710574,210,211,0,82,128,0,128,0,128,0,0,0,0,0,4,0,0,1,0,11,0,0,0,30,0,1,0,0,1,0,0,0,42,0,0,0,0,0,0,17,0,0,5,0,1,13,2,0,0
710575,495,487,11,174,310,11,321,0,321,1,1,0,0,0,9,0,0,4,0,43,0,0,0,82,0,1,0,0,2,0,0,0,73,0,0,0,0,0,0,33,0,0,26,0,0,42,0,1,3
710576,420,423,14,156,250,14,264,0,264,0,0,0,0,0,11,0,0,6,0,33,0,0,0,80,0,2,0,0,0,0,0,0,41,0,0,0,1,0,1,25,2,0,7,0,0,52,3,0,0
710578,486,510,11,147,328,11,339,0,339,6,0,0,1,0,16,1,0,2,0,26,0,1,0,82,0,2,0,0,2,0,0,0,18,0,0,0,0,0,1,131,0,0,23,0,0,24,1,0,2
710579,72,70,1,20,51,1,52,0,52,1,0,0,0,0,2,0,0,1,0,1,0,0,0,9,0,0,0,0,0,0,0,0,4,0,0,0,0,0,0,16,0,0,0,0,1,16,1,0,0
710582,690,678,5,301,384,5,389,0,389,4,0,0,0,0,10,0,0,5,1,54,1,0,0,119,0,2,0,0,2,0,0,0,65,0,2,0,0,0,0,26,0,0,15,0,1,73,6,1,2
710583,468,468,28,189,251,28,279,0,279,1,0,0,0,1,13,0,0,0,0,24,0,0,0,90,0,1,0,0,1,0,0,0,42,0,0,0,0,0,0,27,0,0,5,0,1,67,1,1,4
710584,1434,1411,5,632,798,4,802,0,802,10,0,0,0,1,26,0,0,4,1,85,0,1,3,266,0,6,0,0,6,0,0,0,107,1,3,0,0,0,1,90,0,0,41,0,0,137,11,0,2
710585,180,176,0,64,116,0,116,0,116,0,1,0,0,0,0,0,0,0,0,11,0,0,0,34,0,0,0,0,0,0,0,0,28,0,0,0,0,0,0,19,0,0,4,0,0,19,0,0,0
710587,492,491,0,199,293,0,293,0,293,1,0,0,0,0,13,0,0,12,0,46,1,0,0,73,0,0,0,0,3,0,0,0,54,0,1,0,0,0,1,37,0,0,12,0,2,36,1,0,0
710588,69,69,38,31,38,0,38,0,38,0,0,0,0,0,1,0,0,0,0,1,0,0,0,5,0,0,0,0,0,0,0,1,21,0,0,0,0,0,0,1,0,0,0,0,0,8,0,0,0
710589,441,437,14,143,284,14,298,0,298,3,0,0,1,0,6,0,0,4,0,28,0,0,0,111,2,0,0,0,1,0,0,0,37,0,0,0,0,0,0,39,0,0,10,0,2,45,3,0,6
710590,417,413,1,137,279,1,280,0,280,0,0,0,1,0,11,0,0,3,0,34,0,0,0,58,0,0,0,0,2,0,0,0,79,0,1,0,0,0,0,41,0,0,10,0,4,32,2,2,0
710593,390,391,4,113,273,4,277,0,277,3,0,1,2,0,4,0,0,2,0,34,0,0,0,90,0,0,0,0,3,0,0,0,33,1,1,0,0,0,0,29,0,0,18,0,0,50,2,0,4
710594,75,73,0,31,44,0,44,0,44,1,0,0,0,0,2,0,0,0,0,3,0,0,0,8,0,0,0,0,0,0,0,0,8,0,0,0,0,0,0,6,0,0,5,0,1,9,1,0,0
710595,156,156,1,59,96,1,97,0,97,0,0,0,0,0,7,0,0,2,0,8,0,0,0,20,0,0,0,0,1,0,0,1,16,0,0,0,0,0,0,8,0,0,4,0,2,26,2,0,0
710596,873,857,11,313,550,10,560,0,560,4,2,0,0,1,22,1,0,6,1,61,0,0,0,139,1,1,0,0,1,0,0,2,91,1,3,0,0,0,0,65,0,1,53,0,1,97,4,0,2
710597,276,277,1,112,163,1,164,0,164,2,1,0,0,0,6,0,0,3,0,20,0,0,0,29,0,0,1,0,1,0,0,0,33,1,0,0,0,0,0,35,0,0,9,0,5,16,1,0,1
710820,1995,1969,49,729,1222,44,1266,0,1266,14,2,3,1,1,70,0,0,25,0,130,0,0,0,368,1,0,0,0,22,0,2,1,84,2,2,0,0,1,1,113,0,4,189,0,0,219,9,0,2
710821,2106,2072,41,850,1225,31,1256,0,1256,17,3,2,1,0,86,0,0,25,0,160,0,0,1,357,1,0,0,0,9,1,0,2,97,2,2,0,0,0,1,117,0,1,149,0,2,203,9,2,6
710822,2100,2058,31,904,1173,23,1196,0,1196,18,1,0,0,0,51,0,0,15,1,156,0,0,0,388,1,1,0,0,16,0,0,1,79,0,7,0,1,0,1,126,0,3,135,1,0,183,7,1,3
710823,2364,2323,30,1015,1323,26,1349,0,1349,14,3,0,2,0,90,0,0,16,0,192,0,2,0,400,0,0,1,0,17,0,0,3,100,0,10,1,0,2,1,109,2,0,165,1,1,198,10,1,8
710824,1947,1928,39,749,1162,36,1198,0,1198,17,0,1,1,1,83,1,0,11,0,126,0,0,0,359,1,2,1,0,12,0,0,1,81,0,6,0,0,0,2,95,0,1,145,1,1,228,13,0,8
710825,1608,1587,31,608,975,25,1000,0,1000,10,1,1,3,0,48,1,2,15,0,129,0,1,0,345,0,0,1,0,22,0,0,1,77,0,0,0,0,0,0,70,0,1,113,0,2,149,4,0,4
710826,1083,1059,21,449,616,18,634,0,634,1,0,1,1,0,26,0,0,3,0,70,1,2,0,209,0,0,0,0,12,0,0,1,62,0,9,0,0,0,1,41,0,0,90,0,3,93,4,1,3
710827,1806,1788,35,790,987,29,1016,0,1016,7,0,0,0,0,62,0,0,10,0,117,1,1,0,332,0,0,0,0,10,0,0,2,91,1,5,0,1,0,2,79,0,2,117,0,1,165,6,0,4
710828,195,204,2,45,148,2,150,0,150,2,0,0,0,0,9,0,0,1,0,15,0,0,0,38,0,0,0,0,3,0,0,0,4,0,0,0,0,0,0,19,0,0,37,0,2,19,1,0,0
710829,432,426,21,183,228,21,249,0,249,1,0,0,0,0,10,0,0,1,0,23,2,1,0,63,0,0,0,0,3,0,0,0,42,0,3,0,0,0,0,36,0,0,4,0,0,57,3,0,0
710830,519,509,67,186,271,62,333,0,333,2,0,0,1,0,23,0,0,2,0,34,0,1,0,70,1,4,0,0,1,0,0,2,65,1,1,0,0,0,0,40,0,0,37,1,1,41,2,0,3
710831,1086,1067,85,415,595,76,671,0,671,4,0,2,2,0,44,0,0,8,0,57,0,0,1,198,1,1,0,0,0,0,0,1,115,0,4,0,0,0,0,73,0,0,39,0,2,112,6,0,1
710832,366,360,28,128,214,24,238,0,238,3,0,0,1,0,5,0,0,0,0,21,0,0,1,79,0,0,0,0,1,0,0,2,42,1,0,0,0,0,0,24,0,0,14,0,0,39,5,0,0
710833,132,131,11,51,71,10,81,0,81,2,0,0,0,0,7,0,0,1,0,4,0,0,0,18,0,0,0,0,0,0,0,0,24,0,0,0,0,0,0,11,0,0,4,0,0,7,2,1,0
710834,612,610,43,219,351,42,393,0,393,3,0,0,1,0,29,1,1,4,0,26,0,0,1,118,0,0,0,1,0,0,0,1,58,1,0,0,0,0,0,44,0,0,15,0,1,83,3,1,1
710835,876,877,56,319,501,56,557,0,557,1,1,3,0,1,47,1,0,7,2,24,0,0,0,182,0,1,0,0,2,0,0,1,84,0,0,0,0,0,1,60,0,0,27,0,0,104,6,0,2
710836,672,671,38,271,364,37,401,0,401,4,0,0,1,1,22,1,0,7,0,39,0,0,0,122,1,1,1,0,0,0,0,1,66,0,0,0,0,0,0,31,0,0,25,0,1,71,4,0,2
710837,141,142,16,58,74,9,83,0,83,0,0,0,0,0,4,0,0,6,1,8,0,0,0,19,0,0,0,0,0,0,0,0,13,1,0,0,0,0,1,13,0,0,5,0,0,11,1,0,0
710838,384,377,20,127,243,14,257,0,257,1,0,0,0,0,9,0,0,4,0,30,0,0,0,85,0,1,0,0,0,0,0,0,41,1,0,0,0,0,0,15,0,1,16,0,0,47,3,0,3
710839,609,605,42,254,320,35,355,0,355,3,0,0,1,0,23,1,0,2,1,27,0,0,0,99,1,0,0,0,0,0,0,1,65,0,0,0,0,0,0,43,0,1,25,0,0,59,3,0,0
710840,1014,1010,71,440,511,63,574,0,574,10,0,0,0,1,22,0,0,8,0,48,0,0,1,155,1,2,0,0,1,0,0,0,84,0,0,0,0,0,1,60,0,1,44,1,2,125,6,0,1
710841,1218,1203,71,534,619,65,684,0,684,4,0,0,2,0,59,0,1,11,0,51,0,0,0,197,1,1,0,0,8,0,0,0,78,0,2,0,0,0,0,64,1,0,42,1,1,149,6,1,4
710842,846,833,59,326,468,52,520,0,520,3,0,0,2,0,17,0,0,1,0,26,0,0,0,165,0,0,0,0,3,1,0,0,60,1,0,1,0,0,0,78,0,1,35,0,1,113,10,0,2
710843,810,805,91,313,409,88,497,0,497,5,0,0,1,0,44,0,0,10,0,58,0,0,0,107,0,1,0,0,2,0,0,2,90,0,1,0,0,0,0,54,0,1,36,0,0,74,5,0,6
710844,903,905,51,314,544,45,589,0,589,8,1,3,0,0,40,0,0,2,1,57,0,1,0,170,0,0,0,1,5,0,0,1,74,0,2,0,0,0,0,68,0,0,34,0,0,111,8,1,1
710845,900,893,71,346,492,62,554,0,554,1,0,0,0,0,33,0,0,4,0,59,0,0,0,165,1,0,0,0,3,0,0,1,58,0,0,0,0,0,0,53,0,0,44,0,0,122,5,1,4
710846,153,153,8,46,100,7,107,0,107,2,0,0,0,0,5,0,0,1,0,4,0,0,0,18,0,0,0,0,1,0,0,0,34,0,0,0,0,0,0,25,0,0,4,0,0,12,1,0,0
710847,765,755,72,266,430,69,499,0,499,9,2,0,0,0,20,0,0,4,0,23,0,0,1,126,1,0,0,0,4,0,1,0,56,0,0,0,0,0,1,86,1,0,47,0,0,111,4,0,2
710848,840,836,75,337,438,65,503,0,503,5,0,1,2,0,21,0,0,1,0,27,0,0,0,144,0,0,0,0,11,0,0,0,61,1,9,0,0,0,1,89,0,1,28,1,0,90,5,0,5
710849,936,927,73,411,460,65,525,0,525,9,1,0,0,0,15,0,0,4,0,63,0,0,0,161,1,0,0,0,10,0,0,2,63,0,0,0,1,0,1,76,0,0,41,0,0,72,4,0,1
710850,387,385,52,113,232,42,274,0,274,1,0,0,0,0,9,0,0,10,0,36,0,0,0,69,0,0,0,0,0,0,0,1,61,1,1,0,0,0,0,17,0,0,22,0,0,44,2,0,0
710851,315,310,14,91,212,12,224,0,224,0,0,0,0,0,5,0,0,6,0,17,0,0,0,45,0,0,0,0,1,0,0,0,52,0,0,0,0,0,0,58,0,0,8,0,0,29,3,0,0
710852,183,185,13,64,109,10,119,0,119,2,0,0,0,0,2,0,0,3,0,4,0,0,0,36,0,0,0,0,0,0,1,0,21,0,0,0,1,0,0,17,0,0,6,0,0,23,0,0,3
710853,1317,1312,70,523,728,66,794,0,792,9,2,1,2,0,27,0,1,13,1,88,0,0,0,230,0,2,0,0,9,0,0,0,90,0,1,0,0,0,0,78,1,0,88,0,0,140,2,2,5
710854,471,466,43,152,279,40,319,0,319,3,0,0,0,0,8,0,0,3,1,55,0,1,0,74,0,0,0,1,5,0,2,2,53,0,0,0,0,0,0,23,0,0,26,0,0,57,3,1,1
710855,357,356,28,112,220,25,245,0,245,2,0,0,0,0,11,1,0,1,0,16,0,1,0,82,0,0,0,0,0,1,0,0,47,1,0,0,0,0,0,35,0,0,16,0,0,27,1,1,2
710856,411,414,56,130,227,54,281,0,281,1,0,0,0,2,6,0,0,6,0,25,1,0,0,60,2,2,0,0,0,0,0,1,49,0,0,1,0,0,0,19,0,0,23,0,0,75,4,0,4
710857,642,634,55,235,360,47,407,0,407,1,0,0,0,0,11,0,0,8,0,23,0,0,0,140,0,0,0,0,5,0,0,0,76,1,0,1,0,0,0,33,0,0,29,0,0,72,6,0,1
710858,552,546,55,246,258,48,306,0,306,4,0,0,0,0,6,0,0,2,0,59,0,0,0,61,1,2,0,0,8,0,0,1,68,1,0,0,1,0,0,17,0,1,22,0,1,44,5,1,1
710859,561,558,32,249,285,27,312,0,312,1,0,2,0,0,11,0,0,6,0,29,0,0,0,107,0,0,0,0,12,0,0,1,35,0,0,0,0,0,0,32,0,0,12,0,0,54,6,1,3
710860,309,305,20,116,175,18,193,0,193,5,0,0,0,0,3,0,0,13,1,18,0,0,1,59,0,2,0,0,1,0,0,0,21,1,0,0,0,0,1,41,0,1,2,0,0,22,1,0,0
710861,270,48,15,224,32,14,46,0,46,0,0,0,1,1,1,0,0,5,0,2,0,0,0,10,1,0,0,0,1,0,0,0,4,0,0,0,0,0,0,6,0,0,3,0,0,11,0,0,0
711102,660,653,11,260,389,11,400,0,400,7,0,0,1,0,19,0,0,5,0,46,0,0,0,102,1,1,0,0,13,0,0,0,30,0,2,0,1,0,0,31,0,1,21,0,1,114,2,0,2,31,03,2019,23,40
