000001,63,17,0,47,16,0,16,0,16,1,1,0,0,0,0,0,0,0,0,0,0,0,0,9,0,0,0,0,0,0,0,0,0,0,0,0,0,0,0,1,0,0,0,0,0,4,0,0,0
740153,2070,2050,36,818,1222,30,1252,0,1252,12,1,0,2,1,143,0,0,36,0,44,0,0,1,406,2,2,0,0,2,0,0,2,120,2,4,1,0,1,1,136,0,1,77,0,4,236,12,1,2
740154,1938,1911,46,692,1209,37,1246,0,1246,18,3,0,1,0,129,0,0,42,0,49,0,6,1,368,0,0,1,0,3,0,1,2,109,1,2,0,1,0,1,132,0,2,102,4,3,255,3,1,6
740155,2025,1993,44,816,1170,39,1209,0,1209,19,2,0,2,3,114,1,0,37,0,34,0,0,0,378,1,5,1,1,2,0,1,0,118,0,2,0,0,0,1,128,1,1,100,3,0,234,12,2,6
740156,2121,2085,41,780,1306,35,1341,0,1341,15,0,5,2,1,147,0,0,51,0,45,0,1,0,404,0,2,1,1,1,0,0,2,154,1,1,0,1,0,1,130,0,0,85,3,3,265,14,2,3
740157,1920,1893,40,809,1075,36,1111,0,1111,8,1,1,3,1,113,1,1,44,0,59,0,1,1,331,1,1,0,0,5,0,1,0,100,3,2,0,0,0,1,125,0,2,92,3,5,194,8,0,3
740158,801,796,57,386,363,52,415,0,415,3,2,0,0,0,28,0,0,20,0,7,0,0,0,119,0,0,0,0,0,0,0,2,63,0,2,0,0,0,1,56,0,0,11,3,0,93,5,0,0
740159,108,103,10,49,49,10,59,0,59,1,0,0,0,0,1,1,0,4,1,3,1,0,0,5,0,0,0,0,0,0,0,0,15,0,0,0,0,0,0,14,0,0,0,0,0,13,0,0,0
740160,213,209,22,58,133,22,155,0,155,2,0,0,0,0,15,1,0,6,0,5,0,0,1,24,0,0,0,0,0,1,0,1,25,0,0,0,0,0,0,17,1,1,5,0,0,48,2,0,0
740161,165,163,17,49,102,14,116,0,116,0,0,0,0,0,13,0,0,9,0,7,0,0,0,20,1,0,0,0,0,0,0,0,22,0,0,0,0,0,0,12,0,0,1,0,0,30,0,1,0
740162,375,371,37,112,230,33,263,0,263,1,0,0,0,0,8,0,0,5,0,1,0,0,0,54,0,1,1,0,0,0,0,1,61,0,0,0,0,0,0,40,0,0,6,0,0,83,1,0,0
740163,174,173,10,66,98,10,108,0,108,0,0,0,0,0,16,0,0,6,0,2,0,0,0,26,0,0,0,0,1,0,0,0,21,0,0,0,0,0,0,11,0,0,1,0,0,24,0,0,0
740164,114,114,11,49,58,7,65,0,65,0,0,0,0,0,0,0,0,10,0,2,0,0,0,5,0,0,0,1,1,0,0,0,15,0,0,0,0,0,0,2,0,0,0,0,0,26,2,0,1
740165,228,224,19,82,127,19,146,0,146,0,0,0,0,0,21,0,0,21,0,2,0,0,0,22,0,2,0,0,0,0,0,1,30,0,0,0,0,0,0,10,0,0,1,0,0,35,1,0,0
740166,315,312,45,96,180,39,219,0,219,0,0,0,0,0,3,0,0,4,0,10,0,0,0,42,0,0,0,0,0,0,0,0,30,0,0,0,0,0,0,33,0,0,4,0,0,91,1,0,1
740167,438,432,51,125,264,49,313,0,313,0,1,0,1,0,9,0,0,16,0,9,0,0,1,49,0,0,0,0,1,0,0,0,45,0,0,0,0,0,0,46,0,0,9,2,0,117,6,1,0
740168,666,658,52,321,303,42,345,0,345,3,1,0,0,0,28,0,1,15,0,7,0,0,0,86,0,0,0,0,2,0,0,2,93,0,1,0,0,0,0,22,1,0,13,1,0,62,6,0,1
740169,276,264,56,102,128,46,174,0,174,2,0,0,0,0,11,0,0,12,0,4,0,0,0,20,0,0,0,0,0,0,0,0,42,0,0,0,0,0,0,32,1,0,3,0,0,40,6,0,1
740170,147,150,16,36,98,13,111,0,111,0,0,0,0,0,3,0,0,6,0,1,0,0,0,11,0,1,0,0,0,0,0,0,15,0,0,0,0,0,0,15,0,0,4,0,0,54,1,0,0
740171,345,359,48,104,198,43,241,0,241,0,0,1,0,1,58,0,0,5,0,9,0,0,0,46,1,0,0,0,0,0,0,0,45,0,1,0,0,0,0,22,0,0,0,3,0,47,2,0,0
740172,261,259,27,119,116,26,142,0,142,0,0,0,0,0,15,0,0,8,0,6,0,0,0,33,0,0,0,0,1,0,0,0,28,0,0,0,0,0,0,15,1,0,2,0,1,29,1,1,1
740173,249,244,35,104,113,32,145,0,145,2,0,0,1,0,18,0,0,3,0,1,0,0,0,30,0,0,0,0,0,0,0,1,28,2,0,0,0,0,0,18,1,0,1,0,0,32,1,0,6
740174,411,405,36,167,216,28,244,0,244,3,0,0,0,0,21,0,0,8,0,18,0,0,0,52,0,0,1,0,2,0,0,0,47,0,0,0,0,0,0,22,0,0,7,0,0,56,7,0,0
740175,327,329,27,102,206,19,225,0,225,0,0,0,0,0,11,0,0,3,0,10,0,0,0,36,0,0,0,0,3,0,0,0,33,0,0,0,1,0,0,44,0,0,5,0,0,77,2,0,0
740176,153,152,22,61,74,18,92,0,92,0,0,0,0,0,10,0,1,31,0,1,0,0,0,9,0,0,1,0,0,0,0,0,24,1,1,0,0,0,0,3,0,0,0,0,0,10,0,0,0
740177,294,292,28,91,178,25,203,0,203,1,0,0,0,0,18,0,0,4,0,2,0,0,0,37,0,0,0,0,1,0,0,0,55,0,0,0,0,0,0,4,0,0,5,0,1,70,4,1,0
740178,306,305,21,103,187,16,203,0,203,7,0,0,0,0,18,2,0,9,0,4,0,1,0,26,1,0,0,0,0,0,0,0,48,0,2,0,0,0,1,17,1,1,17,0,0,44,2,0,2
740179,540,532,83,195,273,72,345,0,345,4,0,0,1,0,30,0,0,19,0,19,0,0,0,60,0,0,0,0,2,0,0,1,68,0,0,1,0,0,0,52,0,2,11,0,0,70,5,0,0
740180,180,176,41,62,86,32,118,0,118,0,0,1,0,0,6,0,0,9,1,3,0,0,0,16,0,0,0,0,0,0,0,1,28,0,0,0,1,0,0,23,0,0,0,0,0,29,0,0,0
740181,189,189,33,43,121,25,146,0,146,0,0,1,0,0,9,0,0,2,0,4,0,0,0,21,0,0,0,0,0,0,0,0,25,0,0,0,0,0,0,24,0,0,3,1,0,55,0,0,1
740182,348,344,46,116,195,37,232,0,232,1,1,0,0,0,25,0,0,8,0,3,0,0,0,58,0,0,0,0,0,0,0,0,46,0,0,0,0,0,0,13,0,0,6,0,0,69,1,0,1
740183,312,310,38,81,198,33,231,0,231,1,0,0,0,0,14,1,0,10,0,2,0,0,0,53,0,2,0,0,0,0,0,0,46,0,0,0,0,0,2,16,1,0,0,0,0,80,2,0,1
740184,249,243,26,115,115,19,134,0,134,1,0,0,0,0,11,0,0,6,0,5,0,0,0,22,0,0,0,0,0,0,0,0,32,0,0,0,0,0,1,22,0,0,2,1,0,29,2,0,0
740186,192,191,24,70,103,19,122,0,122,1,0,0,0,0,11,0,0,3,0,3,0,0,0,22,0,0,0,0,0,0,0,1,29,0,0,0,0,0,0,10,0,0,3,0,0,39,0,0,0
740187,132,131,14,52,66,14,80,0,80,0,0,0,0,0,8,0,0,4,0,2,0,0,0,23,0,0,0,0,0,0,0,1,12,0,0,0,0,0,0,7,0,0,0,0,0,19,3,0,1
740188,381,384,43,94,247,40,287,0,287,1,0,0,1,0,23,0,0,11,0,8,0,0,0,53,0,1,0,0,0,0,0,1,39,1,0,0,0,0,0,44,0,0,11,0,0,89,4,0,0
740189,426,426,44,154,231,41,272,0,272,1,0,0,0,0,21,0,0,6,0,8,0,0,0,69,0,0,0,0,1,0,0,0,49,0,0,0,0,0,0,38,0,0,15,0,1,63,0,0,0
740190,258,255,34,84,146,28,174,0,174,1,0,0,0,0,14,0,0,10,0,2,0,0,0,16,0,0,0,0,0,0,0,1,49,0,0,0,0,1,0,10,0,0,1,0,0,65,3,0,1
740191,1407,1378,96,559,768,80,848,0,848,5,1,0,2,0,67,2,0,28,1,26,0,3,0,216,2,1,0,0,4,0,0,4,122,1,4,0,0,0,2,100,0,2,51,3,0,197,3,0,1
740192,339,331,16,141,186,12,198,0,198,2,1,0,0,0,30,0,0,6,0,4,0,0,0,52,0,0,0,0,0,0,0,2,43,0,0,0,0,0,0,30,0,0,2,0,0,24,0,0,2
740193,261,264,43,87,139,35,174,0,174,1,1,0,0,0,8,0,0,4,0,4,0,0,0,20,0,0,0,0,1,0,0,0,27,0,2,0,0,0,0,25,0,0,1,0,2,77,1,0,0
740194,456,447,36,176,250,30,280,0,280,1,0,0,0,0,26,0,0,6,0,9,0,0,0,72,0,0,0,0,1,0,0,0,46,0,0,0,0,0,0,35,1,0,5,0,0,73,4,0,1
740195,228,228,20,76,136,16,152,0,152,5,0,0,0,0,8,0,0,3,0,6,0,0,0,40,0,0,0,0,0,0,0,0,32,0,0,0,0,0,0,17,0,0,3,0,1,34,3,0,0
740196,195,24,14,171,10,14,24,0,24,0,0,0,0,0,2,0,0,1,0,1,0,0,0,2,0,0,0,0,0,0,0,0,7,0,0,0,0,0,0,3,0,0,0,0,0,6,1,0,1
740326,1998,1968,27,823,1148,27,1175,0,1175,17,1,2,1,0,119,1,0,32,0,66,0,2,0,304,1,2,0,0,16,0,0,1,133,2,6,1,1,0,0,131,0,1,84,1,1,233,8,4,4
740327,2172,2145,46,863,1271,38,1309,0,1309,18,3,2,4,2,118,0,0,23,0,86,0,2,0,359,0,2,0,0,17,0,0,2,163,0,4,0,0,0,2,115,0,3,62,1,1,301,16,2,1
740328,1002,993,40,415,549,38,587,0,587,4,0,1,0,1,37,0,0,19,0,19,0,0,1,110,0,1,1,0,5,0,0,1,121,0,0,1,0,0,0,81,0,0,31,0,0,141,9,1,2
740329,762,756,69,335,364,63,427,0,427,2,0,0,1,0,25,0,0,8,0,23,0,1,1,79,1,1,0,0,2,0,0,2,104,0,3,0,0,0,0,51,0,0,12,2,0,102,6,0,1
740330,1152,1130,88,454,621,77,698,0,698,8,0,1,2,1,45,0,0,15,0,34,0,2,0,140,0,1,0,0,0,0,0,0,133,1,1,0,1,0,0,71,0,0,53,0,1,178,4,1,5
740332,195,195,28,78,90,27,117,0,117,3,0,0,0,0,8,0,0,1,0,2,0,2,0,21,0,0,0,0,0,0,0,0,22,0,0,0,0,0,1,18,0,0,4,0,0,34,1,0,0
740333,453,450,52,128,283,42,325,0,325,0,0,0,0,0,31,0,0,15,0,8,0,0,1,45,0,0,0,0,1,0,1,1,101,0,1,0,0,0,1,41,1,0,3,0,0,71,3,0,0
740334,111,111,18,31,63,17,80,0,80,0,0,0,0,0,2,0,0,0,0,2,0,0,0,7,0,0,0,0,0,0,0,0,30,0,0,0,0,0,0,10,0,0,0,0,0,27,1,1,0
740335,360,360,47,131,184,45,229,0,229,2,0,0,0,0,5,0,0,5,0,10,0,0,0,63,0,1,0,0,2,0,0,1,35,0,1,0,0,0,0,38,1,0,4,0,1,57,3,0,0
740336,447,441,56,161,235,51,286,0,286,3,1,1,0,0,24,0,0,6,1,24,0,4,0,55,0,0,0,0,0,0,1,0,41,0,0,0,0,0,0,40,0,0,16,0,0,64,3,0,2
740337,312,309,41,98,178,36,214,0,214,0,0,1,1,0,20,1,0,4,0,7,0,6,0,35,0,2,0,0,1,0,0,0,24,1,1,0,0,0,0,28,1,0,5,0,0,73,3,0,0
740339,882,876,66,305,513,64,577,0,577,5,0,0,0,0,41,0,0,9,0,27,0,0,0,94,0,0,0,0,3,0,0,2,110,1,0,0,0,0,0,82,1,0,33,0,0,163,4,0,2
740340,552,547,62,196,296,60,356,0,356,3,0,0,0,0,17,0,0,5,0,14,1,0,0,49,0,0,0,0,0,0,0,1,60,0,0,0,0,0,0,59,0,0,9,0,0,135,0,0,3
740341,288,285,39,91,161,36,197,0,197,3,0,0,1,0,9,0,0,2,1,6,0,0,0,32,0,0,0,0,1,0,0,0,53,0,0,0,0,0,0,32,0,0,4,0,0,52,1,0,0
740342,525,516,50,205,274,46,320,0,320,2,0,0,1,0,16,0,0,9,0,16,0,0,0,46,0,0,2,1,2,0,0,1,66,0,1,0,0,0,0,25,0,0,29,2,0,98,3,0,0
740343,351,345,31,121,200,30,230,0,230,2,0,2,0,0,16,0,1,2,0,3,0,0,0,50,0,0,0,0,5,0,0,1,53,0,0,0,0,0,0,18,0,0,11,0,0,63,3,0,0
740344,369,372,29,117,226,26,252,0,252,0,0,0,0,0,25,0,0,1,0,13,0,0,0,62,0,1,0,0,0,0,0,2,57,1,0,0,0,0,0,27,0,1,11,0,0,49,1,0,1
740345,225,220,21,73,132,20,152,0,152,0,0,0,0,0,7,0,1,3,0,5,0,0,0,24,0,0,0,0,1,0,0,1,39,0,0,0,0,0,1,26,1,0,3,0,0,39,0,0,1
740346,1020,1014,86,376,566,78,644,0,644,3,0,1,0,0,29,0,0,5,1,11,0,0,0,108,0,1,0,0,2,0,0,2,204,1,0,1,0,0,0,99,0,0,20,0,1,150,4,0,1
740347,514,514,52,193,273,48,321,0,321,1,0,0,0,0,25,0,0,6,1,14,1,3,0,60,0,0,0,0,2,0,0,1,72,1,0,0,0,0,0,36,0,1,14,0,0,78,5,0,0
740348,531,526,56,185,293,53,346,0,346,3,1,1,0,0,12,0,0,6,0,12,0,0,0,66,0,2,0,0,2,0,0,1,100,0,1,0,0,0,1,40,0,0,14,0,0,77,5,1,1
740349,432,426,74,151,210,71,281,0,281,2,0,0,0,0,13,0,0,5,0,14,0,0,0,43,0,0,0,0,1,0,0,0,78,1,0,0,0,0,0,18,2,0,12,0,0,90,2,0,0
740351,450,445,38,165,248,37,285,0,285,2,0,1,0,0,27,1,0,5,0,13,0,0,0,42,0,0,0,0,0,0,0,0,49,0,3,0,0,0,0,29,0,0,19,0,0,89,5,0,0
740352,198,194,12,58,128,12,140,0,140,1,0,0,0,0,7,0,0,6,0,2,0,2,0,24,0,0,0,0,1,0,0,0,37,0,0,0,0,0,0,14,0,0,11,0,0,35,0,0,0
740353,84,85,9,24,52,8,60,0,60,0,0,0,0,0,0,0,0,1,0,0,0,0,0,8,0,0,0,0,1,0,0,0,22,0,0,0,0,0,0,14,2,1,1,0,0,10,0,0,0
740354,738,725,35,227,478,33,511,0,511,3,0,1,3,1,29,0,0,5,0,14,0,7,0,100,0,0,0,0,1,0,0,0,76,0,0,0,0,0,1,53,0,0,13,0,0,196,4,0,4
740355,159,151,29,58,78,23,101,0,101,2,0,0,0,1,3,1,0,8,0,3,0,0,0,8,0,0,0,0,0,0,0,0,26,0,0,0,0,0,0,19,0,1,1,0,1,27,0,0,0
740356,123,123,10,30,83,10,93,0,93,1,0,0,0,0,1,0,0,0,0,2,0,0,0,11,0,0,0,1,0,0,0,0,17,0,0,0,0,0,0,40,0,0,3,0,0,16,1,0,0
740357,423,420,21,135,267,21,288,0,288,3,1,0,0,0,15,0,0,5,0,15,0,0,0,54,0,0,0,0,0,0,0,0,55,0,1,0,0,0,1,43,0,0,16,0,0,72,6,0,1
740358,378,369,43,128,211,39,250,0,250,4,0,0,0,0,7,0,1,5,0,16,0,0,0,28,0,0,0,0,0,0,0,0,62,0,0,0,0,0,0,37,0,0,6,0,0,82,0,0,2
740359,495,496,47,149,300,46,346,0,346,12,2,1,1,0,43,0,0,9,1,16,1,0,1,27,0,1,0,0,1,0,0,1,66,0,1,1,0,0,2,40,0,0,8,1,2,98,7,0,3
740360,906,897,91,354,467,85,552,0,552,3,0,1,1,0,35,0,0,4,0,41,0,0,1,93,1,0,0,0,2,0,0,1,155,0,0,0,0,0,0,21,1,0,26,0,0,153,11,0,2
740361,159,12,8,147,4,8,12,0,12,0,0,0,0,0,1,0,0,0,0,1,0,0,0,1,0,0,0,1,0,0,0,0,2,0,0,0,0,0,0,1,0,0,0,0,0,5,0,0,0
740362,1287,1268,21,444,825,18,843,0,843,15,1,1,2,0,98,1,0,32,0,25,1,0,0,316,0,2,0,0,9,0,0,3,87,1,2,1,0,0,2,108,1,0,47,0,3,83,0,0,2
740363,1305,1289,9,448,850,7,857,0,857,14,0,2,1,1,87,1,0,42,0,34,0,1,0,295,0,1,0,0,6,0,0,0,73,0,1,0,0,0,1,105,0,1,65,1,0,112,5,1,7
740364,1557,1553,22,566,974,17,991,0,991,11,1,2,0,6,122,2,2,19,0,29,1,1,1,396,0,0,1,0,6,0,0,2,114,0,0,0,0,0,0,93,0,1,42,2,0,131,5,0,1
740365,2379,2353,27,887,1469,23,1492,0,1492,19,1,3,3,1,147,3,0,69,1,59,0,2,1,502,1,3,0,0,6,0,1,3,175,0,5,0,0,0,0,114,1,1,97,0,4,257,6,2,5
740367,1488,1471,20,547,926,15,941,0,941,11,2,1,2,1,96,0,1,32,0,32,0,0,0,347,0,0,0,0,4,1,1,1,116,0,2,0,0,0,0,84,0,0,63,0,0,133,4,2,5
740368,2331,2293,33,951,1349,31,1380,0,1380,15,5,4,1,1,127,2,1,33,0,43,0,0,2,546,3,0,0,1,7,0,0,1,176,0,0,0,0,0,0,123,1,2,52,0,6,219,4,0,5
740369,1008,1002,48,383,580,45,625,0,625,6,0,2,0,0,43,2,2,19,0,19,0,0,0,143,0,0,0,0,1,0,0,0,170,1,2,0,0,0,0,74,0,0,24,0,0,111,4,0,2
740370,1074,1046,16,397,665,12,677,0,677,6,2,1,1,1,49,1,0,13,0,24,0,1,0,187,0,2,0,0,1,0,0,2,149,0,3,0,0,0,0,79,1,2,31,0,0,109,8,1,3
740371,384,377,19,124,241,19,260,0,260,4,0,0,0,1,15,0,0,3,1,3,0,0,0,80,1,1,0,0,0,0,0,1,44,0,0,0,1,0,0,36,0,0,1,0,1,61,5,0,1
740372,348,313,32,169,150,29,179,0,179,5,0,0,0,1,7,0,1,4,1,8,0,0,0,49,0,0,0,0,0,0,0,0,31,0,0,0,0,0,0,25,0,0,3,0,0,42,2,0,0
740373,279,279,20,103,158,18,176,0,176,1,1,1,0,0,5,0,0,5,0,6,0,0,0,59,0,0,0,0,0,0,0,2,32,0,0,0,1,0,1,16,0,0,0,0,0,39,3,0,4
740374,234,230,21,93,124,17,141,0,141,1,0,0,0,0,9,0,0,19,0,5,0,0,1,21,0,0,0,0,0,0,0,1,24,0,0,0,0,0,0,34,1,0,3,0,0,20,1,1,0
740375,267,263,20,106,142,19,161,0,161,0,0,0,0,0,18,0,1,14,0,10,0,0,0,25,0,0,0,0,1,0,0,0,43,0,0,0,0,0,0,16,0,1,9,0,0,19,2,1,1
740376,831,823,24,450,365,16,381,0,381,8,0,1,0,0,13,1,0,7,1,14,0,0,1,75,1,1,0,0,0,0,0,0,75,0,0,0,1,0,0,46,0,0,5,0,0,118,9,0,4
740377,1101,1076,46,480,587,34,621,0,621,6,1,3,0,2,52,0,0,6,0,13,0,1,1,176,0,0,0,0,2,0,1,0,126,1,0,0,0,0,2,52,0,0,38,0,0,127,6,1,4
740378,393,393,41,178,186,29,215,0,215,1,0,0,0,0,12,0,0,7,0,8,0,0,0,29,0,0,0,0,0,0,0,1,64,0,1,0,0,0,0,25,0,0,4,0,1,57,3,2,0
740379,138,138,7,46,86,6,92,0,92,0,0,0,0,0,2,0,0,2,0,2,0,0,0,23,0,0,0,0,0,0,0,0,22,0,0,0,0,0,0,10,0,0,6,0,0,24,0,0,1
740380,573,564,74,171,335,67,402,0,402,4,1,0,0,0,17,2,0,18,0,7,0,0,0,104,1,2,0,1,2,0,0,3,109,0,0,0,0,0,1,33,0,1,9,0,0,82,4,0,1
740381,507,500,8,221,280,6,286,0,286,8,0,1,3,0,23,1,0,9,0,12,0,0,0,74,0,0,0,0,0,0,0,0,65,1,1,0,0,0,0,23,0,0,5,0,0,55,3,0,2
740382,558,544,29,199,332,27,359,0,359,0,0,0,2,0,13,0,0,7,0,7,0,0,1,88,2,0,0,1,5,0,0,0,90,0,0,0,0,0,0,47,1,0,11,0,1,75,5,0,3
740383,354,353,26,107,223,24,247,0,247,2,0,0,0,1,16,1,0,4,0,9,0,0,0,51,0,0,0,0,0,0,0,0,69,0,0,0,0,0,1,30,0,0,2,0,0,56,2,0,3
740384,201,196,13,68,122,11,133,0,133,2,0,0,1,0,2,1,0,7,0,4,0,0,0,21,0,0,1,0,1,0,0,0,41,0,0,0,0,0,0,22,0,0,0,0,2,24,1,2,1
740385,417,405,21,188,210,19,229,0,229,0,2,0,1,0,12,0,0,5,0,2,0,0,0,65,0,0,0,0,3,0,0,0,58,0,2,0,0,0,0,22,0,0,4,0,0,46,5,1,1
740386,345,340,22,142,186,17,203,0,203,2,0,0,0,0,5,1,0,8,0,4,0,0,0,34,0,0,0,0,1,0,0,0,63,0,1,0,0,0,0,29,0,1,6,0,0,43,4,0,1
740387,699,687,22,269,409,21,430,0,430,2,0,1,1,0,26,0,0,12,0,22,0,0,0,111,0,0,0,0,1,0,0,0,80,0,1,0,0,0,0,69,1,0,31,0,2,63,4,1,2
740388,261,258,32,115,117,29,146,0,146,3,0,0,0,0,9,0,0,11,0,6,0,0,1,33,0,0,1,0,0,0,0,0,29,0,0,0,0,0,0,19,0,0,2,0,0,30,1,0,1
740389,228,226,23,78,131,19,150,0,150,0,0,0,0,0,2,0,0,3,0,7,0,0,0,51,0,0,0,0,0,0,0,0,22,0,0,0,0,0,0,11,0,0,3,0,1,47,2,0,1
740390,150,148,18,58,77,15,92,0,92,0,0,0,0,0,2,0,1,4,0,5,0,0,0,12,0,0,0,0,0,0,0,0,31,0,0,0,0,0,1,12,0,0,4,0,0,19,1,0,0
740391,243,241,29,59,158,26,184,0,184,3,0,1,0,1,9,0,0,16,0,8,0,0,0,30,0,0,1,0,0,1,0,3,44,0,1,0,0,0,0,27,0,0,4,0,0,29,3,0,3
740392,246,56,19,209,24,13,37,0,37,0,0,0,0,0,7,0,0,2,0,0,0,0,0,9,0,0,0,0,0,0,0,1,3,0,0,0,0,0,0,3,0,0,2,0,0,9,1,0,0
740502,60,58,7,19,35,6,41,0,41,0,0,0,0,0,1,1,0,1,0,0,0,0,0,5,0,0,0,0,0,0,0,0,13,0,0,0,0,0,0,11,0,0,0,0,0,8,0,0,1
740503,531,526,45,163,327,41,368,0,368,5,2,0,0,0,36,0,0,9,1,25,0,0,0,73,1,0,1,0,2,0,0,3,97,0,0,0,0,0,0,57,0,0,4,0,0,52,0,0,0
740504,423,419,29,67,329,27,356,0,356,5,0,0,0,1,34,0,0,22,0,4,0,0,0,62,0,0,0,0,2,0,0,0,131,0,0,0,0,0,0,14,0,1,5,0,0,71,3,0,1
740505,420,418,41,79,305,36,341,0,341,4,0,0,1,0,25,1,1,18,0,10,0,0,0,47,0,0,1,0,2,0,0,0,90,0,0,0,0,0,0,31,1,0,6,0,0,97,6,0,0
740506,321,316,29,115,179,27,206,0,206,1,0,1,0,1,41,0,0,14,0,12,0,0,0,31,0,0,0,0,0,0,0,0,42,0,0,0,0,0,0,20,2,0,2,0,0,36,3,0,0
740507,156,160,14,63,81,12,93,0,93,1,0,0,0,0,10,1,1,3,0,1,0,0,0,19,0,0,0,0,0,0,0,0,21,1,0,0,0,1,0,16,1,0,2,0,0,11,4,0,0
740508,399,397,33,130,238,31,269,0,269,4,0,0,0,0,30,2,0,25,0,6,0,0,0,78,1,0,0,1,1,0,0,2,48,0,0,0,0,0,0,16,2,1,4,0,0,43,5,0,0
740509,312,309,37,111,168,33,201,0,201,1,0,1,0,0,18,0,0,0,0,15,0,0,0,54,0,0,1,0,3,0,0,0,31,0,0,0,0,0,0,18,0,0,12,0,0,46,0,0,1
740510,918,905,62,409,453,56,509,0,509,6,0,0,0,1,108,0,0,8,0,10,0,0,1,179,0,0,0,0,0,0,0,2,69,1,0,0,0,0,0,34,0,0,14,0,1,74,0,0,1
740511,345,345,31,106,212,27,239,0,239,2,0,2,0,0,33,0,0,10,1,12,0,0,0,30,0,2,1,0,1,0,0,1,44,1,1,0,0,1,0,45,1,0,16,0,0,33,2,0,0
740512,111,109,17,47,51,13,64,0,64,0,0,1,0,0,2,0,0,1,0,21,0,0,0,10,0,0,0,0,0,0,0,1,20,0,0,0,1,0,0,1,0,0,1,0,0,5,0,0,0
740513,270,267,40,100,137,33,170,0,170,2,0,0,1,0,28,2,0,11,0,3,0,0,1,22,0,0,0,0,1,0,0,1,21,0,0,0,0,0,0,26,0,0,3,0,0,47,1,0,0
740515,276,270,19,87,172,17,189,0,189,6,0,0,0,1,13,0,0,9,0,5,0,0,0,28,0,0,0,0,1,0,0,0,51,0,0,0,0,0,0,29,1,0,1,0,0,42,1,0,1
740516,216,214,10,67,140,9,149,0,149,0,0,1,0,0,21,0,0,3,2,7,0,0,1,61,0,0,0,0,5,0,0,0,19,1,0,0,0,0,0,10,0,0,0,0,0,16,2,0,0
740517,93,92,6,7,80,6,86,0,86,0,0,0,0,0,3,0,0,8,0,1,0,0,0,7,1,0,0,0,0,1,0,0,16,0,0,0,0,0,0,26,0,0,0,0,0,20,3,0,0
740518,69,65,11,17,42,10,52,0,52,0,0,0,0,0,2,0,0,7,0,3,0,0,0,3,0,0,0,0,1,0,0,0,10,0,0,0,0,0,0,11,0,0,0,0,0,15,0,0,0
740519,156,153,11,73,76,7,83,0,83,0,0,0,0,0,1,0,0,1,0,10,0,0,0,21,0,0,0,0,0,0,0,0,18,0,0,0,0,0,0,11,0,0,0,0,0,21,0,0,0
740520,216,210,15,71,131,14,145,0,145,2,0,1,0,0,15,0,0,6,0,5,0,0,2,26,0,1,0,0,0,0,0,1,26,0,0,0,0,0,0,20,0,0,3,0,0,36,1,0,0
740521,219,223,52,75,98,46,144,0,144,1,0,0,0,0,17,0,0,4,0,9,0,0,0,34,0,0,0,0,0,0,0,0,25,0,0,0,0,0,0,23,0,0,7,0,0,23,0,0,1
740522,192,193,36,73,90,29,119,0,119,0,0,0,1,0,9,0,0,6,0,1,0,0,0,32,0,0,0,0,1,0,0,0,19,0,1,0,0,0,0,15,0,0,17,0,0,15,1,0,1
740523,225,221,10,75,141,9,150,0,150,1,0,0,0,0,3,0,0,2,0,8,0,0,0,41,0,0,0,1,0,0,0,0,18,0,0,0,0,0,0,18,0,0,3,0,0,53,1,0,1
740524,72,71,3,13,56,3,59,0,59,2,0,0,1,0,3,0,0,1,0,4,0,0,0,12,1,0,0,0,0,0,0,0,9,0,0,0,0,0,0,7,0,0,4,0,0,15,0,0,0
740525,228,222,35,86,113,29,142,0,142,3,0,0,0,0,26,0,0,4,0,2,0,0,0,40,1,0,0,0,1,0,0,0,22,0,0,0,0,0,1,15,0,0,10,0,0,17,0,0,0
740526,189,188,18,60,114,15,129,0,129,0,0,0,0,0,14,1,0,10,0,5,0,0,0,12,0,0,0,0,0,0,0,1,37,1,0,0,0,0,0,19,0,0,2,0,0,23,2,1,1
740527,276,276,26,103,152,21,173,0,173,1,0,0,0,0,21,0,0,5,0,3,0,0,0,30,0,0,0,0,0,0,0,0,34,0,0,0,0,0,0,22,0,0,0,0,2,50,5,0,0
740528,186,186,15,49,123,14,137,0,137,1,0,0,0,0,33,0,0,6,0,2,0,0,0,22,0,0,0,0,0,0,0,0,18,0,0,0,0,0,0,18,0,0,4,0,0,30,2,1,0
740529,168,168,7,55,106,7,113,0,113,0,0,0,1,0,8,0,0,12,0,5,0,0,0,12,0,0,0,0,0,0,0,1,21,0,0,0,0,0,1,19,0,0,2,0,0,28,3,0,0
740530,153,154,10,59,87,7,94,0,94,0,0,0,0,0,8,0,0,0,0,8,0,0,0,27,0,0,0,0,0,0,0,0,19,0,0,0,0,0,0,9,0,0,4,0,0,16,3,0,0
740531,195,193,5,60,130,5,135,0,135,1,0,0,1,0,14,2,0,9,0,4,0,0,0,24,0,0,0,0,0,0,0,0,31,0,0,0,0,0,0,26,0,0,1,0,0,21,1,0,0
740532,189,186,23,67,102,20,122,0,122,0,0,0,0,0,17,0,0,1,0,1,0,0,0,24,0,0,0,0,0,0,0,1,21,0,0,0,0,0,1,19,0,0,4,0,0,29,4,0,0
740533,219,220,19,66,139,14,153,0,153,0,0,1,1,0,16,0,0,6,0,1,0,0,0,15,0,0,0,0,0,1,0,1,62,1,1,0,0,0,1,23,0,0,1,0,0,22,0,0,0
740534,612,600,30,236,351,25,376,0,376,6,1,0,2,0,17,0,0,4,1,18,0,0,0,77,1,1,0,0,0,0,0,2,99,1,2,0,0,0,0,28,0,0,7,0,0,99,9,0,1
740535,78,76,5,39,36,3,39,0,39,0,0,0,0,0,5,0,0,0,0,4,0,0,0,6,0,0,0,0,0,1,0,1,13,0,0,0,0,0,0,7,0,0,0,0,0,2,0,0,0
740536,417,409,18,136,266,15,281,0,281,2,1,1,0,2,39,0,0,13,1,7,0,0,0,84,0,1,0,0,0,0,0,1,53,1,0,0,1,0,0,23,0,0,5,0,0,40,2,3,1
740537,246,241,15,89,144,13,157,0,157,0,1,0,0,0,14,0,0,4,0,7,0,0,0,33,0,0,0,0,0,0,0,0,31,0,0,0,0,0,0,38,1,0,4,0,1,17,3,0,3
740538,318,324,27,104,188,26,214,0,214,0,0,0,0,0,20,0,0,7,0,10,0,0,0,43,0,0,0,0,0,0,0,0,27,0,0,0,0,0,0,44,0,2,0,0,0,59,1,0,1
740539,264,267,13,70,182,12,194,0,194,2,0,0,1,0,19,0,0,14,0,8,0,0,0,39,0,0,0,0,0,0,0,0,35,0,0,0,0,0,0,24,0,0,2,0,0,46,2,0,2
740540,348,345,26,131,194,23,217,0,217,1,0,0,0,0,26,0,0,6,0,6,0,0,0,91,0,0,0,0,1,0,0,0,34,0,0,0,0,0,0,20,0,0,1,1,0,26,3,0,1
740541,81,79,7,23,51,7,58,0,58,0,0,0,0,0,0,0,0,6,0,4,0,0,0,12,0,0,0,0,0,0,0,0,13,0,0,0,0,0,0,8,0,0,1,0,0,13,1,0,0
740542,369,365,70,149,166,54,220,0,220,0,0,0,0,0,16,0,0,10,1,4,0,0,0,63,0,0,0,0,3,0,0,0,72,0,0,0,0,0,0,12,0,0,2,0,0,33,4,0,0
740543,2301,2277,35,885,1392,24,1416,0,1416,14,0,4,5,3,238,3,1,40,0,71,0,0,0,488,1,1,0,0,5,0,0,1,106,0,2,0,0,0,0,141,1,1,87,3,3,174,10,0,13
740544,2271,2247,29,874,1370,27,1397,0,1397,17,2,3,3,2,203,2,3,54,0,81,0,0,0,503,2,1,0,0,2,0,0,0,124,1,2,0,0,0,0,125,0,0,98,0,0,156,5,2,6
740545,1890,1876,56,762,1079,49,1128,0,1128,16,1,1,4,1,204,1,1,44,0,53,0,1,0,356,1,3,1,0,14,1,0,0,106,0,2,0,0,0,1,99,0,2,68,0,0,134,6,1,6
740546,2214,2190,49,1005,1166,43,1209,0,1209,14,2,1,0,1,166,0,0,27,0,58,0,0,0,463,0,3,1,0,4,0,0,0,140,0,4,0,0,1,0,94,0,1,61,0,0,153,4,1,10
740547,1494,1472,22,588,886,20,906,0,906,20,0,2,0,0,120,2,0,36,2,45,2,0,0,344,0,3,0,0,5,1,1,3,85,2,0,0,0,1,1,66,0,0,44,2,3,109,4,0,3
740548,171,30,24,145,6,20,26,0,26,1,0,0,1,0,1,0,0,1,0,3,0,0,0,8,0,0,0,0,0,0,0,0,4,0,0,0,0,0,0,1,0,0,0,0,0,6,0,0,0
740549,135,99,0,36,99,0,99,0,99,5,0,0,0,1,1,1,0,1,0,4,0,0,0,27,0,0,0,0,0,0,0,0,3,0,0,0,0,0,0,1,0,1,2,0,0,45,7,0,0
740695,2154,2108,58,840,1265,49,1314,0,1314,9,5,0,2,1,189,2,0,48,0,46,1,2,1,490,0,2,0,0,5,0,0,1,104,2,3,0,0,0,1,138,0,3,64,0,1,178,4,0,12
740696,1296,1278,32,529,741,26,767,0,767,6,0,0,0,0,148,1,0,37,0,15,1,0,0,260,0,0,0,0,0,0,0,0,83,0,0,0,0,0,0,59,1,1,26,0,0,112,12,1,4
740697,2241,2198,31,969,1245,27,1272,0,1272,7,2,1,1,1,220,1,0,60,0,52,0,1,0,414,0,1,0,0,10,1,1,2,112,3,3,0,0,0,0,127,0,1,40,0,1,192,10,3,5
740698,849,836,23,379,447,23,470,0,470,5,4,0,0,0,73,1,1,7,0,12,0,0,0,151,0,1,0,0,0,0,0,0,55,0,0,0,0,0,0,33,0,3,20,0,4,96,4,0,0
740699,564,553,13,259,294,11,305,0,305,3,1,0,0,0,48,0,0,8,0,10,0,1,0,76,1,0,0,0,3,0,0,0,55,1,1,0,0,0,0,23,0,1,8,0,0,57,6,0,2
740700,123,119,0,80,43,0,43,0,43,0,0,0,0,0,3,0,0,0,0,1,0,0,0,12,0,0,0,0,0,0,0,0,7,0,0,0,0,0,0,4,0,0,0,0,0,15,1,0,0
740701,150,148,6,64,82,4,86,0,86,0,0,0,0,0,9,0,0,6,1,3,0,0,0,14,0,0,0,0,0,0,0,0,12,0,0,0,0,0,0,12,0,0,1,0,1,24,3,0,0
740702,150,147,1,56,93,1,94,0,94,1,1,0,0,0,20,0,0,8,0,2,0,0,0,12,1,0,0,0,0,0,0,0,6,0,0,0,0,0,1,17,0,0,0,0,0,23,1,0,1
740703,210,204,3,89,118,3,121,0,121,0,0,0,0,0,31,0,0,6,0,3,0,0,0,27,0,1,0,0,0,0,0,0,12,0,1,0,0,0,0,11,0,0,1,0,0,27,1,0,0
740704,729,729,45,271,415,43,458,0,458,2,0,1,0,2,50,0,1,10,0,16,0,0,0,98,2,2,0,0,1,0,0,1,91,1,0,0,0,0,0,19,0,0,14,1,1,138,6,1,0
740705,348,349,33,114,201,33,234,0,234,4,0,0,0,0,32,1,0,15,0,1,0,0,0,35,0,0,0,0,1,0,0,0,39,0,1,0,0,0,0,9,0,0,2,0,0,91,2,0,1
740706,96,97,8,18,70,8,78,0,78,3,0,0,0,0,7,0,0,4,0,6,0,0,0,8,0,0,0,0,0,1,0,0,18,0,0,0,0,0,0,12,0,0,0,0,0,15,0,1,3
740707,198,201,10,53,135,10,145,0,145,2,0,0,0,0,16,0,0,3,0,3,0,0,0,29,0,0,0,0,0,0,0,0,21,0,1,0,0,0,0,10,0,0,0,0,0,55,5,0,0
740708,522,515,4,183,336,3,339,0,339,8,0,0,0,0,37,0,1,11,0,3,0,0,0,125,0,1,0,0,0,0,0,0,61,0,1,0,0,0,0,18,0,0,10,0,0,58,1,2,2
740709,126,127,14,32,81,13,94,0,94,1,0,0,1,1,27,0,0,7,0,2,0,0,0,15,0,1,0,0,0,0,0,0,16,0,0,0,0,0,0,6,0,0,0,0,0,16,1,0,0
740710,459,452,57,149,254,56,310,0,310,6,0,0,0,0,88,0,0,28,0,8,0,0,0,50,1,2,0,0,0,0,0,1,51,0,0,0,0,0,1,20,1,0,6,0,0,44,3,0,0
740711,483,480,31,152,302,29,331,0,331,2,0,0,0,0,50,0,0,18,0,8,0,0,0,108,1,0,0,0,0,0,1,0,69,0,0,0,0,0,0,18,0,0,2,0,1,46,2,0,5
740712,195,193,18,59,119,17,136,0,136,0,1,0,0,0,38,0,0,4,0,3,0,0,0,26,0,0,0,0,0,0,0,0,19,0,0,0,0,0,0,13,0,0,1,0,0,30,0,0,1
740713,162,163,9,44,112,6,118,0,118,1,0,0,0,0,9,0,0,3,0,1,0,0,0,23,0,0,0,0,0,0,0,2,23,0,0,0,0,0,0,16,0,0,5,0,0,35,0,0,0
740714,150,144,21,65,66,19,85,0,85,1,0,0,0,0,11,1,0,4,0,3,0,0,1,21,0,0,0,0,0,0,0,0,10,0,0,0,0,0,0,9,0,0,3,0,0,21,0,0,0
740715,279,274,12,108,161,10,171,0,171,1,0,0,0,0,18,0,1,8,1,3,0,0,0,45,0,0,0,0,0,0,0,0,32,0,0,0,0,0,0,13,0,0,7,0,0,38,0,2,2
740716,498,491,57,148,295,55,350,0,350,2,1,1,0,0,28,0,0,13,1,9,1,0,0,80,1,1,0,0,1,0,0,1,60,0,0,0,0,0,0,42,0,0,6,0,2,97,2,0,1
740717,129,125,16,47,66,16,82,0,82,0,0,0,0,0,7,0,0,4,0,6,0,0,0,6,0,0,0,0,1,0,0,0,14,0,0,0,0,0,0,10,0,0,1,0,1,32,0,0,0
740718,108,107,14,30,64,14,78,0,78,1,0,0,0,0,5,0,0,3,0,4,0,0,0,9,0,0,0,0,0,0,0,0,10,0,0,0,0,0,0,10,0,0,0,0,0,32,4,0,0
740719,345,339,27,149,176,20,196,0,196,1,0,0,0,1,12,1,0,3,0,20,0,0,0,40,0,0,0,0,0,0,0,1,46,0,0,0,0,0,1,26,0,0,8,0,0,36,0,0,0
740720,90,88,5,36,49,5,54,0,54,0,0,0,0,0,8,0,0,1,0,6,0,0,0,5,0,0,0,0,0,0,0,0,11,0,0,0,0,0,0,10,0,0,0,0,0,12,0,0,1
740721,291,290,22,118,153,20,173,0,173,1,0,1,0,0,59,1,1,5,0,4,0,0,0,21,0,0,0,0,0,0,1,1,15,0,0,0,0,0,0,15,0,0,0,0,1,44,1,0,2
740722,222,220,20,100,102,20,122,0,122,0,0,0,0,1,24,0,0,7,0,5,0,0,0,39,0,0,0,0,0,0,0,0,20,0,0,0,0,1,0,13,0,0,1,0,0,11,0,0,0
740723,216,216,16,92,109,15,124,0,124,1,0,0,0,0,37,0,0,3,0,4,0,0,0,22,0,0,1,0,0,0,0,1,13,0,0,0,0,0,0,11,0,0,0,0,0,30,1,0,0
740724,126,121,11,56,59,11,70,0,70,0,0,0,0,0,3,0,0,3,0,1,0,0,0,12,0,0,0,0,0,0,0,1,15,0,0,0,0,0,0,6,0,0,0,0,0,29,0,0,0
740725,282,279,7,109,168,5,173,0,173,1,0,0,1,0,13,0,0,5,1,3,0,0,0,40,0,0,0,0,0,0,0,0,22,0,0,0,0,0,0,10,0,0,1,0,0,69,6,0,1
740726,150,24,2,126,22,2,24,0,24,1,0,0,0,0,0,1,0,2,0,2,0,0,0,3,0,0,0,0,0,0,0,0,2,1,0,0,0,0,0,4,0,0,1,0,0,7,0,0,0
740727,1881,1862,30,688,1169,24,1193,0,1193,6,1,1,4,0,79,2,0,22,1,67,0,2,0,325,1,1,0,0,10,0,0,0,168,1,1,0,0,0,0,131,0,2,107,1,1,243,8,0,8
740728,1875,1844,39,697,1139,39,1178,0,1178,11,0,2,2,1,86,1,0,19,1,73,0,0,0,291,2,1,1,0,6,0,1,1,194,1,0,0,0,0,1,125,0,1,88,4,0,250,11,0,4
740729,1740,1710,23,631,1091,18,1109,0,1109,5,0,1,0,1,80,0,0,14,0,55,0,1,0,268,3,0,0,0,7,1,0,1,204,0,2,0,0,0,0,98,0,2,69,1,0,284,9,0,3
740730,156,151,11,43,103,10,113,0,113,0,0,0,0,0,1,0,0,1,0,4,0,0,0,24,0,0,0,0,1,0,0,0,39,0,0,0,1,0,0,10,0,0,14,0,0,16,2,0,0
740731,993,984,59,399,550,44,594,0,594,6,0,0,0,0,41,0,1,8,0,19,0,0,1,109,0,1,2,0,16,0,0,1,208,0,0,0,0,0,0,47,0,0,16,0,0,111,4,0,3
740732,198,196,16,65,117,16,133,0,133,0,0,0,1,0,13,0,0,3,0,1,0,0,0,25,0,0,0,0,1,0,0,0,45,0,0,0,0,0,0,3,0,0,3,0,0,34,4,0,0
740733,390,388,47,122,230,38,268,0,268,1,0,0,1,0,20,1,0,5,0,16,0,0,0,46,0,2,0,0,1,0,0,1,81,1,0,0,0,0,0,32,0,1,4,0,0,51,2,1,1
740734,114,117,7,37,72,5,77,0,77,0,0,0,0,0,3,0,0,2,0,3,0,0,0,22,0,0,0,1,0,0,0,0,21,0,0,0,0,0,0,4,0,0,0,0,0,21,0,0,0
740735,270,272,24,97,152,21,173,0,173,2,0,0,0,0,20,1,0,6,0,13,0,0,0,33,0,0,0,0,0,0,0,1,39,2,0,0,0,0,0,14,1,0,7,0,0,33,1,0,0
740736,126,128,5,43,78,5,83,0,83,2,0,0,1,0,3,0,0,0,0,3,0,0,0,10,0,0,0,0,0,0,0,0,25,0,1,0,0,0,0,5,0,0,4,0,0,28,1,0,0
740737,447,441,56,108,283,56,339,0,339,1,1,0,0,0,12,0,0,1,0,15,0,0,1,66,1,0,0,0,1,0,0,1,81,0,1,0,0,0,0,33,0,0,15,0,1,106,0,0,2
740738,426,421,32,150,246,30,276,0,276,3,1,0,1,1,8,0,0,3,0,11,0,0,0,33,0,0,0,0,0,0,0,0,79,1,0,0,0,0,2,26,0,0,11,0,0,89,7,0,0
740739,588,589,32,202,356,30,386,0,386,4,1,0,0,0,26,0,0,11,0,19,0,0,0,78,0,3,1,0,2,0,0,1,87,1,2,1,0,0,1,35,0,0,10,1,3,93,3,1,2
740740,78,79,15,16,49,13,62,0,62,0,0,0,0,0,1,0,0,1,0,2,0,0,0,7,0,0,0,0,0,0,0,0,18,0,0,0,0,0,0,9,0,0,0,0,0,23,1,0,0
740741,330,340,48,81,202,47,249,0,249,2,1,1,0,0,20,0,0,5,0,8,0,2,0,50,0,0,0,0,1,0,0,1,60,1,0,0,0,0,0,19,1,0,13,0,0,61,3,0,0
740742,117,116,17,30,75,12,87,0,87,0,0,0,0,0,2,0,0,11,0,2,0,0,0,7,0,0,0,0,0,0,0,0,32,0,3,0,0,0,1,13,0,0,2,0,0,13,1,0,0
740743,318,309,28,88,209,21,230,0,230,1,0,0,0,0,15,2,0,4,0,3,0,0,0,36,0,0,0,0,0,0,1,0,75,0,1,1,0,0,0,13,0,0,5,0,0,70,2,1,0
740744,186,182,19,53,115,18,133,0,133,0,0,0,0,0,14,0,0,6,0,5,0,0,0,22,0,0,1,0,0,0,0,1,29,0,0,0,0,0,0,12,0,0,2,0,0,38,3,0,0
740745,150,151,11,50,93,7,100,0,100,1,0,1,0,0,1,0,0,7,0,5,0,0,0,18,0,0,0,0,1,0,0,0,32,0,0,0,0,0,0,3,0,0,2,0,0,28,1,0,0
740746,456,459,45,122,292,42,334,0,334,8,0,0,1,0,8,0,0,11,0,17,0,0,0,56,0,0,0,0,3,0,0,0,129,0,0,0,0,0,0,36,0,0,7,0,0,56,2,0,0
740747,552,548,51,158,351,43,394,0,394,1,1,0,0,1,24,0,0,22,0,18,0,0,0,37,0,0,1,0,0,0,0,0,152,2,0,0,0,0,0,44,0,0,8,0,0,82,1,0,0
740748,306,319,46,66,196,44,240,0,240,1,0,0,0,0,9,0,0,7,0,7,0,0,0,21,0,1,0,0,1,0,0,0,71,0,1,0,0,0,0,20,0,0,3,0,0,94,4,0,0
740749,105,104,7,42,56,7,63,0,63,0,0,0,0,0,2,1,0,3,0,1,0,0,0,6,1,0,0,0,0,0,0,0,12,0,0,0,0,0,1,15,0,0,7,0,0,14,0,0,0
740750,198,193,10,65,123,10,133,0,133,0,0,0,0,0,7,0,0,1,0,16,0,0,0,25,0,1,0,0,0,0,0,0,25,0,0,1,0,0,1,13,0,0,10,0,0,30,1,0,2
740751,270,248,22,95,158,17,175,0,175,1,0,0,0,0,13,0,0,1,0,1,0,0,0,18,0,1,0,0,1,0,0,1,51,0,0,0,0,0,1,10,0,0,2,0,0,71,2,0,1
740752,168,167,21,57,93,18,111,0,111,0,0,0,0,0,6,0,0,4,0,6,0,0,0,12,0,0,0,0,0,0,0,1,45,0,0,0,0,0,1,4,0,0,0,0,0,30,2,0,0
740753,354,350,21,116,218,20,238,0,238,3,0,1,1,0,12,1,0,4,0,13,0,0,0,40,0,0,0,0,0,0,0,3,82,2,0,0,0,0,0,17,0,1,3,0,0,53,1,0,1
740754,144,144,10,30,104,10,114,0,114,0,1,0,1,0,1,0,0,16,0,9,0,0,0,18,0,0,0,0,0,0,0,0,22,0,0,0,0,0,0,11,0,0,2,0,0,32,0,1,0
740755,378,369,20,143,220,15,235,0,235,1,0,2,0,0,9,0,0,7,0,7,0,0,0,53,0,0,0,0,0,0,0,0,66,0,0,0,0,0,0,16,0,0,3,0,0,67,4,0,0
740756,42,44,11,7,25,10,35,0,35,0,0,0,0,0,1,0,0,0,0,1,0,0,0,2,0,1,0,0,0,0,0,0,14,0,0,0,0,0,0,5,0,0,0,0,0,11,0,0,0
740757,660,653,44,202,421,37,458,0,458,3,1,0,0,0,35,0,0,8,1,12,0,0,0,83,0,0,0,0,0,0,0,2,121,0,0,0,0,0,0,34,0,0,7,0,0,145,5,1,0
740758,549,544,40,126,385,38,423,0,423,3,0,1,0,1,33,0,0,9,0,22,0,0,1,88,1,0,0,0,1,0,0,3,101,1,1,0,0,0,0,38,0,0,22,0,0,90,7,0,0
740759,129,34,6,96,27,6,33,0,33,0,0,0,0,0,1,0,0,0,0,1,0,0,0,3,0,0,0,0,0,0,0,0,8,0,0,0,0,0,0,3,0,0,0,0,0,16,1,0,0
740891,1539,1535,12,611,918,10,928,0,928,3,0,0,5,1,115,0,0,33,1,21,0,1,0,288,0,1,0,0,3,0,0,1,121,1,6,0,0,0,1,92,0,0,31,1,0,188,5,1,8
740892,1464,1441,11,646,811,7,818,0,818,12,0,0,3,1,108,1,0,37,0,34,0,0,0,206,0,0,0,0,5,0,0,0,113,0,1,0,0,1,0,84,0,1,42,0,0,161,2,0,6
740893,1815,1791,14,707,1096,12,1108,0,1108,16,1,0,2,0,155,2,0,30,0,48,0,1,0,308,0,2,0,0,5,0,1,0,133,1,2,0,0,0,0,162,0,0,65,3,0,156,4,1,10
740894,2190,2164,26,848,1322,20,1342,0,1342,19,0,1,0,0,150,1,0,45,0,49,0,2,0,422,0,6,0,0,4,1,0,4,180,2,2,0,0,0,0,133,0,0,61,0,2,231,16,3,8
740895,2226,2184,12,856,1361,9,1370,0,1370,14,1,1,1,1,184,1,1,43,0,51,0,1,1,406,1,2,2,0,7,0,0,2,156,1,3,0,0,0,1,143,0,1,114,0,0,215,6,0,10
740896,627,622,6,237,385,5,390,0,390,3,0,1,0,0,21,0,0,8,0,10,0,0,0,98,0,0,0,0,1,0,0,1,69,0,1,0,0,0,1,59,0,0,5,0,0,109,1,0,2
740897,384,378,13,161,210,13,223,0,223,1,0,0,0,0,35,0,0,18,0,6,0,0,0,50,0,1,0,0,2,0,0,0,19,0,0,0,0,0,1,28,1,0,14,0,0,45,2,0,0
740898,126,123,12,40,74,12,86,0,86,0,0,0,0,0,4,0,0,0,0,2,0,0,0,20,0,0,0,0,0,0,0,0,22,0,0,0,0,0,0,6,0,1,0,0,0,31,0,0,0
740899,189,188,17,71,106,12,118,0,118,0,0,0,0,0,9,0,0,3,0,3,0,0,0,24,0,0,0,0,0,0,0,0,22,0,0,0,0,0,0,13,0,0,0,0,0,41,1,1,1
740900,216,215,16,75,128,13,141,0,141,0,0,0,0,0,11,0,0,2,0,5,0,0,0,31,0,0,0,0,0,0,0,1,22,0,0,0,0,0,0,20,0,1,4,0,0,43,1,0,0
740901,348,346,18,137,200,11,211,0,211,0,0,0,1,1,10,1,0,13,0,12,0,0,1,64,0,0,0,0,0,0,0,1,35,0,0,0,0,0,0,26,1,0,4,0,0,37,2,1,1
740902,159,158,2,52,105,2,107,0,107,0,0,0,0,0,7,1,0,3,0,6,0,0,0,11,0,0,0,0,0,0,0,0,19,0,0,0,0,0,0,38,0,0,0,0,0,20,0,0,2
740903,120,121,0,55,65,0,65,0,65,0,0,0,0,0,11,0,0,9,0,2,0,0,0,11,0,0,0,0,0,0,0,0,11,0,0,0,1,0,0,6,0,0,1,0,0,13,0,0,0
740904,897,891,30,382,492,23,515,0,515,5,0,0,0,0,55,0,0,11,0,20,0,0,0,122,0,0,0,0,3,0,0,4,131,1,2,2,0,0,1,53,1,0,2,1,0,95,4,0,2
740905,642,639,24,259,361,22,383,0,383,0,1,0,0,2,39,2,0,2,0,6,0,0,0,123,0,0,2,0,0,0,0,0,79,1,0,0,1,0,1,29,1,2,5,0,1,80,3,0,3
740906,165,163,12,53,102,10,112,0,112,2,0,0,0,1,8,0,0,2,0,10,0,1,0,22,0,0,0,0,0,0,0,0,14,0,0,0,0,0,1,9,0,0,3,0,1,35,3,0,0
740907,114,117,9,26,80,8,88,0,88,0,0,0,0,0,19,1,0,2,0,1,0,0,0,20,0,0,0,0,0,0,0,1,17,0,0,0,0,0,0,9,0,0,1,0,0,15,2,0,0
740908,306,300,7,119,182,5,187,0,187,2,0,2,0,0,18,0,0,13,1,3,0,0,0,28,0,1,0,0,1,0,0,0,52,0,0,0,0,0,0,26,0,0,3,0,0,34,3,0,0
740909,711,699,44,314,358,39,397,0,397,8,0,0,0,0,37,0,0,7,0,16,0,6,1,103,0,0,2,0,1,0,0,1,71,1,0,0,0,0,0,34,0,0,14,0,0,89,6,0,0
740910,546,543,23,180,347,19,366,0,366,3,1,0,0,0,41,0,0,6,0,19,0,0,0,67,2,0,0,0,0,0,0,1,86,0,0,0,0,0,0,45,0,0,10,0,0,83,2,0,0
740911,447,440,30,164,254,29,283,0,283,1,0,0,1,0,11,0,0,10,0,5,0,0,0,49,0,0,0,0,1,0,0,0,75,0,0,0,0,0,0,24,0,0,4,0,0,94,5,1,2
740912,555,550,29,227,301,27,328,0,328,2,0,0,0,0,29,0,0,6,0,12,0,0,0,60,0,0,0,0,1,1,0,1,79,1,0,0,0,0,0,52,0,0,4,0,0,74,5,0,1
740913,174,171,11,81,87,6,93,0,93,1,0,0,0,0,3,0,0,4,0,5,0,0,1,19,0,0,0,0,0,0,0,0,13,0,1,0,0,0,0,9,0,0,1,0,1,30,5,0,0
740914,237,236,22,100,122,15,137,0,137,2,0,0,1,0,11,0,0,12,0,5,0,0,0,31,0,0,0,0,0,0,0,0,31,0,0,0,0,0,0,9,0,0,6,0,1,26,1,0,1
740915,294,293,15,115,168,11,179,0,179,2,0,0,0,0,17,0,0,3,0,9,0,0,0,43,0,0,0,0,3,0,0,0,23,0,0,0,0,0,0,21,1,0,6,0,0,46,2,0,3
740916,432,427,8,187,239,6,245,0,245,0,0,0,0,0,10,0,0,6,0,6,0,0,0,41,0,1,0,0,0,0,0,0,83,0,0,0,0,0,1,18,0,0,7,0,0,68,0,0,4
740917,312,309,8,134,170,8,178,0,178,3,0,1,0,0,10,0,0,2,0,2,0,0,0,57,0,1,0,0,1,0,0,1,16,0,1,1,1,0,0,15,0,0,0,0,0,59,4,0,3
740918,465,463,37,119,312,34,346,0,346,4,0,0,0,0,12,0,1,1,0,11,0,0,0,72,0,2,0,0,0,0,0,2,96,0,0,1,0,0,0,28,0,1,13,0,0,96,3,1,2
740919,639,635,47,237,355,47,402,0,402,5,0,1,1,0,19,1,0,5,0,10,0,0,0,92,0,0,0,0,1,0,0,0,101,1,0,0,0,0,0,49,1,0,8,0,0,100,5,0,2
740920,363,365,26,162,182,19,201,0,201,3,0,0,0,0,11,1,0,1,0,5,0,0,0,34,0,0,0,0,0,0,0,0,32,1,0,0,0,0,0,27,0,0,2,0,1,81,0,0,2
740921,126,124,4,40,84,2,86,0,86,0,0,0,0,0,4,0,0,5,0,2,0,0,0,14,0,0,0,0,0,0,0,0,30,0,0,0,0,0,0,10,0,0,4,0,0,17,0,0,0
740922,207,27,5,187,17,3,20,0,20,0,0,0,0,0,2,0,0,0,0,1,0,0,0,3,0,0,0,0,0,0,0,0,5,0,0,0,0,0,0,2,0,0,0,0,0,7,0,0,0,01,04,2019,00,20
