180001,1128,1119,41,457,632,39,671,0,671,5,1,1,1,0,32,0,0,7,0,33,0,1,0,177,0,1,0,0,8,0,0,1,42,0,3,0,0,1,1,117,0,1,95,0,1,134,4,1,3
180002,978,973,35,347,602,29,631,0,631,11,0,3,2,2,30,0,0,14,0,36,0,0,0,168,0,6,0,0,10,0,0,0,38,1,4,0,0,0,1,86,0,0,102,0,0,106,9,0,2
180003,699,696,17,267,416,16,432,0,432,5,1,0,0,0,25,0,0,3,0,27,0,0,0,128,1,2,0,0,3,0,0,0,45,0,2,1,0,0,0,46,0,0,65,0,0,66,7,3,2
180004,1095,1086,32,436,628,31,659,0,659,14,0,3,0,0,21,1,0,4,0,50,0,1,0,186,1,4,0,1,5,0,0,0,62,0,1,1,0,0,0,104,0,0,99,0,0,97,1,0,3
180005,996,989,30,332,640,24,664,0,664,9,1,2,2,0,30,1,0,5,0,34,1,2,0,157,0,0,0,0,2,0,1,0,54,0,1,0,0,0,1,110,0,1,122,0,1,113,9,0,5
180006,675,663,15,214,447,14,461,0,461,8,0,1,0,0,22,0,0,2,0,20,0,1,0,105,0,3,0,0,5,0,0,1,44,1,1,0,0,0,0,73,0,1,68,0,0,95,7,0,3
180007,669,671,33,237,399,33,432,0,432,11,3,0,1,0,13,0,0,3,0,12,0,1,1,90,0,0,0,0,4,0,0,0,54,0,0,0,1,0,1,58,0,0,40,0,1,127,8,0,3
180008,849,859,22,290,541,18,559,0,559,4,0,1,1,0,18,0,0,4,1,32,0,2,2,153,1,3,0,0,4,0,0,0,36,0,4,0,0,0,0,73,1,1,114,0,0,91,9,0,4
180009,1116,1108,50,423,650,43,693,0,693,5,0,2,1,2,40,0,0,7,2,32,0,5,0,183,1,1,0,0,4,0,0,1,72,1,5,0,0,0,0,143,0,0,93,0,1,76,11,1,4
180010,972,969,35,402,539,31,570,0,570,4,0,1,2,2,37,0,0,6,0,24,0,7,0,142,0,1,0,1,4,0,0,1,101,1,0,0,0,0,0,125,0,0,45,0,1,56,5,2,2
180011,300,302,25,99,182,19,201,0,201,4,1,0,0,2,6,1,0,1,0,11,3,1,0,42,0,0,0,0,1,2,0,2,48,0,0,0,0,0,0,39,0,0,3,0,0,24,7,0,3
180012,579,578,37,221,323,35,358,0,358,4,1,2,1,0,15,0,0,4,0,19,0,1,0,95,1,2,0,0,4,0,0,1,39,1,0,0,0,0,2,54,0,0,16,1,1,80,8,1,5
180013,303,302,26,107,170,26,196,0,196,4,0,0,1,0,6,0,0,0,0,12,0,0,0,53,0,1,0,0,2,0,0,0,46,0,0,0,0,0,0,22,0,0,6,0,0,40,3,0,0
180014,300,300,27,100,177,23,200,0,200,1,1,0,0,0,10,0,0,0,0,1,0,1,0,32,1,0,0,0,0,0,0,0,56,0,0,0,0,0,0,44,0,0,6,0,0,44,0,0,3
180015,573,572,53,183,343,47,390,0,390,3,0,1,0,0,18,1,0,2,0,18,0,0,0,110,0,0,0,0,0,0,0,0,111,0,1,0,0,0,1,54,0,0,9,0,1,59,1,0,0
180016,342,336,33,111,203,28,231,0,231,2,0,0,0,0,8,0,0,3,0,16,0,0,0,37,0,0,0,0,2,0,0,0,52,0,0,0,0,0,1,40,0,0,21,0,0,46,2,0,1
180017,1779,1776,69,614,1103,62,1165,0,1165,11,1,2,0,0,54,1,1,15,0,50,0,2,0,346,1,5,0,0,15,0,0,2,124,2,2,0,0,0,0,172,0,0,172,0,0,176,3,4,4
180018,414,418,28,99,289,26,315,0,315,6,0,3,1,0,16,1,0,5,0,1,0,1,1,78,0,0,0,0,1,0,0,1,96,0,1,0,0,0,0,58,0,1,10,0,0,31,3,0,0
180019,660,659,70,263,335,62,397,0,397,6,0,0,0,1,26,0,0,1,0,13,0,0,0,61,0,0,0,0,5,0,0,0,89,2,1,0,0,0,0,63,0,0,23,0,6,95,5,0,0
180020,249,246,10,80,161,8,169,0,169,1,0,1,0,0,4,0,0,3,0,12,0,2,0,26,0,0,1,0,3,0,0,0,40,0,0,0,0,0,0,18,0,0,7,0,2,45,3,0,1
180021,156,154,15,35,107,14,121,0,121,0,0,0,1,0,7,0,0,2,0,7,0,4,0,23,1,0,0,1,0,0,0,2,14,0,1,0,0,0,0,26,0,0,2,0,0,28,2,0,0
180022,588,582,66,218,314,56,370,0,370,7,0,0,0,0,9,1,0,0,0,13,0,1,0,75,0,1,0,0,3,0,0,0,66,0,0,0,0,0,0,49,1,0,25,0,1,108,9,0,1
180023,585,579,53,177,362,46,408,0,408,1,0,2,0,1,24,0,0,5,0,35,0,2,0,117,0,2,0,0,2,0,0,1,68,0,1,0,0,0,0,37,0,0,27,1,3,76,3,0,0
180024,534,531,62,161,318,55,373,0,373,15,0,0,0,0,17,0,0,2,0,12,1,0,0,89,1,0,0,0,0,0,0,1,66,0,0,0,1,0,3,81,0,0,14,0,0,63,5,0,2
180025,999,1001,53,427,522,50,572,0,572,6,0,1,0,1,21,2,1,5,0,18,0,1,0,140,0,0,0,0,5,0,0,0,108,0,1,0,0,1,1,106,0,2,51,0,1,91,3,0,6
180026,267,265,18,90,164,13,177,0,177,5,0,1,0,0,6,0,0,1,0,6,0,0,0,25,0,0,0,0,2,0,0,1,43,1,1,0,0,0,1,32,0,1,3,1,0,41,6,0,0
180027,624,625,47,211,370,43,413,0,413,5,0,1,0,0,25,0,0,3,0,39,0,4,0,98,0,0,0,0,1,0,0,1,91,0,1,0,0,1,1,45,0,0,13,0,0,79,4,0,1
180028,228,231,28,79,130,19,149,0,149,5,0,2,0,0,9,0,1,0,0,11,0,3,0,36,0,1,0,0,0,0,0,0,44,0,0,0,0,0,0,19,0,0,4,0,1,12,0,0,1
180029,261,269,32,77,159,25,184,0,184,1,0,3,0,0,10,1,0,2,0,17,0,0,0,43,0,0,1,0,4,0,0,0,32,0,0,0,0,0,0,23,0,0,5,0,0,40,2,0,0
180030,234,232,22,70,143,21,164,0,164,0,0,0,1,1,10,0,0,0,0,3,0,0,0,33,0,1,0,0,2,0,0,2,34,0,0,0,0,0,0,29,0,0,3,0,0,43,2,0,0
180031,468,466,26,184,263,21,284,0,284,4,0,0,0,0,9,0,0,2,0,16,0,4,0,82,0,0,0,0,0,0,0,0,41,0,1,0,0,0,1,57,0,0,24,0,1,40,1,1,0
180032,369,368,20,125,225,19,244,0,244,3,0,1,1,0,10,0,0,1,0,11,1,0,0,56,0,1,0,0,0,0,0,3,55,0,1,0,1,0,0,23,0,0,12,0,1,55,7,0,1
180033,378,382,43,121,220,37,257,0,257,2,1,0,1,1,7,0,0,1,0,3,0,0,0,58,0,1,0,0,4,1,0,0,68,1,0,0,0,0,0,36,0,1,20,0,0,45,2,1,3
180034,99,104,20,20,62,17,79,0,79,0,0,0,0,0,0,0,0,0,0,6,0,0,0,13,0,0,0,0,2,0,0,0,13,0,0,0,0,0,1,19,0,0,4,0,0,20,1,0,0
180035,873,872,55,320,503,50,553,0,553,11,0,0,1,0,26,0,0,14,0,14,0,2,0,122,0,1,0,0,3,0,0,1,109,1,0,0,0,1,0,64,0,0,36,0,0,137,8,0,2
180036,1608,1596,17,588,1008,12,1020,0,1020,24,6,2,1,2,93,1,0,5,0,38,0,0,1,326,0,0,0,0,10,0,0,1,93,1,2,0,0,0,1,132,0,0,133,0,3,128,9,1,7
180037,282,279,26,92,167,23,190,0,190,0,0,1,0,0,11,0,0,1,0,14,0,0,0,44,0,0,1,0,1,0,0,2,39,1,0,0,0,0,0,29,0,0,9,0,0,37,0,0,0
180038,411,416,42,114,259,38,297,0,297,4,0,1,0,0,6,0,0,2,0,14,0,0,0,58,0,0,0,0,5,0,0,0,49,0,1,0,0,0,0,68,0,2,13,0,0,71,3,0,0
180039,165,165,5,38,122,5,127,0,127,1,0,1,0,0,7,0,0,4,0,4,0,0,1,18,0,0,0,0,0,0,0,1,18,0,0,0,0,0,0,24,0,0,13,2,0,29,3,1,0
180040,891,911,51,321,523,47,570,0,570,7,1,2,0,0,22,0,0,1,1,37,1,1,0,121,1,1,0,0,0,0,1,0,107,0,1,0,0,0,0,134,0,0,48,0,0,71,7,0,5
180041,276,272,18,104,154,18,172,0,172,6,0,0,0,0,5,0,0,1,0,8,0,0,0,49,0,0,0,0,0,0,0,0,32,0,0,0,0,0,0,43,0,0,11,0,0,15,2,0,0
180042,399,405,32,102,266,31,297,0,297,4,0,2,0,0,10,1,0,0,0,21,1,0,0,57,0,1,0,0,0,0,0,0,62,0,2,0,0,0,0,55,2,1,34,0,0,39,2,1,2
180043,144,147,5,31,109,4,113,0,113,0,0,1,0,0,10,0,0,1,0,4,0,0,0,10,1,0,0,0,3,0,0,0,26,0,0,0,0,0,0,21,0,0,3,0,0,30,2,0,1
180044,642,640,10,303,330,9,339,0,339,9,0,3,0,1,6,0,1,7,0,14,0,1,0,78,0,0,0,1,3,0,1,1,67,0,1,0,0,0,0,61,0,0,8,0,2,67,4,0,3
180045,138,24,3,120,15,3,18,0,18,0,0,0,0,0,1,0,0,0,0,1,1,2,0,4,0,0,0,0,0,0,0,0,2,0,0,0,0,0,1,2,0,0,0,0,0,4,0,0,0
180102,2160,2143,54,716,1391,53,1444,0,1444,14,3,1,3,0,70,0,0,12,0,79,0,11,0,456,0,1,1,0,9,0,0,0,50,1,3,0,0,0,3,222,0,1,190,0,0,303,6,1,4
180103,1398,1385,17,473,909,16,925,0,925,13,1,2,1,0,49,1,0,12,0,60,0,8,0,286,0,1,0,0,8,0,0,0,49,1,0,0,0,0,0,145,0,0,105,0,2,168,9,2,2
180104,444,438,22,160,267,17,284,0,284,2,1,4,1,0,29,0,0,2,2,26,0,0,2,52,0,0,0,0,1,0,0,0,46,0,1,0,0,0,0,40,0,0,18,0,0,48,5,2,2
180105,813,835,28,270,516,27,543,0,543,12,0,0,0,0,23,1,0,11,0,9,0,2,1,144,0,0,1,0,1,0,0,2,44,0,0,0,0,0,0,47,0,2,21,0,0,210,11,1,0
180106,306,300,29,88,194,24,218,0,218,2,0,0,0,0,17,0,0,8,1,8,0,0,0,22,1,0,0,1,0,0,0,0,10,0,0,0,0,0,0,108,0,0,6,0,0,32,1,1,0
180107,612,604,30,249,340,23,363,0,363,3,0,1,0,1,15,0,0,5,0,15,0,2,0,106,0,2,0,0,1,0,0,0,42,1,0,0,0,0,0,73,0,1,19,0,0,72,3,0,1
180108,618,613,38,191,389,38,427,0,427,7,0,1,1,0,32,0,0,4,0,6,1,2,0,108,0,0,0,1,3,0,0,1,68,0,1,0,0,0,0,91,0,0,26,0,1,70,1,0,2
180109,231,236,2,90,139,2,141,0,141,1,0,0,1,0,5,0,0,4,0,3,0,2,0,40,0,0,0,0,0,0,0,0,11,0,1,0,0,0,0,21,0,0,27,0,0,23,2,0,0
180110,363,364,30,129,205,29,234,0,234,3,0,0,0,0,13,0,0,1,0,10,0,2,0,38,1,0,0,0,3,0,0,1,39,0,0,0,0,0,0,32,0,0,13,0,0,75,2,1,0
180111,489,489,22,179,293,17,310,0,310,2,0,0,0,1,13,0,0,8,0,8,0,0,1,70,0,2,0,0,3,0,0,0,38,0,0,0,0,0,2,58,0,0,14,0,0,85,3,0,2
180112,114,118,5,27,82,5,87,0,87,1,0,1,1,0,13,0,0,2,0,2,0,2,0,19,0,0,0,0,0,0,0,0,9,0,0,0,0,0,0,12,0,0,3,0,0,22,0,0,0
180113,243,235,14,96,136,11,147,0,147,1,0,0,0,0,5,1,0,8,0,15,0,0,0,35,0,0,0,0,0,0,0,1,15,0,2,0,0,0,0,15,1,0,19,0,0,27,2,0,0
180114,141,139,16,52,73,16,89,0,89,0,0,0,0,0,11,0,0,2,0,2,0,0,1,17,0,0,1,0,1,0,0,1,8,0,0,0,0,0,0,15,0,0,3,0,0,26,1,0,0
180115,60,59,7,18,37,5,42,0,42,0,0,1,0,0,2,0,0,3,0,1,0,1,0,6,0,0,0,0,0,0,0,0,6,0,0,0,0,0,0,3,0,0,0,0,0,19,0,0,0
180116,537,530,34,198,308,31,339,0,339,10,0,0,0,0,27,0,0,8,0,9,0,2,0,88,1,0,0,0,2,0,1,1,43,0,0,0,0,0,0,59,0,1,13,0,2,66,6,0,0
180117,702,696,38,212,460,30,490,0,490,5,1,0,0,1,24,1,1,7,1,11,0,9,1,155,0,1,0,0,4,1,0,1,51,2,0,0,0,0,0,87,0,0,16,0,0,101,5,1,3
180118,225,228,17,64,144,17,161,0,161,2,0,0,0,0,6,0,0,3,0,4,0,1,2,23,0,0,0,0,0,0,0,1,37,0,0,0,0,0,0,42,0,1,8,0,0,28,0,0,3
180119,180,176,23,70,92,18,110,0,110,3,0,0,0,0,16,1,1,4,0,5,0,0,0,17,0,0,0,0,0,0,0,1,17,0,0,0,0,0,0,15,0,0,4,0,1,23,1,0,1
180120,504,510,40,144,322,38,360,0,360,1,1,0,1,0,1,1,0,13,0,12,0,0,0,95,0,0,0,0,3,0,0,0,63,0,0,0,0,0,1,77,0,0,19,0,2,66,2,1,1
180121,426,421,40,130,257,39,296,0,296,9,0,1,0,0,15,0,0,1,0,16,0,0,0,62,0,0,0,0,3,0,0,1,24,0,2,0,0,0,1,59,0,0,36,1,1,61,3,0,0
180122,192,190,11,73,110,9,119,0,119,0,0,0,0,0,6,0,0,1,0,7,0,1,0,23,0,0,0,0,1,0,0,0,25,1,0,0,0,0,0,21,0,0,5,0,0,26,0,0,2
180123,717,711,47,213,460,44,504,0,504,4,0,1,0,1,16,0,2,2,0,41,1,7,0,107,0,1,0,0,5,0,0,0,66,1,1,0,1,0,1,108,0,0,41,0,0,93,4,0,0
180124,198,195,19,58,123,17,140,0,140,1,0,0,0,0,11,0,0,8,0,10,0,3,0,28,0,0,0,0,2,0,0,0,14,0,0,0,0,0,0,37,0,0,0,0,0,23,2,0,1
180125,369,368,27,103,239,27,266,0,266,3,0,0,0,0,29,0,0,7,2,7,0,6,0,46,0,0,1,0,4,0,0,2,35,0,3,0,0,0,2,28,0,1,15,0,1,71,2,0,1
180126,204,203,29,66,111,27,138,0,138,4,0,0,0,0,3,0,0,3,0,4,0,0,1,16,0,0,0,0,1,0,0,3,16,0,0,0,0,0,0,24,0,1,13,0,0,46,2,1,0
180127,753,737,30,295,432,26,458,0,458,10,0,0,2,0,26,1,0,6,0,29,1,0,0,124,0,1,0,0,7,0,0,0,39,0,1,0,0,0,0,48,0,0,38,0,0,114,7,1,3
180128,159,161,7,57,95,7,102,0,102,0,0,0,0,0,4,0,0,2,0,7,0,1,0,23,0,0,0,0,0,0,0,0,22,0,0,0,0,0,0,22,0,0,5,0,0,14,1,0,1
180129,675,670,33,236,407,32,439,0,439,6,0,0,1,0,25,0,0,9,0,23,0,1,0,125,0,0,0,0,3,0,0,0,36,0,0,0,0,0,0,60,0,1,39,0,2,101,6,0,1
180130,99,99,7,31,61,7,68,0,68,0,0,0,0,0,2,0,0,3,0,3,0,0,0,12,0,0,0,0,0,0,0,0,21,0,0,0,0,0,0,11,0,0,4,0,0,11,1,0,0
180131,564,563,36,152,377,35,412,0,412,4,0,1,0,0,23,0,0,11,0,10,0,5,0,149,0,0,0,0,0,0,0,0,67,0,0,0,0,0,1,59,0,0,18,0,0,59,4,1,0
180132,198,198,4,63,131,4,135,0,135,0,0,1,0,1,2,0,0,2,0,2,0,0,0,36,0,0,0,0,2,0,0,1,25,0,0,0,0,0,0,28,0,0,3,0,0,29,1,0,2
180133,777,774,21,309,449,19,468,0,468,7,0,0,1,1,36,1,0,7,0,31,0,5,0,160,1,1,0,0,3,0,0,0,36,0,0,0,1,0,0,62,0,0,33,0,0,77,3,0,2
180134,780,777,68,266,449,65,514,0,514,5,0,0,0,1,28,0,0,9,0,18,0,3,0,141,0,0,0,0,4,0,0,0,84,0,0,0,0,0,0,75,0,0,17,0,0,120,7,0,2
180135,174,175,13,49,114,11,125,0,125,0,0,0,0,0,6,0,0,1,0,7,0,1,0,18,0,0,0,0,0,0,0,2,9,0,2,0,0,0,0,26,0,0,6,0,0,45,2,0,0
180136,849,836,40,240,569,40,609,0,609,6,1,1,2,0,13,2,0,4,1,32,0,2,0,143,0,0,0,0,7,0,0,2,71,0,3,0,0,0,0,111,0,0,72,0,1,125,6,0,4
180137,750,747,22,300,432,18,450,0,450,4,0,0,1,0,24,0,0,5,0,20,0,3,0,117,1,0,0,0,0,0,0,2,68,0,0,0,0,0,0,95,0,1,33,0,0,70,6,0,0
180138,144,140,15,49,81,14,95,0,95,3,0,0,1,0,1,0,0,8,0,3,0,0,0,25,0,0,0,0,0,0,0,0,15,0,0,0,0,0,0,12,0,0,0,0,0,27,0,0,0
180139,306,301,17,112,182,12,194,0,194,3,0,0,0,0,8,0,0,2,0,12,0,3,0,64,0,0,0,0,1,0,0,0,14,1,0,0,0,0,0,35,0,1,0,0,0,45,2,0,3
180140,195,194,23,63,111,21,132,0,132,1,0,1,2,0,3,0,0,1,1,2,0,2,1,20,0,0,0,0,0,0,0,0,17,0,1,0,0,0,1,31,1,0,10,1,0,33,3,0,0
180141,279,274,14,103,164,12,176,0,176,1,1,0,2,0,2,1,0,0,0,9,0,1,0,36,0,0,0,0,0,0,0,0,32,1,0,0,0,0,1,46,0,1,12,0,0,29,1,0,0
180142,177,179,15,55,108,14,122,0,122,1,0,0,0,0,4,0,0,3,0,2,0,0,0,32,0,0,0,0,0,0,0,1,12,0,0,0,0,0,1,28,0,0,2,0,0,36,0,0,0
180143,153,148,11,73,71,9,80,0,80,1,0,0,0,0,6,0,0,1,1,8,0,0,0,9,0,0,0,0,0,0,0,1,16,0,0,0,0,0,0,20,0,0,3,0,0,14,0,0,0
180144,1059,1043,43,398,618,43,661,0,661,7,1,0,0,2,38,0,0,9,0,40,0,3,0,160,0,1,0,0,4,0,0,1,72,0,2,0,0,0,3,155,0,3,55,0,1,91,7,2,4
180145,90,88,4,34,52,4,56,0,56,0,0,0,0,0,4,0,0,1,0,2,0,1,0,16,0,0,0,0,0,0,0,0,5,0,0,0,0,0,0,10,0,0,5,1,0,10,1,0,0
180146,615,607,43,197,375,43,418,0,418,3,0,0,0,0,53,0,0,5,0,18,0,2,0,100,0,2,0,0,2,0,0,1,41,0,0,0,0,0,1,62,0,2,26,0,0,94,6,0,0
180147,744,739,17,312,415,17,432,0,432,7,0,1,0,1,35,0,0,4,1,15,0,1,0,118,0,0,0,0,10,0,0,0,62,0,1,0,0,0,0,54,0,0,27,0,2,88,3,1,1
180148,135,137,4,51,80,4,84,0,84,0,0,0,0,0,8,0,0,2,0,2,0,0,0,16,0,0,0,0,0,0,0,0,15,0,0,0,0,0,0,10,0,0,3,0,0,26,1,0,1
180149,345,339,14,145,186,14,200,0,200,2,1,0,0,0,13,1,0,3,0,7,0,2,0,67,0,0,0,0,2,0,0,0,14,0,0,0,0,0,0,51,0,0,4,0,0,33,0,0,0
180150,168,166,12,73,83,12,95,0,95,1,0,0,0,0,7,0,0,1,0,4,0,1,0,20,0,0,0,0,0,1,0,1,18,0,0,0,0,0,0,15,0,0,0,0,0,23,1,0,2
180151,795,790,39,282,484,29,513,0,513,6,0,1,0,0,19,0,0,6,0,18,0,2,0,133,0,0,0,0,3,0,0,0,46,0,3,0,0,0,0,104,1,2,60,1,1,97,9,1,0
180152,633,628,58,223,352,58,410,0,410,2,0,0,0,0,13,0,0,3,0,8,0,3,0,108,1,0,0,0,5,0,0,1,50,0,2,0,0,0,0,88,1,1,28,0,0,93,3,0,0
180153,111,111,11,33,67,11,78,0,78,1,0,0,0,0,9,1,0,2,0,7,0,0,1,17,0,0,0,0,1,0,0,0,7,0,0,0,0,0,2,16,0,0,1,0,1,11,0,1,0
180154,921,584,0,350,571,0,571,0,571,28,1,0,0,2,8,1,2,1,2,5,0,0,0,199,1,0,0,0,1,0,0,2,4,1,0,1,0,0,0,11,0,0,0,0,0,270,28,1,2
180869,966,960,33,367,568,31,599,0,599,7,0,2,2,0,39,0,1,4,0,39,0,0,0,153,0,0,0,0,1,0,0,0,50,0,4,0,0,1,0,89,0,1,71,0,1,125,7,1,1
180870,837,838,35,374,429,34,463,0,463,5,0,2,1,1,23,1,1,2,0,23,0,3,1,111,0,1,0,1,4,0,0,1,48,1,1,0,0,0,0,80,0,0,62,0,0,81,6,1,2
180871,1029,1019,52,405,574,50,624,0,624,5,1,0,0,0,29,2,0,11,0,36,0,2,0,179,2,0,0,1,2,0,0,1,62,0,2,0,0,0,1,87,0,1,47,0,0,143,8,0,2
180872,54,53,4,12,38,4,42,0,42,0,0,0,1,0,2,0,0,1,0,1,0,0,0,5,1,0,0,0,1,0,0,0,4,0,0,0,0,0,0,6,0,0,0,0,0,17,1,0,2
180873,1860,1838,21,634,1208,18,1226,0,1226,19,4,3,6,0,66,0,0,18,1,77,0,4,0,416,0,2,0,0,12,0,1,1,37,0,2,0,0,0,0,161,0,2,141,0,1,219,16,4,13
180874,1650,1646,31,618,1003,29,1032,0,1032,15,3,2,3,0,54,0,0,22,1,78,0,3,0,298,0,1,0,0,3,0,0,0,50,2,1,0,0,0,1,157,1,0,103,0,2,217,6,1,7
180875,1251,1233,11,429,814,8,822,0,822,9,1,3,3,2,41,0,0,14,0,69,0,0,0,276,0,1,0,0,11,0,0,1,45,0,1,0,0,0,0,127,0,1,85,0,0,121,4,0,7
180876,1488,1474,80,564,848,76,924,0,924,19,0,3,2,1,52,1,0,6,1,50,0,1,1,215,0,2,1,0,6,0,0,3,115,0,1,0,0,0,2,105,0,1,55,0,0,262,10,1,8
180877,249,249,25,77,152,20,172,0,172,1,1,0,0,0,5,1,0,1,0,3,0,0,0,29,0,0,0,0,0,0,0,0,19,1,1,0,0,0,1,50,0,1,11,0,0,44,3,0,0
180878,276,272,21,87,170,19,189,0,189,2,0,0,0,0,6,1,0,3,0,10,0,0,0,59,0,1,0,0,1,0,0,0,34,0,0,0,0,0,0,19,0,0,1,0,0,48,2,0,2
180879,333,330,48,106,181,46,227,0,227,3,0,0,0,1,7,0,0,3,0,3,0,0,0,42,0,0,1,0,2,0,0,2,55,0,0,1,0,0,1,26,1,1,10,0,1,62,5,0,0
180880,264,256,8,98,158,8,166,0,166,1,0,0,0,0,4,0,0,4,0,7,0,0,0,50,0,3,0,0,0,0,0,1,22,0,1,0,0,0,0,26,0,0,4,0,0,36,5,0,2
180881,345,342,32,98,219,28,247,0,247,3,0,0,0,0,12,0,0,5,1,9,0,0,0,66,0,1,0,0,1,0,0,0,36,0,0,0,0,0,0,35,0,0,14,0,0,60,4,0,0
180882,381,392,40,104,241,36,277,0,277,2,0,1,0,0,8,0,0,0,0,27,0,0,0,84,0,0,1,0,1,0,0,0,26,1,1,0,0,0,1,40,0,0,21,0,1,56,4,1,1
180883,180,181,28,53,108,19,127,0,127,2,0,0,0,0,3,1,0,0,0,7,0,0,0,16,0,0,0,0,0,0,0,0,25,0,1,0,0,0,0,27,0,0,22,0,0,21,2,0,0
180884,1407,1402,54,573,790,44,834,0,834,10,0,0,1,0,25,1,0,8,0,62,0,2,1,285,0,0,1,0,4,0,1,0,89,0,1,0,0,0,3,112,0,0,48,0,0,166,13,0,1
180885,594,594,46,191,362,41,403,0,403,8,0,0,0,1,25,0,0,4,0,10,0,0,0,135,0,1,0,0,2,0,0,1,44,0,1,0,0,0,1,62,0,2,24,0,2,76,3,0,1
180886,327,324,33,90,212,25,237,0,237,1,0,2,0,1,7,0,0,0,2,11,0,0,0,63,0,2,1,0,3,0,0,1,52,0,2,0,0,0,0,20,0,0,13,0,0,52,0,0,4
180887,234,235,23,65,152,17,169,0,169,2,1,2,0,1,2,0,0,4,0,12,1,0,0,27,0,0,0,0,1,0,0,3,38,0,0,0,0,0,0,22,0,0,12,0,0,41,0,0,0
180888,360,362,14,119,228,13,241,0,241,3,0,2,0,0,8,0,0,1,0,11,0,0,0,41,0,0,0,0,2,1,1,2,36,1,0,0,0,0,1,63,0,0,12,0,0,52,2,0,2
180889,378,376,44,134,208,36,244,0,244,4,0,1,1,0,3,1,0,2,0,10,1,0,0,72,0,0,0,0,1,0,0,0,31,1,0,0,0,0,0,43,0,0,4,0,0,69,0,0,0
180890,453,463,25,166,267,20,287,0,287,6,1,2,0,0,30,0,0,6,0,17,0,0,0,64,1,0,0,1,6,0,0,0,27,0,0,0,2,0,0,37,0,0,28,0,0,59,0,0,0
180891,198,199,24,48,126,24,150,0,150,0,0,0,0,0,2,0,0,2,0,6,0,1,0,27,0,0,0,0,0,0,0,0,12,0,0,0,0,0,0,35,0,2,7,0,0,54,0,0,2
180892,687,684,77,224,388,75,463,0,463,6,1,1,0,0,11,0,1,10,0,9,0,0,0,99,0,1,0,0,11,0,0,0,52,1,2,0,0,0,0,45,0,0,12,0,1,182,16,0,2
180893,279,283,35,78,166,35,201,0,201,1,0,1,0,0,10,0,0,3,0,7,0,1,0,47,0,0,0,0,0,0,0,1,29,0,0,0,0,0,0,16,0,0,15,0,1,61,5,0,3
180894,297,292,21,83,193,21,214,0,214,1,0,0,1,0,13,0,0,3,0,6,0,1,0,58,0,1,0,0,4,0,0,1,34,0,0,0,0,0,0,31,0,0,13,0,0,43,1,0,3
180895,453,454,21,135,297,21,318,0,318,4,1,0,1,0,9,0,0,1,0,21,0,0,0,84,0,1,0,0,3,0,0,0,60,0,0,0,0,0,0,36,0,0,23,0,0,67,6,0,1
180896,837,821,67,315,457,65,522,0,522,6,0,1,0,0,22,1,0,2,0,20,0,0,0,120,1,1,0,0,2,0,0,0,42,2,0,0,0,0,0,60,0,0,32,0,2,195,11,1,1
180897,108,107,10,25,73,10,83,0,83,0,0,1,0,0,1,0,1,1,0,6,0,0,0,9,0,0,1,0,0,0,0,0,8,0,0,0,0,0,0,15,0,0,2,0,0,33,4,0,1
180898,753,762,47,232,480,41,521,0,521,7,0,2,1,0,9,0,0,4,0,27,0,0,0,145,0,1,0,0,4,0,0,1,48,1,3,0,0,0,0,82,0,0,31,0,1,140,10,2,2
180899,1515,1499,53,528,935,52,987,0,987,10,3,6,2,0,43,0,0,20,0,62,0,1,0,297,0,1,0,0,11,0,1,2,91,0,1,0,0,0,1,138,1,0,50,1,1,219,9,1,15
180900,564,571,49,160,357,47,404,0,404,2,1,1,2,0,13,0,0,4,1,19,0,0,0,116,0,0,0,0,3,0,0,2,32,1,1,0,0,0,0,78,0,0,31,0,0,94,2,1,0
180901,465,463,31,151,287,27,314,0,314,5,0,0,0,0,13,0,0,3,0,29,1,0,0,78,0,0,0,0,2,0,0,1,30,0,1,0,0,0,0,54,0,0,14,0,1,79,3,0,0
180902,189,191,10,66,116,7,123,0,123,1,0,1,0,0,2,0,0,0,0,5,0,0,0,31,0,0,0,0,2,0,0,1,10,0,1,0,0,0,0,16,0,0,6,0,0,46,1,0,0
180903,570,573,61,91,425,54,479,0,479,7,0,3,2,0,11,2,0,1,1,40,0,0,0,116,0,2,0,0,3,0,0,0,58,1,0,0,0,0,0,33,0,0,34,0,0,156,6,0,3
180904,588,580,57,163,368,57,425,0,425,1,0,0,0,0,10,0,0,7,0,18,0,0,0,76,0,0,0,0,1,0,0,1,49,1,1,0,0,0,0,79,0,0,36,0,0,133,8,1,3
180905,270,268,28,96,147,27,174,0,174,0,0,0,0,0,8,0,0,3,0,5,1,0,0,50,1,1,0,0,1,0,0,0,16,0,0,0,0,0,0,25,0,0,4,0,1,56,2,0,0
180906,417,420,42,121,255,41,296,0,296,4,0,0,0,1,8,0,0,4,0,14,0,0,0,42,0,1,0,0,5,0,0,0,56,0,3,0,0,0,1,55,0,0,8,0,0,85,9,0,0
180907,204,207,32,65,110,29,139,0,139,1,0,1,0,0,6,0,0,1,0,10,0,0,0,26,0,0,0,0,0,0,0,0,23,0,1,0,0,0,0,31,0,1,10,0,0,27,0,0,1
180908,270,271,22,63,187,20,207,0,207,4,0,1,0,0,9,0,0,3,0,8,0,0,0,58,0,0,0,0,0,0,0,1,48,0,0,0,0,0,0,23,0,0,7,0,0,43,2,0,0
180909,393,395,46,131,218,44,262,0,262,2,0,0,1,0,7,0,0,4,0,19,0,0,0,63,0,0,0,0,7,0,0,2,38,0,0,0,0,0,1,31,0,0,9,0,0,76,2,0,0
180910,933,932,17,440,478,15,493,0,493,22,1,2,2,0,24,1,0,8,0,18,0,0,0,115,0,0,0,0,3,0,0,1,68,0,0,0,1,0,0,97,0,0,25,0,0,96,6,0,3
180912,159,42,18,141,7,11,18,0,18,1,0,0,0,0,0,0,0,0,0,2,0,0,0,1,0,0,0,0,0,0,0,0,0,0,0,0,0,0,0,5,0,0,0,0,0,9,0,0,0
181022,510,505,21,182,311,17,328,0,328,3,1,0,1,0,8,0,0,6,0,9,0,6,0,63,0,0,0,0,9,0,0,2,53,1,0,0,0,0,0,51,0,1,18,0,5,84,6,1,0
181023,1005,987,49,320,636,49,685,0,685,2,0,2,0,1,22,1,0,6,0,46,0,0,1,132,0,3,0,0,11,0,0,3,66,2,0,0,0,0,2,141,0,0,38,0,4,183,13,2,4
181024,354,349,30,93,232,29,261,0,261,2,0,0,0,0,11,0,0,2,0,8,0,0,0,65,0,0,1,0,0,0,0,1,37,1,1,0,0,0,0,17,1,0,9,0,0,101,4,0,0
181025,1476,1452,69,676,734,66,800,0,800,16,1,2,1,0,32,0,0,19,0,33,0,0,0,183,1,4,0,0,3,0,0,1,126,1,3,0,0,0,0,127,0,1,29,0,1,191,16,1,8
181026,108,113,5,20,83,5,88,0,88,2,0,0,0,0,10,0,0,1,0,4,0,0,0,23,0,0,0,0,1,0,0,0,12,0,0,0,0,0,0,12,0,0,2,0,0,21,0,0,0
181027,345,342,35,101,210,34,244,0,244,2,0,1,0,0,15,1,0,1,0,2,0,0,0,29,0,0,0,1,20,0,0,1,23,0,0,0,0,0,0,32,0,1,8,0,1,99,5,2,0
181028,129,126,8,47,74,8,82,0,82,0,0,0,0,0,3,0,0,0,0,1,0,0,0,6,0,0,0,0,1,0,0,0,11,0,0,0,0,0,0,20,0,0,0,0,0,39,1,0,0
181029,582,583,34,185,363,34,397,0,397,8,0,0,0,0,18,1,0,0,0,17,0,0,0,63,0,2,1,0,1,0,0,0,72,1,0,0,0,0,1,42,0,2,21,0,1,139,7,0,0
181030,147,145,9,61,79,7,86,0,86,1,0,0,0,0,3,0,1,0,0,9,0,0,0,17,0,0,0,0,4,0,0,1,16,0,2,0,0,0,0,13,0,0,6,0,0,12,1,0,0
181031,126,120,9,43,74,9,83,0,83,1,0,0,0,0,4,0,0,3,0,4,0,0,0,8,0,0,0,0,0,0,0,1,11,0,0,0,1,0,0,24,0,0,2,0,0,21,3,0,0
181032,453,429,18,143,293,17,310,0,310,3,0,0,1,1,10,1,0,6,1,12,0,0,0,55,0,1,0,0,1,0,0,0,37,0,0,0,0,0,1,61,1,1,8,1,0,103,4,0,1
181033,813,811,36,365,415,33,448,0,448,17,0,0,0,1,14,0,0,4,0,26,0,0,0,70,0,0,0,0,3,0,0,0,65,0,1,0,0,1,1,92,0,2,27,0,2,114,7,1,0
181034,477,482,10,130,337,10,347,0,347,3,0,0,1,0,10,0,0,1,0,14,0,0,0,52,0,3,0,0,6,0,0,0,40,0,1,0,0,0,0,50,0,0,12,0,1,136,15,0,2
181035,78,76,0,28,50,0,50,0,50,0,0,0,0,0,0,0,0,1,0,1,0,0,0,6,0,0,0,0,0,0,0,1,4,0,0,0,0,0,0,17,0,0,0,0,0,19,1,0,0
181036,321,322,25,99,198,24,222,0,222,3,0,0,0,0,13,0,0,6,0,12,0,0,0,20,0,0,0,0,0,0,0,0,28,1,0,0,0,0,2,40,0,0,8,0,1,81,6,0,1
181037,453,448,34,162,257,34,291,0,291,4,2,1,0,0,9,0,0,2,0,19,0,0,0,46,0,0,0,0,2,0,0,0,58,1,0,0,0,0,1,63,0,0,5,0,1,74,1,0,2
181038,120,118,10,40,70,10,80,0,80,0,0,1,0,0,5,0,0,0,0,1,0,0,0,17,0,0,0,0,0,0,0,0,23,1,0,0,0,0,0,11,0,1,2,0,0,17,1,0,0
181039,390,386,15,149,229,12,241,0,241,4,0,1,2,1,20,0,0,2,0,13,0,0,0,62,0,0,0,0,0,0,0,0,28,1,0,0,0,0,0,28,0,0,17,0,0,55,4,0,3
181040,111,113,20,31,61,19,80,0,80,0,0,0,1,0,1,0,0,0,0,2,0,1,0,7,0,0,0,0,2,0,0,0,7,0,0,0,0,0,0,11,0,0,3,0,0,42,2,1,0
181041,618,612,46,212,368,38,406,0,406,4,3,0,3,0,10,0,1,5,0,20,0,0,0,91,0,0,0,0,9,0,0,0,38,0,1,0,0,0,1,63,0,0,15,0,0,127,8,2,5
181042,237,234,20,80,137,20,157,0,157,4,0,0,1,0,2,1,1,8,0,2,0,0,0,24,0,1,0,0,1,0,0,1,28,0,1,0,0,0,0,29,0,0,4,0,0,46,3,0,0
181043,459,451,49,108,302,49,351,0,351,2,0,0,0,0,9,0,0,13,1,7,1,0,0,56,1,1,0,0,11,0,0,0,39,0,1,0,0,0,0,43,0,0,11,0,0,148,7,0,0
181044,231,226,15,74,143,14,157,0,157,5,0,0,0,0,11,0,0,2,0,10,0,0,0,33,0,1,0,0,1,0,0,0,19,0,1,0,0,0,0,21,0,0,9,0,0,42,0,0,2
181045,87,84,13,24,50,13,63,0,63,1,0,0,0,0,3,0,0,1,0,2,0,0,0,11,0,0,0,0,0,0,0,1,12,0,0,0,0,0,0,5,0,0,0,0,0,25,2,0,0
181046,297,295,11,100,188,9,197,0,197,2,0,0,0,0,17,0,0,5,0,6,0,0,0,35,0,0,0,0,2,0,0,1,18,0,0,0,0,0,1,38,0,0,7,0,0,60,5,0,0
181047,144,149,16,35,95,14,109,0,109,1,0,0,0,0,3,0,0,4,0,9,0,0,0,7,0,0,0,1,6,0,0,4,10,0,0,0,0,0,1,18,0,0,9,0,0,34,0,0,2
181048,249,248,10,68,173,8,181,0,181,1,0,0,0,0,4,0,0,3,0,9,0,0,0,33,0,0,0,0,0,0,0,0,28,0,0,0,0,0,0,22,0,0,10,0,0,69,2,0,0
181049,351,348,38,135,178,38,216,0,216,0,0,0,2,0,9,0,0,10,0,8,0,0,0,55,2,0,0,0,1,0,0,0,35,0,0,0,0,0,0,47,0,0,8,0,0,36,2,0,1
181050,108,107,3,21,84,3,87,0,87,4,0,0,0,0,15,0,0,4,0,1,0,0,0,6,0,0,0,0,0,0,0,0,11,0,0,0,0,0,0,19,0,0,0,1,0,23,2,0,1
181051,780,775,32,253,496,31,527,0,527,6,0,2,0,0,15,0,0,15,0,15,0,1,0,95,0,1,0,0,11,0,0,2,81,0,1,0,0,0,1,91,0,0,22,0,1,155,9,1,2
181052,546,533,46,197,303,46,349,0,349,4,0,2,0,0,5,0,1,1,0,24,1,0,1,79,0,0,0,0,3,0,0,0,53,0,2,0,0,0,1,46,0,0,12,0,0,107,4,1,2
181053,357,355,31,109,219,29,248,0,248,1,0,0,0,0,2,0,0,5,0,7,0,1,0,39,0,0,0,0,3,0,0,0,36,0,0,0,0,0,1,82,1,0,7,0,0,59,2,0,2
181054,312,314,33,70,212,30,242,0,242,4,0,1,1,0,14,0,0,3,0,13,0,0,0,57,0,1,0,0,1,0,0,0,34,0,0,0,1,0,0,25,0,0,9,0,3,66,6,0,3
181055,375,378,23,92,260,23,283,0,283,2,0,0,0,0,11,0,0,3,0,11,0,0,1,57,0,0,0,0,11,0,0,0,33,0,0,0,0,0,0,43,0,0,18,0,0,86,5,2,0
181056,195,201,28,18,149,28,177,0,177,1,0,1,0,0,9,0,0,1,0,3,0,0,0,40,0,0,0,0,3,0,0,0,35,0,0,0,0,0,0,36,0,0,1,0,0,42,3,0,2
181057,636,631,10,209,418,9,427,0,427,7,0,0,0,0,12,0,0,2,0,29,0,0,1,89,1,1,0,0,4,0,0,2,54,0,1,0,0,0,0,63,1,1,18,0,1,136,1,0,3
181058,1830,1812,41,650,1146,34,1180,0,1180,9,0,1,3,1,58,1,1,12,0,79,0,0,0,276,0,9,0,0,35,0,0,2,62,5,3,0,0,0,4,277,0,0,118,0,0,211,4,2,7
181059,2094,2059,30,760,1310,24,1334,0,1334,10,0,3,4,3,44,3,0,12,0,100,0,2,0,339,0,10,0,0,17,0,0,3,120,3,3,0,0,0,1,269,0,3,98,0,3,246,19,4,15
181060,1539,1526,35,497,1010,32,1042,0,1042,18,2,1,1,2,55,1,1,14,1,45,0,1,0,256,2,2,0,0,14,0,0,0,123,1,4,0,0,1,0,148,0,0,70,0,1,256,13,1,8
181061,639,626,56,255,331,53,384,0,384,5,0,0,0,1,16,1,0,2,0,14,0,0,0,73,1,4,1,0,2,0,0,1,39,2,0,0,0,0,1,54,0,0,14,0,0,139,11,1,2
181062,636,625,16,275,345,16,361,0,361,4,1,2,1,1,25,0,0,13,0,13,0,0,0,105,1,0,0,0,5,0,1,0,37,3,3,0,0,0,0,34,0,0,19,0,0,90,3,0,0
181063,342,342,13,103,226,13,239,0,239,0,0,0,0,0,12,0,0,2,0,10,0,0,0,52,1,0,0,0,4,0,0,1,38,0,0,0,0,0,0,39,0,1,16,1,0,58,1,1,2
181064,819,799,28,252,539,28,567,0,567,7,0,4,0,1,34,1,0,8,0,30,1,4,0,98,0,4,0,0,12,0,0,1,74,0,0,0,0,0,1,47,0,0,58,0,2,166,9,1,4
181065,174,33,10,141,23,10,33,0,33,0,0,0,0,0,0,0,0,1,0,2,0,0,0,4,0,0,0,0,1,0,0,0,4,0,0,0,0,0,0,5,0,0,0,0,0,14,1,0,1
181225,2286,2257,15,835,1437,14,1451,0,1451,16,1,2,4,1,77,0,1,26,1,72,0,5,0,472,2,0,0,0,21,0,1,1,98,1,1,0,0,1,1,195,0,1,177,1,4,239,16,1,12
181226,1581,1579,18,563,1004,14,1018,0,1018,10,1,0,3,3,84,1,0,4,1,53,0,8,0,308,0,1,0,0,18,0,0,2,65,0,2,0,0,1,0,155,0,1,133,0,0,149,7,2,6
181227,1698,1674,19,617,1063,18,1081,0,1081,18,0,1,1,2,82,1,0,25,1,61,0,2,0,345,1,2,0,0,15,0,1,3,59,0,2,0,0,1,1,140,0,1,147,0,0,161,4,0,4
181228,1338,1335,12,462,864,12,876,0,876,17,0,2,2,0,56,0,0,16,0,64,1,3,1,264,1,0,0,0,19,0,0,0,49,0,1,0,0,0,0,128,0,1,123,0,0,119,3,1,5
181229,1242,1228,7,436,799,7,806,0,806,11,0,0,1,1,59,0,0,15,0,29,1,5,1,256,0,0,0,0,7,0,0,2,57,0,5,0,0,0,0,139,1,0,83,0,0,119,10,1,3
181230,2319,2319,26,823,1480,16,1496,0,1496,16,1,7,4,1,128,1,0,15,0,69,0,4,0,492,0,1,1,1,25,0,0,0,100,0,6,0,1,1,1,234,0,2,177,2,3,185,6,0,12
181231,2049,2033,25,716,1314,19,1333,0,1333,14,1,4,5,3,92,1,0,30,0,78,0,7,1,421,0,1,0,0,13,0,1,2,61,0,2,0,0,0,0,256,0,1,182,1,3,142,6,1,4
181232,1911,1891,27,708,1185,18,1203,0,1203,12,2,0,2,0,106,0,0,15,1,52,0,8,1,376,0,0,0,0,10,0,1,1,56,0,0,0,0,0,1,197,0,1,181,1,1,167,4,1,6
181233,2283,2277,17,798,1474,11,1485,0,1485,20,2,1,4,0,98,1,0,23,0,92,0,14,0,452,0,0,1,0,17,0,0,2,55,1,1,0,0,0,0,273,0,0,180,0,1,232,10,0,5
181234,1128,1119,12,428,691,9,700,0,700,4,0,3,4,3,52,0,0,23,0,32,0,2,0,237,0,2,0,0,6,0,0,2,24,3,1,0,0,0,1,90,0,1,79,0,0,125,4,1,1
181235,1740,1719,14,647,1080,13,1093,0,1093,8,2,3,3,0,57,0,0,20,0,74,2,4,1,384,0,0,0,1,18,0,0,1,72,2,3,0,0,0,4,156,0,2,123,0,0,138,9,1,5
181236,1287,1276,15,493,780,14,794,0,794,16,1,1,0,2,55,0,0,10,1,51,0,4,0,260,0,0,1,0,4,0,0,0,34,0,2,0,0,0,0,125,0,1,90,1,0,124,5,0,6
181237,2103,2066,21,753,1333,17,1350,0,1350,16,0,2,2,1,58,1,0,23,0,99,0,7,0,382,0,2,0,1,11,0,1,0,73,0,4,0,0,0,0,281,0,4,130,1,1,232,8,1,9
181238,1854,1831,13,685,1160,9,1169,0,1169,17,2,0,1,2,59,1,0,22,2,71,0,5,1,393,1,0,0,0,19,0,1,1,77,1,5,0,0,0,2,156,0,0,124,1,3,189,10,0,3
181239,1773,1755,13,698,1064,11,1075,0,1075,17,1,0,1,0,76,1,1,15,1,63,1,2,1,359,0,1,0,0,13,0,1,0,77,0,4,0,0,1,0,145,0,1,112,0,0,176,0,1,4
181240,1893,1882,39,726,1134,33,1167,0,1167,13,1,2,3,2,61,1,0,28,0,63,0,17,1,413,0,1,0,0,12,0,0,1,63,0,2,0,0,0,3,184,1,1,104,0,1,176,5,2,6
181241,1914,1884,23,743,1154,17,1171,0,1171,21,0,0,3,2,102,0,1,27,0,65,0,8,0,397,0,1,2,0,8,0,0,1,60,2,0,0,0,0,0,168,0,2,138,0,1,155,1,1,5
181242,1335,1336,18,517,805,13,818,0,818,14,1,2,3,3,74,0,0,15,0,36,0,3,1,260,1,2,0,0,11,0,0,1,27,0,2,0,0,0,0,120,0,1,112,0,0,123,3,1,2
181243,1578,1566,19,524,1035,19,1054,0,1054,12,2,2,0,1,63,0,1,8,0,35,0,6,0,370,0,2,1,0,16,0,1,3,53,0,1,0,0,0,0,141,0,1,132,0,3,181,8,1,10
181244,1365,1351,12,463,890,12,902,0,902,14,3,0,0,1,85,1,0,10,0,51,1,4,0,247,3,1,0,1,13,0,0,0,35,3,4,0,0,0,1,143,0,0,134,0,2,131,8,1,5
181245,2100,2064,34,756,1315,29,1344,0,1344,10,0,1,5,0,101,0,1,27,0,74,0,2,0,437,0,2,1,0,16,0,0,1,71,2,5,0,0,1,2,241,1,5,180,0,1,145,7,2,3
181246,2082,2061,17,732,1338,12,1350,0,1350,14,1,0,1,2,114,0,0,28,0,66,0,6,0,404,0,0,0,0,23,0,1,0,64,1,1,0,2,0,1,236,1,1,192,0,1,173,8,0,9
181247,2256,2216,16,839,1405,12,1417,0,1417,17,2,2,2,1,176,3,0,33,0,92,2,13,0,446,2,1,0,0,13,1,0,2,65,0,2,0,0,0,0,205,0,1,175,0,3,145,6,0,7
181248,2145,2111,20,801,1329,15,1344,0,1344,15,0,1,4,0,161,1,0,24,0,61,0,7,0,421,0,2,0,0,22,1,0,1,58,3,0,0,0,0,4,263,0,1,154,1,3,128,2,2,4
181249,2277,2230,7,824,1448,5,1453,0,1453,17,3,1,0,1,156,2,0,38,0,88,1,11,0,461,2,0,0,0,13,0,0,1,60,3,1,1,0,0,1,242,1,2,194,1,0,138,7,2,5
181250,2130,2046,11,824,1295,11,1306,0,1306,11,3,2,1,1,179,1,0,29,0,75,0,5,1,419,1,0,0,0,14,0,0,1,47,0,3,0,1,0,3,239,0,2,156,2,2,95,6,0,7
181251,2160,2137,15,735,1412,13,1425,0,1425,16,5,4,3,3,114,1,0,23,0,73,0,8,1,457,1,2,1,0,17,1,0,2,80,1,6,1,1,0,1,240,0,0,167,0,3,174,10,2,7
181252,1002,990,6,379,618,5,623,0,623,8,1,1,2,0,53,1,1,15,0,19,2,4,0,219,1,1,0,0,7,0,0,2,29,1,0,1,0,0,0,90,0,0,88,0,2,69,5,0,1
181253,1533,1524,6,570,957,6,963,0,963,12,1,1,1,1,77,0,0,24,0,45,1,5,0,309,0,0,0,0,10,0,0,0,55,0,1,0,0,0,0,173,0,1,134,0,1,101,7,0,3
181254,1725,1701,15,668,1046,11,1057,0,1057,2,1,1,5,2,102,1,0,17,0,75,0,3,1,324,1,1,0,0,15,0,0,2,45,0,5,0,2,0,0,192,0,0,117,0,2,132,7,0,2
181255,1719,1715,15,630,1075,14,1089,0,1089,20,1,0,3,1,112,0,0,24,0,50,1,17,1,357,1,0,1,0,9,0,0,2,51,0,2,0,0,0,1,169,0,0,130,0,1,125,1,2,7
181256,1887,1878,23,636,1234,17,1251,0,1250,18,7,2,5,1,120,1,2,15,0,74,0,4,1,385,1,2,0,0,13,1,1,1,64,0,7,1,0,0,1,222,0,0,134,0,1,151,7,1,7
181257,1410,1389,17,542,854,14,868,0,868,14,1,1,1,0,89,0,0,15,1,58,0,4,0,255,1,0,0,0,11,0,0,0,39,1,3,0,0,0,0,173,0,0,83,0,0,113,3,1,1
181258,1779,1748,11,654,1118,7,1125,0,1125,9,1,3,3,0,94,0,0,22,0,68,0,7,0,289,0,1,1,0,16,1,1,0,66,0,2,0,1,0,1,221,0,1,151,1,4,150,4,1,6
181259,171,175,62,21,96,54,150,0,150,10,0,0,1,1,34,0,0,3,1,3,0,0,0,8,0,8,0,1,1,1,0,0,32,1,0,0,0,1,0,25,0,0,2,0,0,13,1,1,2
181260,282,221,4,84,194,4,198,0,198,2,0,0,2,0,25,1,0,3,0,17,0,1,0,19,0,1,0,0,4,0,0,0,19,2,1,0,0,0,0,44,0,1,28,0,1,21,4,0,2
181261,345,60,7,286,52,7,59,0,59,0,0,0,0,0,5,0,0,1,0,2,0,1,0,17,0,0,0,0,2,0,0,0,9,0,0,0,0,0,0,6,0,0,6,0,0,9,0,0,1
181262,150,41,12,112,31,7,38,0,38,1,0,0,0,0,2,1,0,1,0,0,0,1,0,5,0,0,0,0,1,0,0,0,5,0,0,0,0,0,0,8,0,0,2,0,0,11,0,0,0
181263,246,190,0,61,185,0,185,0,185,6,0,0,1,0,2,0,0,2,0,3,0,0,0,57,0,2,0,0,1,0,0,2,9,1,0,0,0,0,0,6,0,0,8,0,0,77,6,1,1
181264,303,231,0,74,229,0,229,0,229,7,0,0,0,0,3,0,0,2,0,3,1,0,0,76,0,0,1,0,1,0,0,1,7,1,0,1,1,0,0,10,0,0,1,0,0,92,16,1,4,31,03,2019,23,50
