180363,126,128,11,34,82,10,92,0,92,1,0,0,0,1,21,0,0,1,0,3,0,0,0,23,0,0,0,0,0,0,0,1,16,0,0,0,0,0,0,9,0,0,4,0,0,12,0,0,0
180364,390,389,13,144,233,13,246,0,246,0,0,1,0,0,26,0,0,4,0,10,0,0,0,64,0,0,0,0,3,0,0,1,20,0,0,0,0,1,0,29,0,0,26,0,1,56,2,0,2
180365,117,117,4,40,73,4,77,0,77,0,2,0,0,0,10,0,0,5,0,0,0,0,0,28,0,0,0,0,1,0,0,1,7,0,0,0,1,0,0,7,0,0,2,0,0,12,1,0,0
180366,174,171,4,76,94,4,98,0,98,0,0,0,0,0,21,0,0,1,0,3,0,0,0,27,0,0,0,0,2,0,0,0,6,0,0,0,0,0,0,11,0,0,5,0,0,19,2,0,1
180367,372,374,9,134,231,7,238,0,238,2,0,0,4,0,15,1,0,1,0,4,0,4,0,32,0,0,1,0,0,0,0,1,38,0,0,0,0,0,0,40,0,0,7,0,1,83,4,0,0
180368,237,240,25,65,149,23,172,0,172,1,0,1,0,0,10,0,0,9,0,4,0,0,0,24,0,0,0,0,7,0,0,0,25,0,0,0,0,0,0,43,0,0,7,0,0,37,1,0,3
180369,516,510,17,211,288,17,305,0,305,4,0,0,0,0,19,1,0,4,0,17,0,0,1,83,0,1,0,1,3,0,0,2,31,0,0,0,0,0,0,57,1,1,10,0,0,67,1,0,1
180370,579,570,6,204,369,6,375,0,375,3,0,1,0,0,32,0,0,5,0,10,2,1,1,107,0,0,0,0,12,0,0,1,39,0,1,1,1,0,0,53,2,0,20,0,0,75,5,0,3
180371,147,149,16,46,86,15,101,0,101,3,0,0,1,1,13,1,0,0,0,2,0,0,0,14,0,0,0,0,0,0,1,0,14,0,0,0,0,0,0,15,0,0,1,0,0,35,0,0,0
180372,102,103,12,35,56,11,67,0,67,2,1,0,0,0,3,0,0,0,0,2,0,0,0,18,0,0,0,0,0,0,0,0,15,0,0,0,0,1,0,9,0,0,1,0,0,15,0,0,0
180373,729,728,48,269,414,46,460,0,460,7,0,0,2,0,52,1,2,15,0,11,1,1,0,111,1,2,0,0,5,0,0,2,62,1,1,0,0,0,1,42,0,1,22,0,0,108,2,1,6
180374,408,410,16,135,257,16,273,0,273,5,0,0,0,1,19,0,0,4,1,6,0,0,1,88,0,2,1,0,0,0,0,1,38,2,0,0,2,0,1,38,0,0,19,1,0,38,2,2,1
180375,153,155,0,55,98,0,98,0,98,2,0,0,0,0,14,0,0,2,1,1,0,0,0,25,0,0,1,0,0,0,0,0,12,0,0,0,0,0,0,14,0,0,3,0,0,23,0,0,0
180376,186,182,8,70,108,8,116,0,116,0,0,0,0,0,7,0,0,2,0,0,0,0,0,10,0,1,0,0,0,0,0,0,22,0,0,0,0,0,0,23,0,0,4,0,0,44,3,0,0
180377,327,325,16,105,206,16,222,0,222,1,0,0,1,0,12,0,0,5,1,2,0,0,0,83,0,2,1,0,0,0,0,0,34,0,0,0,0,0,1,20,0,0,7,0,0,45,4,0,3
180378,90,92,2,37,52,1,53,0,53,3,0,0,0,0,4,0,0,3,0,2,0,0,0,12,0,0,0,0,0,0,0,0,4,0,0,0,0,0,1,14,0,0,0,0,0,10,0,0,0
180379,585,589,18,222,346,17,363,0,363,5,0,0,1,2,34,0,0,7,0,11,0,0,1,98,0,1,1,0,1,1,0,0,53,0,1,0,0,0,0,28,0,0,21,0,0,93,2,0,2
180380,1005,1004,34,374,600,31,631,0,631,8,0,1,3,0,50,0,0,13,0,24,0,0,1,193,0,1,0,0,4,0,0,1,76,2,0,0,0,0,1,79,0,0,65,0,1,96,4,3,5
180381,144,142,8,49,87,8,95,0,95,0,0,0,0,0,13,0,0,0,0,7,0,0,0,17,0,0,0,0,0,0,0,0,13,0,0,0,0,0,0,16,0,0,2,0,0,25,1,0,1
180382,252,254,19,98,137,17,154,0,154,5,0,0,0,0,17,0,0,2,0,2,0,0,0,33,0,0,0,0,0,0,0,1,26,0,0,0,0,0,0,51,0,0,3,0,0,14,0,0,0
180383,240,238,18,98,124,18,142,0,142,1,1,0,0,1,17,0,0,6,0,3,0,0,0,25,0,0,0,0,3,0,0,1,30,0,0,0,0,0,0,28,0,0,2,0,1,22,1,0,0
180384,312,310,24,115,175,22,197,0,197,3,4,0,0,0,28,0,1,3,0,7,0,0,0,29,0,0,0,0,0,0,0,1,33,1,0,1,0,0,0,34,0,0,11,0,0,32,8,0,1
180385,93,96,12,37,44,12,56,0,56,0,0,1,0,0,3,0,0,2,0,3,0,0,0,8,0,0,0,0,0,0,0,0,5,0,0,0,0,0,1,15,0,0,2,0,0,16,0,0,0
180386,81,80,0,16,65,0,65,0,65,1,0,0,0,0,1,1,1,1,0,1,0,0,0,12,0,0,0,0,0,0,0,0,14,0,0,0,0,0,0,15,0,0,1,0,0,16,1,0,0
180387,219,221,12,76,131,12,143,0,143,1,0,1,0,0,9,0,0,12,0,4,0,0,0,35,0,0,1,0,0,0,0,0,27,1,0,0,0,0,0,20,0,0,5,0,2,19,3,1,2
180388,228,230,6,84,138,6,144,0,144,2,0,0,0,0,12,0,0,2,0,10,0,0,0,52,0,1,1,0,4,0,0,0,27,0,0,0,0,0,0,11,0,0,3,0,0,16,0,0,3
180389,108,108,0,42,66,0,66,0,66,0,0,0,0,0,9,0,0,0,0,3,0,0,0,18,0,0,0,0,0,0,0,1,13,0,0,0,0,0,0,8,0,0,0,0,1,13,0,0,0
180390,192,188,7,65,120,7,127,0,127,0,1,0,0,0,8,0,0,3,0,4,0,0,0,49,1,0,0,0,1,0,0,1,18,1,0,0,0,0,0,19,1,0,3,0,0,16,0,0,1
180391,333,327,2,111,220,2,222,0,222,2,2,0,0,0,20,0,0,6,1,6,0,0,0,83,0,0,0,0,4,0,0,1,43,0,0,0,0,0,0,17,0,0,3,1,0,32,1,0,0
180392,564,564,24,216,325,23,348,0,348,3,0,2,0,0,29,2,0,5,0,14,0,0,0,84,0,3,0,0,2,0,1,0,40,0,1,0,0,0,0,52,0,0,6,0,0,100,3,0,1
180393,411,407,1,182,228,1,229,0,229,2,0,0,1,0,14,1,0,5,0,3,0,1,0,62,0,0,0,0,3,0,0,0,22,0,2,0,0,0,0,46,0,1,8,0,0,55,2,0,1
180394,123,122,1,50,72,1,73,0,73,2,0,0,0,0,0,0,0,1,0,1,0,0,0,10,0,0,0,0,0,0,0,1,9,0,1,0,0,0,0,14,0,0,3,0,0,26,3,0,2
180395,120,123,14,51,55,14,69,0,69,1,0,0,0,0,15,0,0,3,0,1,0,0,0,6,0,1,0,0,0,0,0,0,6,0,0,0,0,0,0,15,0,0,0,0,0,20,1,0,0
180396,111,114,8,43,60,8,68,0,68,1,0,0,0,0,1,0,0,2,0,1,0,0,0,3,0,1,0,0,3,1,0,2,13,0,0,0,0,0,0,6,0,0,2,0,0,31,1,0,0
180397,576,566,49,178,349,49,398,0,398,6,0,0,2,0,67,0,0,12,0,13,0,0,0,75,0,0,0,0,0,0,0,0,81,0,2,0,0,0,0,58,0,0,22,0,0,51,4,0,5
180398,105,106,9,31,65,9,74,0,74,0,0,0,0,0,14,0,0,5,0,1,0,2,0,12,0,0,0,0,0,0,0,0,11,0,0,0,0,0,0,11,0,0,2,0,0,16,0,0,0
180399,60,63,10,11,39,10,49,0,49,0,0,0,0,0,2,0,0,1,0,3,0,0,0,7,0,0,0,0,0,0,0,0,13,0,0,0,0,0,0,5,0,0,0,0,0,17,1,0,0
180400,786,787,5,401,381,4,385,0,385,4,0,0,0,1,65,1,0,7,0,11,0,0,0,64,0,0,0,0,4,0,0,0,77,1,0,0,0,0,1,59,0,0,21,0,0,62,2,0,5
180401,435,438,22,170,249,16,265,0,265,2,0,1,4,0,21,0,0,3,0,9,0,0,0,69,0,0,0,0,5,0,0,0,51,0,2,0,0,0,0,37,0,0,19,0,0,35,6,0,1
180402,57,53,0,20,37,0,37,0,37,0,0,0,0,0,2,0,0,1,0,1,0,0,0,10,0,0,0,0,0,0,0,0,3,0,0,0,0,0,0,7,0,0,0,0,0,12,1,0,0
180403,879,872,24,241,614,24,638,0,638,4,0,0,3,0,53,0,2,8,0,21,0,3,0,191,0,1,0,0,0,0,1,1,88,0,2,0,0,0,1,73,1,0,43,0,2,125,4,5,6
180404,249,248,9,98,145,6,151,0,151,2,0,0,0,0,14,0,0,7,0,1,0,6,0,37,1,0,0,0,1,0,0,0,20,0,0,0,0,0,0,26,1,0,4,0,0,28,3,0,0
180405,198,202,8,74,116,8,124,0,124,2,0,0,0,1,12,0,0,2,0,2,0,0,0,25,0,0,0,0,3,0,0,2,19,0,1,0,0,0,0,20,0,0,6,0,1,26,2,0,0
180406,216,214,20,80,117,19,136,0,136,1,0,1,0,0,16,0,0,6,0,0,0,0,0,11,0,0,0,0,3,0,0,0,28,0,0,0,0,0,1,24,1,0,2,0,0,42,0,0,0
180407,321,322,26,108,189,24,213,0,213,2,0,1,0,0,15,1,0,3,0,14,0,2,0,49,0,0,0,0,1,1,0,0,32,0,0,0,0,0,1,37,0,0,6,0,0,41,4,1,2
180408,42,41,6,12,24,6,30,0,30,0,0,0,0,0,3,0,0,0,0,0,0,1,0,1,0,0,0,0,0,0,0,0,5,0,0,0,2,0,0,10,0,0,0,0,0,8,0,0,0
180409,192,194,20,58,115,19,134,0,134,1,0,0,0,0,18,0,0,3,0,5,0,0,0,31,0,0,0,0,1,0,0,0,23,0,0,0,0,0,0,20,0,0,2,0,0,27,3,0,0
180410,408,399,9,174,226,8,234,0,234,5,3,0,1,0,17,0,0,1,0,4,0,0,0,73,0,1,0,0,3,0,0,2,30,0,0,0,0,0,0,33,0,0,15,0,0,41,3,1,1
180411,840,833,47,310,526,4,530,0,530,5,0,0,2,1,33,1,2,2,0,31,1,10,1,135,0,0,0,1,3,0,0,1,50,0,2,0,0,0,1,93,0,5,28,0,0,113,6,0,3
180412,141,139,14,26,101,14,115,0,115,1,0,0,0,1,10,0,1,1,0,3,0,8,1,29,0,0,0,0,0,0,0,0,23,0,0,0,0,0,0,10,0,0,4,0,0,21,2,0,0
180413,315,312,6,141,168,6,174,0,174,1,1,0,0,1,15,0,0,4,0,7,0,3,0,47,0,0,0,0,1,0,0,0,22,0,0,0,0,0,0,21,0,0,5,0,0,43,1,0,2
180414,93,92,1,38,54,1,55,0,55,1,0,0,0,0,7,0,0,1,0,1,0,0,0,7,0,0,0,0,5,0,1,0,11,0,0,0,0,0,0,14,0,0,2,0,0,4,1,0,0
180415,291,291,13,104,174,13,187,0,187,3,1,0,0,0,15,0,1,0,0,6,0,0,1,53,0,1,0,0,0,0,0,1,32,1,2,0,0,0,0,30,0,0,7,0,0,25,0,2,6
180416,108,105,2,49,58,1,59,0,59,0,0,0,0,0,2,0,0,5,0,0,0,0,0,12,0,0,0,0,0,0,0,0,5,0,0,0,0,0,0,14,0,0,3,1,0,17,0,0,0
180417,78,76,8,22,48,8,56,0,56,0,0,1,0,0,6,0,0,1,0,0,0,0,0,12,0,0,0,0,0,0,0,0,5,0,0,0,0,0,0,16,0,0,2,0,0,12,0,1,0
180418,1005,972,20,365,620,20,640,0,640,5,1,0,2,2,59,2,0,5,0,22,0,0,1,231,1,1,0,0,4,0,0,1,55,1,0,0,0,0,1,86,0,0,62,0,0,93,2,0,3
180419,135,122,18,47,70,18,88,0,88,1,0,2,0,0,0,0,0,3,1,0,1,0,0,33,0,0,0,0,0,0,0,1,13,1,0,0,0,0,0,11,0,0,1,0,0,16,2,0,2
180420,144,145,4,40,100,4,104,0,104,4,0,0,0,0,2,0,0,2,0,2,0,0,0,26,0,0,0,0,1,0,0,0,11,0,3,0,0,0,0,18,0,0,2,0,0,28,5,0,0
180421,246,241,6,77,163,6,169,0,169,1,1,0,0,0,8,0,0,1,0,4,0,0,0,49,0,0,0,0,0,0,0,0,21,0,0,0,0,0,1,16,0,0,8,0,0,58,0,0,1
180422,162,161,22,63,77,22,99,0,99,2,0,0,0,0,6,0,0,1,0,5,0,0,0,16,0,0,0,0,1,0,0,0,18,0,0,0,0,0,0,16,0,1,1,0,0,32,0,0,0
180423,141,140,10,46,86,9,95,0,95,3,1,0,0,0,1,0,0,1,1,2,0,0,1,22,0,0,0,1,2,0,0,0,16,0,0,0,0,0,0,17,0,0,1,1,0,23,2,0,0
180424,318,317,19,103,197,18,215,0,215,5,0,0,0,0,11,0,1,3,0,4,0,0,0,51,1,0,0,0,2,0,0,0,43,0,0,0,0,0,0,35,0,0,4,0,0,53,1,0,1
180425,183,182,10,67,107,9,116,0,116,1,0,0,0,0,13,0,0,1,0,2,0,0,0,20,0,1,0,0,1,0,0,1,26,0,0,0,0,0,1,10,0,0,3,0,0,32,1,0,3
180426,63,62,3,26,36,1,37,0,37,1,0,0,0,0,5,0,0,0,0,0,0,0,0,8,0,0,0,0,0,0,0,0,9,0,0,0,0,0,0,11,0,0,0,0,0,3,0,0,0
180427,186,184,12,67,107,12,119,0,119,1,0,1,0,0,9,0,0,0,0,2,0,0,0,19,0,0,0,0,4,0,0,0,34,0,0,0,0,0,0,11,1,0,2,0,1,34,0,0,0
180428,45,41,0,14,31,0,31,0,31,0,0,0,0,0,2,0,0,2,0,1,0,0,0,3,0,1,0,0,0,0,0,0,4,0,0,0,0,0,0,3,0,0,0,0,0,15,0,0,0
180429,348,349,26,110,214,24,238,0,238,3,0,0,0,0,21,0,0,6,0,7,0,1,0,42,0,0,0,0,2,0,0,1,38,0,0,0,0,0,0,18,0,1,11,0,0,78,7,0,2
180430,87,85,8,27,52,8,60,0,60,0,0,0,0,0,11,0,0,3,0,0,0,0,0,7,0,0,1,0,0,0,0,1,5,0,0,0,0,0,0,15,0,0,2,0,0,15,0,0,0
180431,192,190,9,75,110,7,117,0,117,1,1,0,0,0,9,0,1,3,0,2,0,0,0,35,1,0,0,0,0,0,0,0,12,0,0,0,0,0,1,16,0,0,2,0,0,32,1,0,0
180432,78,76,3,16,59,3,62,0,62,0,0,0,0,0,2,0,0,0,0,1,0,0,0,16,0,0,0,0,1,0,0,0,6,0,1,0,0,0,0,14,0,0,1,0,0,17,3,0,0
180433,99,103,4,23,72,4,76,0,76,2,0,0,0,0,6,0,0,1,0,2,0,0,0,12,0,0,0,0,0,0,0,0,8,0,0,0,0,0,0,19,0,0,6,0,1,18,1,0,0
180434,204,201,10,64,131,9,140,0,140,0,1,0,0,0,21,0,0,6,0,6,0,0,0,23,0,0,0,0,0,0,1,1,18,0,0,0,0,0,0,18,0,0,13,0,0,31,1,0,0
180435,51,47,1,15,35,1,36,0,36,0,0,0,0,0,1,0,0,1,0,1,0,0,0,2,0,0,0,0,0,0,0,0,1,0,0,0,0,0,0,11,0,0,0,0,0,18,1,0,0
180436,324,317,20,89,216,19,235,0,235,3,1,0,0,1,22,0,1,5,0,13,0,1,0,46,0,0,0,0,1,0,0,0,25,1,1,0,0,0,0,44,0,0,26,0,0,40,0,1,3
180437,522,518,4,220,298,4,302,0,302,7,2,1,0,0,70,1,0,3,0,3,0,0,0,84,0,1,0,0,0,0,0,0,37,0,0,0,0,0,0,32,0,0,4,0,2,51,4,0,0
180438,54,15,0,40,14,0,14,0,14,0,0,0,0,0,1,0,0,0,0,1,0,0,0,2,0,0,0,0,1,0,0,0,3,0,0,0,0,0,0,1,0,0,1,0,0,4,0,0,0
180439,54,22,2,34,19,1,20,0,20,0,0,0,0,0,4,0,0,0,0,0,0,0,0,1,0,0,0,0,1,0,0,0,6,0,0,0,0,0,0,2,0,0,0,0,0,6,0,0,0
180487,1662,1639,6,711,947,4,951,0,951,16,1,1,2,1,72,1,0,20,0,30,0,3,0,249,1,2,0,0,10,1,0,1,95,1,2,0,1,0,1,149,0,2,64,0,2,212,5,1,5
180488,1506,1479,5,610,892,4,896,0,896,15,0,0,4,1,55,0,0,16,0,29,0,2,1,226,0,0,1,0,8,0,0,2,127,3,1,0,0,0,1,135,1,0,68,1,8,174,6,1,10
180489,369,369,2,137,230,2,232,0,232,3,0,0,0,0,22,0,0,8,0,10,0,2,0,57,0,0,0,0,3,0,0,0,23,0,1,0,0,0,0,46,0,0,19,0,0,35,1,0,2
180490,309,304,4,123,183,3,186,0,186,4,0,0,4,0,11,0,0,5,0,9,0,5,0,40,1,0,0,0,2,0,0,0,22,0,1,0,0,0,0,49,0,0,5,0,0,23,2,2,1
180491,294,289,2,128,166,0,166,0,166,4,0,0,1,0,10,0,0,4,0,2,0,4,0,41,0,1,0,0,1,0,0,0,24,0,0,0,0,0,0,25,0,0,6,0,0,40,0,2,1
180492,1116,1108,11,439,668,9,677,0,677,10,3,0,1,0,41,1,0,6,0,21,0,2,0,205,1,1,0,0,8,0,0,2,152,0,4,0,0,0,0,110,0,0,25,0,1,77,0,1,5
180493,75,76,7,21,48,6,54,0,54,0,0,0,0,0,7,0,0,1,0,1,1,2,0,8,0,1,0,0,7,0,0,1,3,0,0,0,0,0,0,8,0,0,0,0,1,13,0,0,0
180494,99,101,9,25,65,9,74,0,74,0,0,0,0,0,4,1,0,1,0,1,0,1,0,13,0,0,0,0,1,0,0,0,12,0,0,0,0,0,0,20,0,0,1,0,0,17,2,0,0
180495,198,201,19,65,118,15,133,0,133,1,0,0,0,0,12,0,0,3,0,4,0,5,0,20,0,0,0,0,3,0,0,1,26,0,0,0,0,0,0,16,0,0,2,0,1,37,2,0,0
180496,267,266,28,121,120,26,146,0,146,2,1,0,0,0,9,1,0,4,0,11,0,4,0,27,0,2,0,0,2,0,0,0,40,0,1,0,0,0,0,21,0,0,0,0,0,19,2,0,0
180497,537,534,3,228,307,2,309,0,309,2,0,0,1,0,12,0,0,9,0,17,1,0,0,85,0,0,0,0,5,0,0,0,47,1,0,0,0,0,4,56,0,1,3,0,0,61,4,0,0
180498,255,253,0,112,143,0,143,0,143,2,0,0,1,0,7,0,0,4,0,3,0,4,0,27,0,0,0,0,1,0,0,0,28,0,0,0,0,0,1,24,0,0,3,0,1,33,1,0,3
180499,534,529,8,226,301,7,308,0,308,1,12,2,0,0,23,0,0,3,0,13,1,6,0,57,0,0,0,0,2,0,0,1,43,1,0,0,0,0,1,39,1,0,8,0,1,87,3,0,3
180500,105,103,1,47,58,0,58,0,58,0,0,0,0,0,0,0,1,0,0,0,0,0,0,9,0,0,0,0,0,0,0,0,11,0,1,0,0,0,1,9,0,0,11,0,0,15,0,0,0
180501,72,73,1,26,45,1,46,0,46,1,0,0,0,0,3,0,0,0,0,0,0,0,1,7,0,0,0,0,1,0,0,0,1,0,0,0,0,0,0,18,0,0,1,0,0,13,0,0,0
180502,246,245,13,76,157,13,170,0,170,1,1,0,0,0,3,0,1,5,0,5,0,1,0,20,0,0,0,0,0,0,0,1,18,1,0,0,0,0,0,45,0,1,9,0,1,50,4,0,3
180503,132,136,0,43,89,0,89,0,89,1,0,0,0,0,1,0,0,8,0,1,0,0,0,18,0,0,0,0,2,0,0,1,7,1,0,0,0,0,0,24,0,0,1,0,0,23,1,0,0
180504,288,283,3,132,154,2,156,0,156,0,1,1,1,0,12,1,0,2,0,2,0,0,0,40,0,0,0,0,0,0,0,1,15,1,0,0,1,0,0,42,0,0,3,0,1,27,2,1,2
180505,639,634,3,246,391,2,393,0,393,2,0,1,1,0,78,0,0,5,0,8,0,1,0,87,1,0,0,0,4,0,0,1,71,0,1,0,0,0,1,42,0,0,9,1,0,75,1,0,3
180506,114,110,5,64,45,5,50,0,50,0,0,0,0,0,5,0,0,0,0,0,0,0,0,6,0,1,0,0,0,0,0,0,21,1,0,0,0,0,0,4,0,0,1,0,0,9,2,0,0
180507,261,259,1,98,162,1,163,0,163,0,1,0,1,0,9,0,0,0,0,3,0,1,0,44,0,0,0,0,2,0,0,0,17,0,0,0,0,0,0,21,0,0,3,0,0,61,0,0,0
180508,306,300,3,124,179,3,182,0,182,3,0,0,1,0,11,0,0,7,0,2,0,0,0,28,0,0,0,0,2,0,0,0,59,0,0,0,0,0,0,31,0,1,9,0,0,26,1,0,1
180509,429,426,23,176,232,21,253,0,253,1,0,0,1,0,22,0,0,3,0,2,1,1,0,38,0,0,0,0,9,0,0,2,35,0,0,0,0,0,1,46,0,0,21,0,0,66,3,0,1
180510,723,712,8,302,417,4,421,0,421,1,0,0,2,0,22,0,0,5,0,13,0,0,0,76,0,1,1,0,2,0,1,1,74,2,0,0,1,0,0,106,0,0,15,1,0,88,4,1,4
180511,495,484,0,221,274,0,274,0,274,2,0,1,0,1,22,0,0,5,1,18,0,0,0,60,0,3,0,0,5,0,0,1,67,0,0,0,0,0,0,52,0,1,7,0,0,26,1,0,1
180512,402,394,27,199,178,25,203,0,203,0,2,0,0,0,18,0,1,5,0,3,0,1,0,26,0,0,0,0,3,0,0,0,36,0,1,0,0,0,2,45,0,0,6,0,3,47,3,0,1
180513,678,670,2,312,364,2,366,0,366,3,1,0,1,0,17,1,0,14,0,7,0,0,0,48,0,2,0,0,3,0,0,0,47,0,0,0,0,0,0,54,0,0,8,0,1,144,4,1,10
180514,288,283,0,120,168,0,168,0,168,0,0,0,0,0,17,0,0,6,0,11,0,0,0,25,0,0,0,0,0,0,0,0,19,0,0,0,1,0,0,20,0,0,14,0,0,50,1,2,2
180515,234,231,4,88,142,4,146,0,146,2,0,0,0,0,5,0,0,7,0,6,0,0,0,19,0,1,0,0,5,0,0,1,32,0,0,0,0,0,0,28,0,0,8,0,0,32,0,0,0
180516,219,216,1,95,123,1,124,0,124,4,0,0,0,0,5,0,0,0,0,2,0,1,0,25,0,0,0,0,5,0,0,0,23,0,0,0,0,0,0,25,0,0,1,0,0,29,3,1,0
180517,102,20,1,82,19,1,20,0,20,0,0,0,0,0,3,0,0,1,0,5,0,0,0,3,0,0,0,0,0,0,0,0,1,0,0,0,0,0,0,2,0,0,0,0,0,4,1,0,0
180707,1728,1694,19,631,1081,16,1097,0,1097,11,3,1,4,2,160,1,0,15,0,51,0,0,0,298,0,0,0,0,6,0,0,2,128,0,2,0,0,0,1,167,0,0,92,0,0,140,6,0,7
180708,1797,1774,13,673,1116,8,1124,0,1124,15,1,2,1,3,114,1,1,18,0,71,0,2,1,322,1,1,1,0,4,0,0,0,135,1,6,0,1,0,1,129,0,3,99,0,0,179,4,0,7
180709,2190,2136,30,872,1294,24,1318,0,1318,10,3,2,7,1,176,1,0,24,0,50,0,0,1,334,1,1,0,0,15,0,1,1,124,3,1,0,0,0,0,189,0,7,114,0,2,234,8,1,7
180710,2280,2228,12,854,1416,10,1426,0,1426,22,2,3,2,5,178,1,1,28,1,66,0,0,0,388,0,0,0,0,8,1,0,1,136,1,3,0,0,0,0,191,0,2,166,0,1,212,5,0,2
180711,1095,1089,19,391,689,15,704,0,704,5,1,0,2,1,92,1,0,14,0,26,0,1,0,219,0,0,0,0,1,2,0,3,86,0,1,0,0,1,0,65,0,0,55,0,0,118,7,1,2
180712,1248,1227,5,517,728,3,731,0,731,7,1,0,0,1,134,0,0,15,0,25,0,1,0,200,1,0,0,0,5,0,0,0,77,1,0,0,1,0,0,100,0,2,51,0,1,99,3,0,6
180713,2310,2262,14,874,1424,12,1436,0,1436,14,1,5,5,1,255,1,1,32,0,59,0,0,0,416,1,0,1,1,12,1,2,0,98,0,2,0,0,0,2,164,0,2,143,1,0,200,6,1,9
180714,549,542,32,178,339,32,371,0,371,3,0,0,0,2,34,1,0,9,0,7,0,0,0,97,1,0,0,0,2,0,0,0,58,1,2,0,0,0,1,44,0,1,12,0,3,90,2,0,1
180715,294,292,22,87,185,22,207,0,207,1,0,0,0,0,18,0,0,3,0,10,0,0,0,42,0,2,0,0,0,0,0,3,26,1,1,0,0,0,0,31,0,0,5,0,2,55,4,0,3
180716,420,420,12,142,266,12,278,0,278,1,1,0,0,0,23,0,0,3,1,15,0,0,0,87,0,0,0,0,3,0,0,0,42,0,0,0,0,0,0,30,0,0,17,0,1,51,2,0,1
180717,258,257,14,36,208,14,222,0,222,6,0,0,0,0,13,2,1,2,0,15,0,0,0,27,0,0,0,0,0,0,0,0,31,0,0,0,0,0,2,55,0,1,14,0,3,49,0,0,1
180718,441,439,18,54,369,18,387,0,387,5,0,0,1,0,31,1,0,9,0,15,0,0,1,39,0,0,0,0,0,0,0,2,54,1,0,0,0,0,1,120,0,2,7,0,0,90,5,1,2
180719,1260,1249,20,514,726,20,746,0,746,13,0,2,0,2,65,0,0,13,0,29,0,0,0,208,0,1,0,0,2,0,0,2,81,0,1,0,0,0,0,97,0,0,28,1,0,185,9,1,6
180720,111,112,6,49,57,5,62,0,62,0,0,0,0,0,12,0,0,0,0,1,0,0,0,7,0,0,0,0,0,0,0,0,11,0,0,0,0,0,0,13,0,0,0,0,0,18,0,0,0
180721,141,140,0,57,84,0,84,0,84,0,0,2,0,0,5,0,0,1,0,6,0,0,1,26,0,0,0,0,2,0,0,1,11,0,0,0,0,0,0,17,0,0,2,0,0,10,0,0,0
180722,600,587,13,268,319,13,332,0,332,3,1,0,0,0,37,0,0,17,0,10,0,0,0,86,0,0,0,0,1,0,0,2,61,0,1,0,0,1,0,42,0,0,12,0,1,52,2,1,2
180723,291,291,12,132,147,12,159,0,159,2,0,1,0,1,18,0,2,13,1,8,0,0,0,35,0,0,0,0,3,0,0,0,26,1,0,0,0,0,0,16,1,0,1,1,0,26,2,0,1
180724,123,120,9,39,75,9,84,0,84,2,0,0,0,0,17,0,0,0,0,7,0,0,0,8,0,0,0,0,0,0,0,0,23,0,0,0,0,0,0,12,0,0,3,0,0,12,0,0,0
180725,90,94,7,30,54,6,60,0,60,0,0,0,0,0,1,0,0,2,0,4,0,0,0,7,0,0,0,0,1,0,0,1,8,0,0,0,0,0,0,11,0,0,0,0,1,24,0,0,0
180726,558,547,6,188,364,6,370,0,370,5,0,1,0,0,69,1,0,6,0,13,0,0,0,82,0,0,0,0,7,0,0,1,67,0,0,0,0,0,0,45,0,0,6,0,0,62,2,1,2
180727,261,255,9,83,169,9,178,0,178,1,2,0,0,0,9,0,1,9,0,7,0,0,0,29,0,1,0,0,3,0,0,2,49,1,1,0,0,0,0,32,0,0,6,0,0,18,3,0,4
180728,444,431,4,171,269,4,273,0,273,3,0,0,1,0,31,1,0,11,0,4,0,0,0,73,0,0,0,0,2,0,0,0,55,0,0,0,0,1,1,25,0,0,10,0,0,55,0,0,0
180729,33,31,1,13,19,1,20,0,20,0,0,0,0,0,5,0,0,0,0,0,0,0,0,0,0,0,0,0,0,0,0,0,4,0,0,0,0,0,0,6,0,0,0,0,0,5,0,0,0
180730,330,333,27,98,205,27,232,0,232,2,0,0,0,1,37,0,0,6,0,4,0,0,0,41,0,1,0,0,0,0,1,1,60,0,1,0,0,0,1,24,0,0,2,1,0,48,1,0,0
180731,561,554,25,209,328,24,352,0,352,5,0,0,0,2,58,0,0,10,0,8,0,0,0,70,0,2,0,0,2,1,0,1,60,0,0,0,0,0,0,44,0,0,4,0,0,75,7,0,3
180732,168,168,19,24,126,18,144,0,144,4,0,0,0,0,2,0,0,3,1,5,0,1,2,45,0,0,0,0,4,0,0,1,18,0,0,0,0,0,0,19,0,0,4,0,0,35,0,0,0
180733,999,988,7,385,608,6,614,0,614,11,3,0,0,0,27,1,0,9,0,12,0,0,0,147,0,3,1,0,1,0,0,3,93,3,0,1,0,0,1,110,0,1,7,0,1,162,10,3,4
180734,135,136,0,33,102,0,102,0,102,1,0,0,0,1,9,0,0,1,0,2,0,0,0,18,0,0,0,0,0,0,0,0,13,0,0,0,0,0,0,12,0,0,0,0,0,40,5,0,0
180735,276,272,19,98,159,19,178,0,178,2,0,0,1,0,23,0,0,7,0,7,0,0,0,18,1,0,0,0,0,0,1,0,23,0,0,0,1,0,0,25,0,0,6,0,0,59,4,0,0
180736,123,126,15,43,66,14,80,0,80,1,0,0,0,0,9,0,0,0,0,3,0,0,0,2,0,0,0,0,1,0,0,1,13,1,0,0,0,0,0,11,0,0,0,0,0,35,1,0,2
180737,450,444,26,133,293,24,317,0,317,3,0,0,1,0,21,0,0,1,0,8,0,0,0,50,0,0,1,1,2,0,0,1,30,1,0,0,0,0,0,69,2,2,4,0,1,115,4,0,0
180738,210,207,10,49,155,6,161,0,161,0,0,0,0,1,3,0,0,3,0,6,0,0,0,11,0,0,0,0,2,0,0,1,7,0,0,0,0,1,1,81,0,0,1,0,0,42,1,0,0
180739,45,42,1,6,38,1,39,0,39,0,0,0,0,0,11,0,0,0,0,3,0,0,0,0,0,0,0,0,0,0,0,0,4,0,0,0,0,0,0,6,0,0,0,0,2,13,0,0,0
180740,129,130,4,27,98,4,102,0,102,1,0,0,0,0,11,0,0,0,0,4,0,1,0,11,0,0,0,0,0,0,0,1,17,0,0,0,0,0,0,15,0,0,0,0,3,36,1,0,1
180741,261,255,1,116,144,1,145,0,145,3,0,0,0,0,9,0,0,4,0,5,0,0,0,23,0,0,0,0,1,0,0,0,30,0,0,0,0,0,0,26,0,0,7,0,2,35,0,0,0
180742,390,380,1,143,246,1,247,0,247,7,0,0,3,0,8,0,0,4,0,9,0,0,0,62,0,0,0,0,2,0,0,2,18,0,0,0,0,0,0,37,0,0,2,0,1,84,5,1,2
180743,1128,1114,12,454,663,11,674,0,674,17,1,1,0,1,41,1,0,11,0,22,0,0,0,147,1,3,0,0,9,2,0,2,62,1,4,0,1,0,2,108,0,0,15,0,2,211,6,0,3
180744,792,787,40,270,482,40,522,0,522,9,0,1,4,0,31,2,1,12,1,20,0,1,0,128,4,0,1,0,2,0,0,2,65,0,0,0,1,0,0,111,0,0,19,0,2,89,12,1,3
180745,393,387,34,122,241,30,271,0,271,0,0,1,0,0,14,0,0,6,0,6,0,0,0,71,0,1,0,0,3,0,0,0,70,0,2,0,0,0,0,36,0,0,4,0,0,55,0,0,2
180746,171,172,10,39,122,10,132,0,132,1,0,0,0,0,12,0,0,3,0,3,0,0,0,24,0,0,0,0,2,0,0,0,12,0,0,0,0,0,0,29,0,0,5,0,0,39,2,0,0
180747,261,262,25,64,175,22,197,0,197,1,0,1,0,0,8,0,0,5,0,7,0,0,0,47,0,0,0,0,6,0,0,0,30,0,0,0,0,0,1,28,0,0,7,0,0,55,1,0,0
180748,132,136,6,46,84,2,86,0,86,2,1,0,1,0,8,0,0,2,0,2,0,0,0,12,0,0,0,0,3,0,0,1,23,0,0,0,0,0,0,12,1,1,0,0,0,17,0,0,0
180749,171,171,15,51,105,15,120,0,120,1,0,0,0,0,5,0,1,2,0,7,0,0,0,23,0,0,0,0,2,1,0,1,22,1,0,0,0,0,0,20,0,0,2,1,0,29,2,0,0
180750,159,153,11,61,87,11,98,0,98,0,0,0,0,0,13,0,0,4,0,4,0,0,0,13,0,0,0,0,2,0,0,0,11,0,0,0,0,0,0,20,0,0,5,0,0,26,0,0,0
180751,972,965,17,279,676,17,693,0,693,12,1,0,1,1,25,0,0,8,0,22,0,0,0,103,0,5,0,0,2,0,1,0,111,1,4,0,1,0,5,136,1,0,5,0,0,235,9,1,3
180752,24,21,0,5,19,0,19,0,19,0,0,0,0,0,1,0,0,0,0,0,0,0,0,0,0,0,0,0,0,0,0,0,3,0,0,0,0,0,0,3,0,0,2,0,0,10,0,0,0
180753,1044,1029,9,439,597,8,605,0,605,10,0,0,0,1,84,1,0,7,0,11,0,1,0,177,1,1,0,0,1,0,0,1,107,1,0,0,0,1,0,65,0,0,24,0,1,103,3,0,4
180754,354,339,8,163,184,7,191,0,191,3,0,0,0,0,18,0,0,1,0,3,0,0,0,64,0,1,0,0,2,0,0,0,28,1,0,0,0,0,0,8,0,0,8,0,0,49,5,0,0
180755,234,225,10,72,153,9,162,0,162,3,0,0,0,0,21,0,0,1,0,4,0,0,0,35,0,0,0,0,4,0,0,1,21,1,1,0,0,0,1,22,0,0,11,0,0,36,0,0,0
180756,63,63,4,26,33,4,37,0,37,1,0,0,0,0,2,0,0,2,0,3,0,0,0,3,0,0,0,0,2,0,0,0,5,0,0,0,0,0,0,9,0,0,0,0,0,10,0,0,0
180757,126,128,9,23,94,9,103,0,103,1,0,0,1,1,14,1,0,2,0,0,0,1,0,16,0,1,0,0,4,0,0,2,23,0,0,0,0,0,0,7,0,0,0,0,0,27,2,0,0
180758,213,208,11,68,134,11,145,0,145,3,1,1,0,0,9,0,0,2,0,10,0,0,0,31,0,1,0,0,0,0,0,0,22,0,0,0,0,1,0,42,0,0,1,0,1,19,0,1,0
180759,222,219,9,58,155,9,164,0,164,1,0,0,2,0,21,0,1,1,0,8,0,0,0,50,0,0,0,0,1,0,1,0,23,0,0,1,0,0,0,13,0,0,9,0,1,29,2,0,0
180760,564,557,39,191,334,39,373,0,373,6,0,0,1,0,43,0,0,9,0,8,0,0,0,77,0,2,0,0,0,0,0,3,50,0,1,0,0,0,0,62,0,0,13,0,0,91,5,0,2
180761,54,53,10,14,30,10,40,0,40,0,0,0,0,0,1,0,0,2,0,6,0,0,0,2,0,0,0,0,0,0,0,0,10,0,0,0,0,0,1,12,0,0,2,0,0,4,0,0,0
180762,996,983,61,394,553,49,602,0,602,6,0,2,1,1,42,2,0,7,0,19,0,0,1,142,0,3,1,0,2,0,0,2,130,1,1,0,0,0,1,68,0,1,14,1,1,143,7,0,3
180763,87,85,4,17,66,4,70,0,70,1,0,0,0,0,3,0,0,0,0,4,0,0,0,9,0,0,0,0,0,0,0,0,2,0,0,0,0,0,0,23,0,0,0,0,0,27,1,0,0
180764,54,55,3,21,30,3,33,0,33,1,0,0,0,0,2,1,0,0,0,0,0,0,0,0,0,0,0,0,1,0,0,0,1,0,0,0,0,0,0,9,0,0,0,0,1,17,0,0,0
180765,129,128,17,31,81,17,98,0,98,1,0,0,0,0,6,0,0,1,0,2,0,1,0,4,0,0,0,0,0,0,0,0,8,0,0,0,0,0,0,20,0,0,3,0,0,48,2,1,1
180766,639,632,16,197,429,13,442,0,442,4,0,0,0,0,63,0,0,6,0,16,0,0,1,123,0,0,0,0,0,0,1,0,47,2,0,0,0,0,0,64,0,1,31,0,0,73,5,2,3
180767,120,125,5,35,80,5,85,0,85,3,1,0,0,0,9,0,0,0,0,0,0,0,0,18,0,0,0,0,1,0,0,0,18,0,0,0,0,0,1,10,0,0,7,0,0,17,0,0,0
180768,87,70,13,27,48,12,60,0,60,0,0,0,0,0,4,0,0,1,0,1,0,0,0,7,0,0,0,0,0,0,0,0,12,1,0,0,0,0,0,6,0,0,0,0,0,24,4,0,0
180769,525,515,36,176,313,36,349,0,349,2,0,2,3,0,26,0,0,7,0,14,0,1,0,93,0,3,0,0,1,0,0,1,74,0,0,0,0,0,0,35,0,0,11,0,1,69,4,1,1
180770,576,567,32,154,390,32,422,0,422,4,1,1,1,0,22,0,0,5,0,5,0,2,0,63,0,1,0,0,2,1,0,4,104,1,0,0,0,0,0,62,0,0,10,0,2,118,10,0,3
180771,339,262,25,77,237,25,262,0,262,10,0,0,0,0,27,0,0,1,0,8,0,0,0,37,0,0,0,0,0,0,0,0,61,0,0,0,0,0,0,41,0,0,4,0,0,70,0,0,3
180772,261,253,16,68,179,14,193,0,193,1,0,0,0,0,23,0,0,3,0,1,0,0,0,39,0,3,0,0,0,0,0,0,48,1,0,0,0,0,0,27,0,0,2,0,0,44,0,1,0
180773,150,151,16,39,96,15,111,0,111,0,0,0,0,0,18,0,0,9,1,2,0,0,0,17,0,0,0,0,0,0,0,0,19,0,0,0,0,0,1,13,0,0,2,0,1,26,2,0,0
180774,75,74,4,15,56,4,60,0,60,0,0,0,0,0,8,0,0,2,0,2,0,0,0,4,0,0,0,0,0,0,0,1,17,1,0,0,0,0,0,7,0,0,1,0,1,16,0,0,0
180775,75,76,0,15,60,0,60,0,60,0,0,0,0,0,7,0,0,0,0,1,0,0,0,7,0,1,0,1,1,0,0,0,12,0,0,0,0,0,0,9,0,0,2,0,0,19,0,0,0
180776,105,110,6,21,78,6,84,0,84,0,0,0,1,0,9,0,0,1,0,4,0,0,0,8,0,0,0,0,0,0,0,1,7,0,0,0,0,0,1,15,0,0,0,0,0,35,1,0,1
180777,246,240,21,87,138,21,159,0,159,4,0,0,0,0,8,0,0,0,0,5,0,1,0,31,0,1,0,0,0,0,0,2,16,0,0,0,0,0,1,41,0,0,0,0,0,46,3,0,0
180778,276,279,13,91,175,10,185,0,185,2,0,0,0,0,12,0,0,4,0,6,0,0,0,32,0,2,0,0,1,0,0,1,25,0,0,0,0,0,0,19,1,0,1,0,1,74,3,0,1
180779,738,728,16,303,420,15,435,0,435,8,0,1,0,1,42,0,0,10,0,22,0,0,0,119,2,1,1,0,1,0,1,1,36,0,3,0,1,0,0,37,0,0,17,0,1,122,7,0,1
180780,519,514,10,215,295,9,304,0,304,0,1,0,2,0,15,0,1,8,1,27,0,0,0,74,0,1,0,1,0,0,0,0,44,0,0,0,0,0,1,35,0,0,5,0,0,83,4,0,1
180781,651,639,13,290,348,13,361,0,361,7,0,2,0,0,54,0,0,5,1,17,0,0,0,91,0,1,0,0,4,0,0,0,78,0,2,0,0,0,0,40,0,0,11,0,0,43,4,0,1
180783,594,584,24,218,353,23,376,0,376,4,1,0,0,0,16,0,0,6,0,16,0,0,0,71,0,0,0,0,3,0,0,1,75,0,2,0,0,0,2,91,0,0,11,0,3,71,2,0,1
180784,285,289,16,121,150,14,164,0,164,1,0,1,0,1,12,0,0,3,0,12,0,0,0,37,1,2,0,0,1,0,0,0,28,0,1,0,0,0,0,22,0,0,3,0,0,37,1,0,1
180785,216,212,10,71,135,10,145,0,145,0,0,0,0,1,15,1,0,6,0,4,0,0,0,34,0,0,0,0,0,0,0,0,25,0,0,0,0,0,0,27,0,0,0,0,1,29,1,0,1
180786,147,139,6,49,92,6,98,0,98,0,0,0,0,0,7,0,0,0,0,3,0,0,0,8,0,0,0,0,2,0,0,0,12,0,0,0,0,0,0,19,0,0,2,0,0,43,2,0,0
180787,105,103,12,29,64,12,76,0,76,0,0,0,0,0,4,0,0,0,0,8,0,0,0,2,0,1,0,0,8,0,0,0,13,0,0,0,0,0,1,10,0,0,1,0,0,26,2,0,0
180788,51,49,0,27,24,0,24,0,24,0,0,0,0,0,1,0,0,0,0,2,0,0,0,3,0,0,0,0,1,0,0,0,2,0,0,0,0,0,0,4,0,0,0,0,0,11,0,0,0
180789,804,788,43,335,427,42,469,0,469,8,2,3,2,2,36,0,0,5,0,20,0,1,0,122,0,0,0,0,1,0,1,3,72,1,4,0,0,0,1,64,1,0,38,0,1,80,0,1,0
180790,72,72,5,36,32,4,36,0,36,1,1,0,0,0,7,0,0,0,0,0,0,0,0,5,0,0,0,0,0,0,0,1,5,0,0,0,0,0,0,2,0,0,0,0,1,13,0,0,0
180791,228,218,21,65,145,18,163,0,163,5,0,0,1,1,9,0,0,3,0,3,0,0,0,51,0,0,0,0,4,0,0,1,30,0,0,0,0,0,0,25,0,0,4,0,0,24,2,0,0
180792,195,194,5,71,119,5,124,0,124,1,0,0,1,0,8,0,0,4,0,3,0,0,0,26,0,0,0,0,1,0,0,0,25,0,1,0,0,0,1,21,0,0,0,0,0,30,1,0,1
180793,120,117,9,33,79,8,87,0,87,0,0,0,0,0,2,0,0,1,1,4,0,1,0,4,0,0,1,0,0,0,0,1,9,0,0,0,0,0,2,34,0,0,2,0,5,19,1,0,0
180794,252,248,14,76,163,13,176,0,176,3,0,0,1,0,13,0,0,0,0,2,0,0,0,26,0,0,0,0,1,0,1,4,48,0,0,0,0,0,1,32,0,0,4,0,0,38,1,0,1
180795,252,251,29,52,172,28,200,0,200,3,0,0,1,0,17,0,0,1,0,2,0,0,0,15,0,1,0,0,3,0,0,2,20,0,0,0,0,0,0,22,0,0,2,0,0,104,6,1,0
180796,480,470,20,193,267,20,287,0,287,2,1,1,0,0,23,1,0,5,0,4,0,0,0,72,0,0,0,1,1,0,0,2,47,0,0,0,1,0,0,50,0,0,5,0,0,67,3,1,0
180797,186,181,17,67,102,17,119,0,119,2,0,1,1,0,8,0,0,0,0,5,0,0,0,22,0,0,1,0,4,0,0,0,24,0,0,0,0,0,0,19,0,0,4,0,0,27,1,0,0
180799,1959,1916,16,873,1071,15,1086,0,1086,12,2,1,2,1,105,2,0,32,0,36,0,1,1,317,0,2,0,1,2,2,0,1,99,1,4,0,0,0,0,130,1,3,92,0,0,216,12,4,4
180800,627,626,9,300,319,8,327,0,327,1,0,0,0,0,33,0,0,2,0,14,0,1,0,81,2,2,0,0,5,2,0,1,74,0,0,0,0,0,0,46,1,0,8,0,0,47,5,1,1
180801,261,258,6,111,145,5,150,0,150,0,0,0,1,0,11,0,0,3,0,1,0,0,0,41,0,0,0,0,1,0,0,0,38,2,0,0,0,0,0,18,0,0,6,0,0,27,1,0,0
180802,117,119,4,32,81,4,85,0,85,2,1,0,0,1,4,1,1,7,0,2,0,0,0,9,0,0,0,0,0,0,0,1,24,0,0,0,0,0,0,12,0,0,2,0,0,17,0,1,0
180803,234,37,8,197,29,8,37,0,37,0,0,0,1,0,2,0,0,0,0,2,0,0,0,6,0,1,0,0,0,0,0,1,6,0,0,0,0,0,0,5,0,0,1,0,0,11,0,0,1
180804,99,23,5,76,18,5,23,0,23,1,0,0,0,0,1,0,0,0,1,4,0,0,0,3,0,0,0,0,0,0,0,0,2,0,0,0,1,0,0,3,1,0,0,1,0,5,0,0,0
180805,141,85,2,97,42,2,44,0,44,1,0,0,1,0,8,0,1,0,0,1,0,0,0,3,0,0,0,0,0,0,0,0,9,0,0,0,0,0,0,7,0,0,1,0,0,12,0,0,0
180806,600,594,18,254,329,17,346,0,346,3,0,0,0,1,13,0,0,1,0,28,0,0,0,82,0,2,0,0,8,2,0,2,56,1,1,0,0,0,0,59,0,1,16,0,1,63,3,1,2
180807,480,474,2,215,263,2,265,0,265,0,0,0,0,0,25,0,0,1,1,13,0,0,0,81,0,0,1,0,0,0,0,1,24,0,1,0,0,0,1,58,1,1,16,0,0,33,4,0,3
180809,426,421,2,174,250,2,252,0,252,0,0,0,0,0,10,0,0,5,0,16,0,0,0,52,0,0,0,0,0,0,0,0,48,0,0,0,0,0,1,53,0,1,12,0,1,48,2,2,1
180810,177,178,1,56,121,0,121,0,121,1,0,0,0,0,5,0,0,3,0,0,0,1,1,14,0,0,0,0,0,0,0,0,21,1,0,0,0,0,0,22,0,0,0,0,0,49,3,0,0
180811,132,131,1,32,99,1,100,0,100,2,0,0,0,0,12,1,0,3,0,2,0,0,0,13,0,0,0,0,0,0,0,0,22,0,0,0,0,0,0,21,0,0,4,0,0,19,1,0,0
180812,1050,1035,4,606,440,4,444,0,444,8,1,1,2,1,26,0,0,4,0,23,0,0,1,170,0,3,0,0,3,0,0,1,45,0,2,0,0,0,2,55,1,0,10,0,3,74,7,0,1
180813,1323,1290,2,648,673,2,675,0,675,9,1,0,2,0,75,1,0,10,0,47,1,0,1,240,0,0,0,0,3,0,0,1,72,0,3,0,0,0,1,78,0,0,18,0,0,102,6,1,3
180814,498,492,0,187,311,0,311,0,311,7,0,0,1,2,10,1,0,7,1,4,0,0,0,60,0,2,0,0,2,0,0,2,62,0,2,0,0,0,2,85,0,0,12,0,0,45,2,1,1
180816,1098,1089,2,491,606,1,607,0,607,6,1,2,0,1,32,0,0,4,0,28,1,0,1,118,0,0,0,0,0,0,0,0,189,0,3,0,0,0,2,82,0,0,35,0,2,92,4,1,3
180817,555,550,0,227,328,0,328,0,328,3,0,3,0,1,9,2,0,5,0,4,1,0,2,69,1,0,0,0,1,0,1,2,54,1,0,0,1,0,1,96,0,0,6,0,0,54,4,3,4
180818,45,43,0,15,30,0,30,0,30,0,0,0,0,0,5,0,0,2,0,0,0,0,0,2,0,0,0,0,0,0,0,0,1,0,0,0,0,0,0,12,0,0,0,0,0,8,0,0,0
180819,75,75,1,22,53,0,53,0,53,1,0,0,0,0,3,0,0,3,0,0,0,0,0,12,0,0,0,0,0,0,0,1,4,0,0,0,0,0,1,7,0,0,1,0,0,19,1,0,0
180820,36,37,0,10,26,0,26,0,26,0,0,0,0,0,2,0,0,1,0,1,0,0,0,1,0,0,0,0,0,0,0,0,3,0,0,0,0,0,0,13,0,0,0,0,0,5,0,0,0
180821,1062,1050,11,304,747,11,758,0,758,13,0,0,0,0,75,0,0,9,1,16,0,1,1,175,2,2,0,0,4,0,0,1,106,1,0,0,1,0,3,113,1,1,31,2,3,176,18,0,2
180823,390,383,1,164,226,0,226,0,226,3,0,1,0,0,20,0,0,2,0,3,0,0,0,44,0,0,0,0,0,0,0,0,48,0,0,0,0,0,0,28,0,0,16,0,0,56,5,0,0
180824,174,169,3,71,100,3,103,0,103,0,0,0,0,0,13,0,0,3,0,4,0,0,0,15,0,0,0,0,1,0,0,0,27,0,0,0,0,0,0,11,0,0,3,0,0,26,0,0,0
180825,282,280,0,81,201,0,201,0,201,2,0,0,0,0,14,0,0,12,0,3,0,0,0,28,0,0,0,0,2,0,1,3,33,0,0,0,0,0,1,24,0,0,5,0,1,69,2,1,0
180827,738,731,2,248,488,2,490,0,490,6,0,0,0,0,26,0,0,3,0,7,0,0,1,99,0,1,0,1,1,1,0,1,167,0,0,0,0,0,2,51,0,0,11,1,4,95,10,0,2
180828,141,139,0,48,93,0,93,0,93,3,0,0,0,0,5,0,0,2,0,1,0,0,0,13,0,0,0,0,0,0,0,0,32,1,0,0,0,0,1,8,1,0,1,0,0,25,0,0,0
180829,1185,1168,20,449,716,20,736,0,736,5,0,0,0,0,60,0,2,11,0,16,0,1,1,161,2,2,1,0,9,0,0,3,203,0,0,0,3,0,0,64,0,2,47,0,0,126,7,2,8
180830,207,208,1,31,175,1,176,0,176,3,0,0,0,0,14,0,0,9,0,2,0,0,0,38,0,0,0,0,1,0,0,1,49,3,0,0,0,0,0,16,0,0,9,0,0,28,3,0,0
180831,108,110,0,25,83,0,83,0,83,0,0,1,0,0,20,0,1,5,0,2,0,1,0,12,0,0,0,0,0,0,0,0,11,0,0,0,0,0,0,9,0,0,0,0,0,19,0,2,0
180832,246,242,1,74,171,1,172,0,172,1,0,1,0,1,7,0,0,4,0,7,0,0,0,53,0,0,0,0,2,0,0,1,24,1,0,0,0,1,0,37,0,0,11,0,0,18,2,0,1
180833,501,485,14,198,289,14,303,0,303,3,1,0,0,0,16,0,2,2,1,5,0,0,0,92,0,1,0,0,0,0,0,6,67,0,1,1,0,0,1,42,1,0,17,0,2,37,2,2,1
180834,783,778,12,230,541,12,553,0,553,1,0,0,3,1,38,0,1,9,0,32,0,0,0,174,0,0,0,0,0,1,0,3,55,0,1,0,0,0,1,78,0,0,55,0,1,92,3,0,4
180835,639,635,11,178,450,11,461,0,461,5,1,1,1,0,19,0,0,4,0,7,0,0,0,108,1,2,1,0,0,0,0,1,105,0,0,0,0,1,1,95,0,1,8,0,0,94,5,0,0
180836,252,257,8,74,170,8,178,0,178,0,0,0,1,0,9,0,0,3,0,2,0,0,0,39,0,1,0,0,0,0,0,2,37,0,0,0,0,0,0,41,0,0,5,0,0,35,2,0,1
180837,486,480,2,138,346,2,348,0,348,2,0,0,0,1,15,1,0,2,0,6,0,1,0,69,0,1,0,1,0,0,0,5,98,0,2,0,0,0,2,38,0,0,12,0,0,84,3,2,3
180838,183,181,8,58,117,8,125,0,125,4,0,0,1,0,11,1,0,5,0,13,0,0,0,13,0,1,0,0,0,0,0,1,27,0,0,0,0,0,0,14,1,0,4,0,0,28,1,0,0
180839,165,165,0,37,128,0,128,0,128,2,0,0,0,0,9,0,0,6,0,1,0,0,0,11,0,0,0,0,0,0,0,2,31,0,0,0,0,0,0,10,0,0,1,0,0,54,1,0,0
180840,75,72,0,33,42,0,42,0,42,1,0,0,0,0,1,0,0,1,0,1,0,0,0,8,0,0,0,0,0,0,0,1,11,0,0,0,0,0,0,7,0,0,0,0,0,11,0,0,0
180841,768,757,4,294,470,4,474,0,474,9,0,0,1,0,13,0,0,6,0,17,0,0,0,186,0,0,0,0,4,0,0,0,81,0,0,0,0,0,0,55,0,0,23,0,0,70,4,1,4
180842,291,285,4,118,169,4,173,0,173,2,0,0,0,0,6,0,0,0,0,4,0,0,0,59,0,0,0,0,1,0,0,1,28,0,0,0,0,0,0,9,0,0,15,0,0,45,3,0,0
180843,168,167,9,65,94,9,103,0,103,1,0,0,0,0,13,2,0,4,0,5,0,0,0,17,0,0,0,0,0,0,0,0,34,0,0,0,0,0,0,9,0,0,3,0,0,14,1,0,0
180844,255,251,0,84,171,0,171,0,171,2,0,0,0,0,7,1,0,3,0,7,0,0,0,66,0,0,0,0,0,0,1,1,42,0,0,0,0,0,0,21,0,0,2,0,0,15,2,0,1
180845,153,149,3,41,109,3,112,0,112,1,0,1,0,1,6,0,0,2,0,7,0,0,0,16,0,1,0,0,0,0,0,0,33,1,0,0,0,0,1,20,0,0,1,0,0,21,0,0,0
180846,312,309,0,110,202,0,202,0,202,3,0,0,0,0,19,0,0,6,0,8,1,0,1,34,0,0,0,0,3,0,0,2,34,0,0,1,0,0,2,37,0,0,4,0,0,41,4,1,1
180847,138,136,0,47,91,0,91,0,91,1,0,0,0,0,8,0,0,1,0,5,0,0,0,16,0,0,0,0,1,0,0,1,18,0,0,0,0,1,1,15,0,0,1,0,0,20,2,0,0
180848,105,105,0,35,70,0,70,0,70,0,0,0,0,0,5,0,0,1,0,1,0,0,0,14,0,0,0,0,0,0,0,3,8,0,0,0,0,0,1,10,0,0,1,0,0,25,0,0,1
180849,321,319,6,85,230,6,236,0,236,2,0,0,0,0,4,0,0,5,0,10,0,0,0,48,0,2,0,0,0,0,0,2,72,0,0,0,0,0,1,41,0,0,6,0,0,36,1,1,5
180850,117,117,6,36,75,6,81,0,81,0,0,0,0,0,4,0,0,4,0,6,0,0,0,15,0,0,0,0,0,0,0,1,15,0,0,0,0,1,0,19,0,0,2,0,0,9,0,0,5
180851,240,237,0,65,175,0,175,0,175,1,0,0,0,0,4,0,0,3,0,19,0,0,0,16,0,0,0,0,1,0,0,0,34,0,0,1,0,0,1,18,0,0,12,0,0,63,0,1,1
180852,939,924,11,365,565,9,574,0,574,3,1,2,1,1,45,1,1,8,1,36,0,0,1,163,0,0,0,0,9,0,0,0,70,0,1,0,0,0,3,100,0,0,18,1,1,95,6,1,5
180853,276,274,2,113,161,2,163,0,163,3,0,0,0,0,2,0,0,3,0,6,0,0,0,46,0,0,0,0,1,0,0,5,13,0,0,0,0,0,0,38,0,0,1,0,0,38,4,0,3
180854,1764,1754,3,819,942,3,945,0,945,5,0,0,1,1,39,3,1,10,2,35,1,0,1,244,1,0,0,0,0,0,0,2,201,1,0,0,0,0,3,117,0,0,29,0,4,218,18,2,6
180855,213,208,2,67,144,2,146,0,146,1,0,0,0,1,17,0,0,4,0,0,0,0,0,15,0,1,0,0,0,0,0,1,37,0,0,0,0,0,1,43,0,0,3,0,0,20,1,0,1
180856,87,83,0,31,56,0,56,0,56,0,0,0,0,0,1,0,0,0,0,0,0,0,0,2,0,0,0,0,0,0,0,0,14,0,0,0,0,0,0,26,0,0,0,0,0,12,1,0,0
180857,1212,1197,9,498,705,9,714,0,714,11,0,0,2,0,28,0,0,6,0,28,0,0,0,205,1,0,0,0,2,0,0,3,186,2,0,0,0,0,0,125,0,0,17,0,1,92,2,0,3
180858,447,444,1,134,312,1,313,0,313,1,0,2,0,0,9,0,0,5,0,13,0,2,0,97,0,1,0,0,0,0,0,1,62,2,0,0,0,0,0,55,0,1,6,0,5,45,3,0,3
180859,75,71,0,13,62,0,62,0,62,0,0,0,0,0,0,0,0,0,0,1,0,0,0,24,0,0,0,0,0,0,0,0,14,0,0,0,0,0,1,10,0,0,0,0,0,12,0,0,0
180860,45,43,0,21,24,0,24,0,24,0,0,0,0,0,2,0,0,0,0,2,0,0,0,0,0,0,0,0,0,0,0,0,9,0,0,0,0,0,0,4,0,0,0,0,0,7,0,0,0
180861,462,461,1,194,267,1,268,0,268,4,0,0,0,1,40,0,0,6,0,6,0,0,0,32,0,0,1,0,1,0,0,3,80,1,2,1,0,0,2,26,0,0,15,0,0,42,4,1,0
180862,1641,1631,6,798,839,4,843,0,843,12,1,1,1,2,37,1,0,9,0,42,0,0,3,208,0,3,1,0,4,0,0,2,174,0,2,0,0,0,1,133,1,0,37,0,2,152,10,1,3
180863,1704,1704,7,640,1059,5,1064,0,1064,9,2,1,0,1,87,2,0,13,0,43,0,0,0,353,1,1,0,0,9,0,0,1,74,0,1,0,0,0,2,156,1,2,96,0,3,190,6,0,10
180864,1482,1477,2,556,924,2,926,0,926,8,7,1,1,0,78,0,0,25,1,36,0,0,1,296,0,2,0,1,4,2,0,0,76,1,1,0,0,0,1,110,0,1,91,0,1,161,5,0,15
180865,1749,1724,7,711,1032,6,1038,0,1038,4,1,6,2,1,68,0,0,9,0,52,1,0,0,374,1,0,0,0,10,0,0,3,89,1,2,0,0,0,0,100,0,1,96,0,0,202,5,2,8
180866,1656,1652,8,676,972,8,980,0,980,8,5,0,1,0,76,0,0,25,0,46,0,0,1,337,3,1,1,0,4,0,0,2,97,2,1,0,0,0,0,126,0,0,90,0,0,140,8,1,5
180867,1920,1887,4,946,971,3,974,0,974,9,6,0,3,0,69,0,0,9,0,46,0,0,0,337,0,0,0,0,8,0,0,0,94,0,8,0,1,0,0,125,2,2,86,2,1,151,5,2,8
180868,189,32,13,164,12,13,25,0,25,1,0,0,0,0,2,0,0,0,0,1,0,0,0,4,0,0,0,0,0,0,0,0,5,0,0,0,0,0,0,2,0,0,3,0,0,6,1,0,0
181265,627,621,3,258,366,3,369,0,369,5,2,0,1,1,54,0,0,11,0,13,0,2,0,128,0,0,0,0,1,0,0,0,20,0,0,0,0,0,0,45,0,0,41,0,0,44,0,0,1
181266,729,725,6,307,420,2,422,0,422,13,0,1,1,0,54,1,1,9,0,22,1,1,0,128,1,0,0,0,2,0,0,2,34,0,0,1,0,0,0,49,0,0,24,0,0,69,5,0,3
181267,2244,2204,29,818,1406,20,1426,0,1426,26,1,1,1,2,185,1,0,30,0,77,0,7,0,433,2,1,1,0,18,0,0,2,90,1,8,0,0,0,1,173,1,1,140,1,1,208,7,2,4
181268,1878,1851,13,692,1176,10,1186,0,1186,19,3,0,3,0,149,1,0,38,0,47,0,1,0,387,1,3,1,0,4,0,0,2,84,0,2,0,0,0,1,130,0,0,112,0,3,175,5,2,13
181269,1419,1408,135,479,813,127,940,0,940,18,2,1,2,0,110,0,0,27,0,36,0,0,0,262,3,3,0,1,3,0,0,0,100,7,1,0,0,1,0,137,1,0,71,1,0,142,3,2,6
181270,1950,1925,20,702,1235,13,1248,0,1248,19,0,0,3,0,143,1,0,23,2,54,0,5,1,390,1,2,0,0,2,0,1,1,83,2,4,0,1,0,0,164,0,2,108,1,2,210,13,1,9
181271,2247,2215,30,743,1476,28,1504,0,1504,12,2,3,3,2,174,1,0,62,0,50,0,11,0,500,1,5,0,0,8,2,0,1,90,1,1,1,0,0,0,167,0,3,130,1,1,254,8,0,10
181272,2292,2258,12,933,1347,12,1359,0,1359,18,1,3,2,1,142,0,1,41,1,45,1,1,0,477,1,1,0,0,5,1,0,1,118,2,2,1,0,0,2,135,0,2,119,1,0,215,2,2,15
181273,1569,1545,22,546,1003,20,1023,0,1023,8,3,0,4,1,130,0,0,28,1,46,1,7,1,310,1,2,0,0,8,0,0,0,59,1,4,1,1,0,0,108,0,0,114,0,3,173,1,0,7
181274,2133,2099,16,791,1328,14,1342,0,1342,11,4,0,1,4,128,1,0,43,0,55,0,0,0,476,0,1,1,0,10,1,0,0,106,5,0,1,1,0,2,171,1,0,112,1,1,189,9,0,7
181275,717,709,14,264,443,10,453,0,453,5,0,1,1,0,63,0,0,20,0,15,0,2,0,145,0,0,0,0,1,1,1,2,16,1,1,0,0,0,0,67,0,3,35,0,0,65,3,0,5
181276,1386,1376,13,476,898,12,910,0,910,8,2,0,1,2,164,1,0,23,0,36,0,3,0,301,0,4,1,0,5,0,0,0,42,0,1,0,0,0,2,126,0,0,62,0,0,111,8,0,7
181277,1947,1925,21,666,1263,18,1281,0,1281,13,1,1,6,2,278,2,0,32,0,37,1,2,1,430,0,1,1,0,12,0,0,1,48,2,5,1,1,1,0,151,0,1,115,0,3,115,7,2,8
181278,1410,1395,6,531,875,4,879,0,879,8,3,1,1,0,117,1,0,28,1,24,0,1,0,306,0,0,0,0,8,0,1,0,77,2,2,0,0,1,0,82,0,0,90,0,0,114,4,1,6
181279,1776,1759,7,660,1112,4,1116,0,1116,16,1,2,3,0,129,1,1,28,1,32,0,2,0,358,1,5,1,0,8,0,0,1,78,1,0,0,0,0,0,132,0,0,113,0,1,191,1,1,8
181280,1581,1568,17,516,1053,12,1065,0,1065,9,1,0,7,0,126,1,0,28,0,36,0,2,0,349,0,1,0,0,4,0,1,0,63,0,1,0,0,0,1,148,1,0,114,1,0,160,4,1,6
181281,2019,1988,27,671,1326,22,1348,0,1348,28,2,5,4,2,181,0,0,42,0,39,0,13,1,452,0,2,1,0,11,1,0,1,86,1,7,0,0,0,0,148,0,2,113,0,2,184,4,2,14
181282,1944,1927,23,614,1314,16,1330,0,1330,25,0,4,3,1,176,1,0,32,0,57,0,1,1,469,0,2,1,0,6,0,0,1,74,2,3,0,0,2,1,155,0,2,114,1,0,185,3,0,8
181283,1533,1518,19,563,952,18,970,0,970,13,1,2,1,1,174,0,0,31,0,35,0,0,1,310,0,2,1,0,9,0,2,0,63,1,3,0,0,0,0,107,0,2,80,0,1,122,1,1,6
181284,2016,1995,10,736,1273,7,1280,0,1280,8,0,4,3,1,134,2,0,30,0,64,0,1,1,469,0,6,2,0,13,1,0,0,82,3,6,0,0,0,0,117,1,0,138,0,2,175,10,0,7
181285,2091,2059,17,886,1195,10,1205,0,1205,15,0,1,0,6,119,0,0,40,0,37,1,1,0,474,0,3,1,0,3,0,0,2,93,1,3,0,0,0,0,110,0,1,91,0,0,189,2,5,7
181287,2199,2176,15,957,1230,12,1242,0,1242,15,0,3,5,1,140,0,0,59,0,51,0,0,1,448,2,1,0,0,9,0,1,1,115,0,1,0,0,0,0,126,0,2,85,0,1,159,4,2,10
181288,1368,1351,14,564,792,12,804,0,804,7,0,1,1,0,113,0,0,12,0,24,0,2,0,263,1,1,0,0,6,0,0,4,54,2,4,0,0,1,0,83,0,0,63,0,1,156,4,0,1
181289,1353,1335,10,543,805,5,810,0,809,16,0,4,3,3,83,2,1,25,0,29,0,2,1,309,0,2,0,0,5,0,0,1,58,0,1,0,0,0,0,83,0,0,62,0,0,107,5,0,7
181290,1602,1576,12,654,939,9,948,0,948,11,0,2,2,0,109,1,0,39,0,43,0,5,0,337,2,1,0,0,8,0,0,3,56,0,4,1,0,0,0,117,0,2,53,0,1,140,7,0,4
181291,1395,1379,17,606,773,16,789,0,789,18,0,2,4,0,102,0,0,22,0,41,0,1,2,238,0,1,0,0,6,0,0,0,67,0,2,1,0,0,0,77,0,1,66,0,1,126,5,0,6
181292,1482,1475,8,590,884,8,892,0,892,6,1,2,1,1,99,0,0,20,0,34,0,5,1,282,0,1,0,0,1,0,0,0,82,2,3,0,0,0,0,91,0,1,62,0,2,183,7,0,5
181293,897,886,6,344,549,4,553,0,553,8,0,0,0,0,52,0,1,16,0,10,2,0,0,182,0,2,0,0,4,0,0,4,94,1,3,0,0,0,0,54,1,0,53,0,0,62,3,0,1
181294,1092,1077,14,386,695,11,706,0,706,10,1,0,0,3,72,0,0,19,0,41,0,1,0,219,0,1,0,0,2,0,0,2,83,0,0,0,0,0,0,68,1,0,58,0,0,118,5,0,2
181295,390,391,5,136,249,5,254,0,254,3,0,0,0,2,32,0,0,8,0,7,0,0,0,88,0,1,0,0,0,0,0,0,30,0,2,0,0,0,0,38,1,0,18,0,1,20,2,0,1
181296,774,780,6,337,431,6,437,0,437,9,1,0,0,0,48,0,0,48,0,11,0,1,0,147,0,2,0,0,2,0,0,3,56,2,1,0,0,0,1,32,0,0,23,0,0,46,3,0,1
181297,390,53,28,343,25,22,47,0,47,0,0,0,1,0,5,1,0,1,0,3,0,0,0,7,0,0,0,0,1,0,0,0,4,0,0,0,0,0,0,6,0,0,5,0,0,13,0,0,0
181298,144,40,16,114,16,14,30,0,30,0,0,0,1,0,3,0,0,0,0,1,0,0,0,2,0,0,0,0,1,0,0,0,2,0,0,0,1,0,0,4,0,0,2,0,0,13,0,0,0
181299,858,755,0,144,714,0,714,0,714,29,2,0,3,0,9,0,1,3,1,2,0,1,0,195,0,1,1,0,4,0,0,1,8,0,0,0,0,0,1,20,0,0,2,1,1,386,40,0,2
181464,75,73,0,25,50,0,50,0,50,1,0,1,0,0,2,0,0,2,0,3,0,0,0,10,0,0,0,0,3,0,0,0,5,0,0,0,0,0,0,10,0,0,4,0,1,7,1,0,0,01,04,2019,01,20
