180048,2145,2112,38,831,1285,29,1314,0,1314,18,4,0,6,0,66,1,1,6,0,61,0,0,0,408,0,4,0,0,7,2,1,3,87,0,6,0,0,0,1,210,0,2,163,0,1,226,10,4,16
180049,1944,1878,46,710,1198,36,1234,0,1234,13,1,1,7,1,96,2,0,17,0,64,0,1,0,398,1,2,0,0,14,2,0,2,86,0,2,0,0,0,0,151,0,0,138,1,0,217,8,4,5
180050,1833,1809,48,733,1063,37,1100,0,1100,20,0,4,5,3,95,0,0,9,0,60,0,0,0,308,0,2,0,0,9,3,0,2,82,1,2,0,0,0,0,146,0,3,131,0,1,193,11,0,10
180051,2289,2258,44,854,1399,36,1435,0,1435,11,2,0,1,1,76,0,0,22,2,101,0,0,0,416,0,4,1,0,8,0,0,0,96,2,6,0,0,0,1,179,0,2,187,0,1,285,16,1,14
180052,1077,1070,26,392,665,20,685,0,685,5,0,1,1,0,34,1,0,7,0,49,0,1,1,234,1,1,1,0,2,0,0,0,71,0,0,1,0,0,1,76,0,0,51,0,2,126,6,3,9
180053,1785,1772,81,856,856,73,929,0,929,10,0,1,4,1,62,1,1,12,0,55,0,0,0,311,0,6,1,0,7,4,0,0,98,0,2,0,0,0,0,120,0,1,64,0,2,150,9,0,7
180054,1665,1647,35,774,865,26,891,0,891,12,0,2,4,1,101,0,0,14,0,50,0,2,0,264,1,1,1,0,1,9,1,2,104,1,3,0,0,0,0,102,0,0,70,0,2,126,11,4,2
180055,351,351,24,129,198,24,222,0,222,2,0,2,0,0,9,0,0,2,0,10,0,0,0,68,0,0,0,0,0,1,0,0,37,0,0,0,0,0,0,15,0,1,13,0,0,60,1,0,1
180056,1851,1841,50,823,985,43,1028,0,1028,4,1,0,6,1,88,2,1,19,0,42,2,2,1,317,2,1,0,1,6,3,0,3,115,0,1,1,0,0,0,127,0,1,82,0,2,164,16,4,13
180057,123,122,5,40,78,5,83,0,83,1,0,0,0,0,4,0,0,0,0,0,2,0,0,7,0,0,0,0,0,0,0,0,35,0,1,0,0,0,1,10,0,0,0,0,0,22,0,0,0
180058,171,168,7,78,88,5,93,0,93,0,0,0,0,0,7,0,0,2,0,5,0,0,0,23,0,0,0,0,1,1,0,1,18,0,0,0,0,0,0,10,0,0,0,0,0,24,0,0,1
180059,1080,1069,50,368,669,43,712,0,712,5,0,1,1,0,49,1,0,16,0,43,0,0,0,269,0,0,0,0,2,2,0,1,124,1,2,1,0,0,0,55,0,0,27,0,2,91,8,3,8
180060,1299,1290,77,498,737,64,801,0,801,10,0,0,3,0,62,1,1,26,0,70,1,0,0,255,0,1,1,1,5,3,1,1,68,1,1,0,0,0,1,66,0,1,73,1,0,124,10,0,13
180061,1272,1264,58,544,688,40,728,0,728,10,0,0,2,1,59,0,0,26,2,31,0,0,0,218,2,0,0,0,4,0,0,2,70,0,0,0,0,0,1,111,0,2,67,0,0,106,6,1,7
180062,1191,1180,31,473,688,30,718,0,718,8,2,0,1,1,56,0,0,7,0,35,0,0,1,201,0,2,0,0,2,2,0,1,79,1,3,0,0,0,2,125,0,1,50,0,1,125,10,0,2
180063,351,349,34,105,217,29,246,0,246,1,0,2,1,0,15,0,0,2,0,15,0,0,0,43,0,3,0,0,0,0,0,0,40,1,1,0,0,0,0,50,0,0,7,0,0,57,2,0,6
180064,318,315,11,109,198,11,209,0,209,4,0,0,0,0,13,0,0,2,0,12,0,0,0,40,0,1,0,0,0,0,0,2,45,0,0,0,0,0,1,42,0,2,8,1,0,34,2,0,0
180065,534,529,22,129,383,22,405,0,405,3,0,0,6,1,35,1,0,8,0,28,0,0,0,101,3,1,0,1,9,3,0,1,28,1,2,0,0,0,0,62,0,0,17,0,2,88,1,1,2
180066,441,435,32,131,281,29,310,0,310,5,0,0,2,0,9,0,0,4,0,16,0,0,0,89,0,0,0,0,1,0,0,0,36,1,0,0,0,0,1,53,0,0,15,2,0,61,4,0,11
180067,1641,1629,43,627,978,36,1014,0,1014,10,4,10,2,1,47,6,0,15,0,53,0,0,3,303,4,3,1,0,9,0,0,2,147,0,1,0,0,0,1,153,0,0,40,1,1,178,9,4,6
180068,108,109,13,32,63,13,76,0,76,1,0,1,0,0,9,0,0,1,0,4,0,0,0,10,0,0,0,0,0,0,0,0,6,1,0,0,0,0,0,13,0,0,2,0,1,25,1,1,0
180069,66,63,1,19,46,1,47,0,47,0,0,0,0,0,1,0,0,2,0,0,0,0,0,4,0,0,0,0,0,0,0,0,14,0,0,0,0,0,0,13,0,0,3,0,0,9,1,0,0
180070,42,41,1,8,33,1,34,0,34,0,0,0,0,0,4,0,1,3,0,4,0,0,0,9,0,0,0,0,0,0,0,0,1,0,0,0,0,0,0,5,0,0,0,0,0,7,0,0,0
180071,216,216,19,61,136,19,155,0,155,1,0,0,1,0,6,0,0,2,0,7,0,0,0,29,0,0,0,0,3,1,0,0,50,2,1,0,0,0,1,25,0,0,1,0,0,23,2,0,0
180072,435,432,27,152,261,22,283,0,283,22,0,0,0,0,15,0,0,6,0,10,0,1,0,88,3,2,0,0,1,0,0,1,33,0,0,0,0,0,1,29,0,2,11,0,0,52,4,1,1
180073,72,69,7,27,41,4,45,0,45,0,0,0,0,0,7,0,0,1,0,1,0,0,0,12,0,0,0,0,0,0,0,0,7,0,0,0,0,0,0,4,0,0,0,0,0,12,1,0,0
180074,225,224,7,84,134,7,141,0,141,2,0,0,0,0,3,0,0,3,0,8,0,0,0,29,1,0,0,0,0,0,0,2,14,0,0,0,0,0,0,23,0,0,4,0,0,50,1,0,1
180075,306,297,17,92,198,16,214,0,214,1,0,1,0,0,20,0,1,0,0,6,1,0,0,50,0,0,0,0,0,0,0,0,27,0,0,1,0,0,1,33,1,1,22,0,1,42,3,1,1
180076,606,599,29,245,336,25,361,0,361,5,0,0,0,0,30,0,0,9,1,15,0,0,0,101,1,0,0,0,0,0,0,1,64,0,1,0,1,0,0,55,0,1,11,0,1,58,4,0,2
180077,195,192,12,70,117,8,125,0,125,0,0,1,0,0,5,0,0,5,0,8,0,0,0,18,0,0,0,0,3,0,0,0,37,0,0,0,0,0,0,21,0,0,5,0,0,20,0,0,2
180078,102,94,8,33,64,5,69,0,69,0,0,0,0,0,0,0,0,2,0,9,0,0,0,15,0,0,0,0,0,0,0,0,14,0,0,0,0,0,0,13,0,0,0,0,0,16,0,0,0
180079,279,276,7,88,184,7,191,0,191,0,0,2,2,0,27,1,0,0,0,9,0,1,0,44,0,0,0,0,4,1,0,0,38,1,0,0,0,0,0,14,0,0,13,0,0,27,3,2,2
180080,666,660,16,272,378,16,394,0,394,4,0,0,0,0,49,0,0,13,0,19,0,0,0,127,0,0,0,0,4,0,0,0,32,0,0,0,0,0,0,34,0,1,37,0,0,68,1,1,4
180081,477,467,15,190,277,10,287,0,287,3,2,0,0,0,38,0,0,5,0,21,0,0,0,60,0,0,0,0,2,0,0,1,42,0,2,0,1,0,0,53,0,0,14,1,0,40,0,0,2
180082,282,279,9,78,196,8,204,0,204,2,0,0,0,0,15,0,0,1,0,17,0,1,0,20,0,0,0,0,0,0,0,0,43,0,1,0,0,0,1,40,0,1,14,0,1,38,3,0,6
180083,90,88,1,16,73,1,74,0,74,1,0,0,0,0,8,0,0,2,0,7,0,0,0,6,0,0,0,0,0,0,0,2,21,0,0,0,0,0,0,9,0,0,2,0,0,13,0,0,3
180084,174,171,16,30,129,15,144,0,144,5,0,0,0,0,3,0,0,2,0,10,0,0,0,24,0,0,0,0,0,0,0,0,39,0,0,0,0,0,0,22,1,0,1,0,0,31,4,0,2
180085,105,108,7,27,71,7,78,0,78,1,0,0,0,0,5,0,0,3,0,5,0,0,0,14,0,0,0,0,1,0,0,0,20,0,0,0,0,0,0,13,0,0,2,0,1,12,1,0,0
180086,237,237,29,79,134,24,158,0,158,0,0,0,0,0,3,0,0,4,0,7,1,0,0,25,0,1,0,0,1,0,0,1,38,0,0,0,0,1,1,32,2,0,5,0,0,36,0,0,0
180087,84,83,12,27,47,10,57,0,57,0,0,0,0,0,2,0,0,1,0,1,0,0,0,10,0,0,0,0,0,0,0,0,10,0,0,0,0,0,0,14,0,0,3,0,0,15,1,0,0
180088,627,621,33,262,335,30,365,0,365,4,0,1,1,1,17,0,0,3,0,22,0,5,0,92,0,0,0,0,5,3,0,1,59,0,1,0,0,0,1,75,1,1,16,0,0,50,3,0,3
180089,417,410,19,161,239,17,256,0,256,3,1,0,1,1,11,0,0,6,0,6,0,0,0,77,0,0,0,0,0,0,1,2,47,0,0,0,1,0,0,33,0,1,10,0,0,48,4,1,2
180090,489,479,38,141,315,33,348,0,348,4,0,1,0,1,16,0,0,3,0,6,1,4,0,74,0,5,0,0,1,2,0,0,71,0,2,0,0,0,0,57,0,0,5,0,2,85,5,0,3
180091,78,77,10,23,45,10,55,0,55,1,0,0,0,1,0,0,0,4,0,9,0,0,0,3,0,0,0,0,2,0,0,0,10,0,0,0,0,0,0,11,0,0,3,0,0,10,1,0,0
180092,102,104,4,36,62,4,66,0,66,0,0,0,0,0,5,1,0,1,1,2,0,0,0,12,0,0,0,0,0,0,0,0,11,0,0,0,0,0,1,17,0,0,2,0,0,13,0,0,0
180093,513,512,44,139,334,40,374,0,374,3,0,1,0,1,11,0,0,3,1,28,0,0,0,88,0,0,0,0,4,0,0,1,76,0,0,0,0,1,0,56,0,0,8,0,0,82,5,0,5
180094,45,45,0,3,42,0,42,0,42,0,0,0,0,0,6,0,0,1,0,2,0,0,0,12,0,0,0,0,0,0,0,0,4,0,0,0,0,0,0,13,0,0,1,0,0,2,0,1,0
180095,285,283,15,71,200,14,214,0,214,1,0,0,1,1,10,1,0,4,0,7,0,1,0,40,0,0,0,0,2,0,0,0,48,1,1,1,0,0,0,24,0,0,1,0,1,66,3,0,0
180096,84,84,1,44,39,1,40,0,40,0,0,0,0,0,2,0,0,2,0,0,0,0,0,8,0,0,0,0,0,0,0,0,10,0,0,0,0,0,0,12,0,0,1,0,0,4,1,0,0
180097,111,110,6,40,66,5,71,0,71,1,0,0,0,0,8,0,0,1,0,2,0,0,0,14,0,0,0,0,0,1,0,0,17,0,0,0,0,0,0,9,0,0,0,0,0,17,0,0,1
180098,75,75,2,12,61,2,63,0,63,0,0,0,0,0,2,0,0,3,0,9,0,0,0,8,0,0,0,0,1,0,0,0,6,0,0,0,0,0,0,12,0,0,0,0,0,20,1,0,1
180099,147,147,6,40,104,3,107,0,107,1,0,0,0,0,5,0,0,2,1,4,0,0,1,16,0,0,0,0,0,0,0,1,32,0,0,0,0,0,0,12,0,0,0,0,1,29,1,0,1
180100,195,30,18,168,12,15,27,0,27,0,0,0,0,0,1,0,0,0,0,0,0,0,0,4,0,0,0,0,0,0,0,0,4,0,0,0,0,0,0,2,0,0,2,0,0,14,0,0,0
180226,441,432,28,176,240,25,265,0,265,2,1,0,0,1,20,0,0,2,0,25,0,0,0,46,0,1,0,0,1,0,0,0,41,0,0,0,0,0,0,43,0,0,9,0,0,69,2,0,2
180227,1209,1193,25,561,625,23,648,0,648,5,1,1,1,2,23,1,1,5,1,26,0,0,0,146,1,1,0,0,7,1,0,2,66,0,0,0,0,0,2,125,0,1,31,0,2,186,7,0,3
180228,294,289,173,60,64,170,234,0,234,0,0,0,0,0,12,0,0,0,0,1,0,0,0,10,0,0,1,0,0,0,1,0,12,0,0,0,0,0,1,106,0,0,0,0,1,88,1,0,0
180229,393,388,35,154,206,33,239,0,239,2,0,0,0,0,18,1,0,0,0,5,0,0,0,40,1,0,0,0,0,0,0,0,58,0,1,0,0,0,1,55,0,0,2,0,0,45,7,0,3
180230,231,228,17,92,123,16,139,0,139,1,0,0,0,0,13,0,0,1,0,7,0,0,0,25,0,0,0,0,0,0,0,1,34,0,0,0,0,0,0,18,0,0,5,0,0,33,1,0,0
180231,261,256,30,84,147,30,177,0,177,2,0,0,0,0,11,0,0,1,0,5,0,0,0,46,0,0,0,0,0,0,0,0,18,0,0,0,0,0,0,40,1,0,9,1,1,39,2,0,1
180232,354,345,19,171,170,13,183,0,183,1,0,2,2,0,11,0,0,5,0,3,0,0,0,44,0,0,0,0,1,0,0,0,23,0,0,0,0,0,0,47,0,0,5,0,0,38,0,0,1
180233,81,81,6,31,44,6,50,0,50,2,1,0,0,0,2,0,0,1,0,0,1,0,0,7,0,0,0,0,2,0,0,0,11,0,0,0,0,0,1,7,0,0,1,0,0,13,1,0,0
180234,174,170,20,73,82,19,101,0,101,2,0,0,0,0,0,0,0,4,0,8,0,0,0,18,0,0,0,0,1,0,0,0,19,0,0,0,0,0,0,16,0,0,4,0,0,27,1,0,1
180235,327,319,45,101,182,44,226,0,226,1,0,0,0,0,11,0,0,2,0,6,0,0,0,28,0,0,0,0,1,0,0,3,56,2,0,0,0,0,0,42,0,0,5,2,0,64,3,0,0
180236,558,550,35,228,295,35,330,0,330,1,0,1,1,0,20,0,0,4,0,14,0,0,0,80,1,1,0,0,1,0,0,4,36,0,0,0,0,0,1,76,0,0,9,0,0,74,4,0,2
180237,90,90,9,46,35,9,44,0,44,3,1,0,0,0,0,0,0,1,0,1,0,0,0,2,0,0,0,0,0,0,0,0,13,0,0,0,0,0,1,9,0,0,2,0,0,9,2,0,0
180238,90,87,9,27,54,9,63,0,63,1,0,0,0,0,3,0,0,1,0,0,0,0,0,3,0,0,0,0,0,0,0,0,7,0,0,0,0,0,0,14,0,0,0,0,0,34,0,0,0
180239,354,347,29,133,192,29,221,0,221,2,0,0,0,0,12,0,0,4,0,18,0,0,0,39,0,0,0,0,0,0,0,0,37,0,1,0,0,0,0,48,0,0,9,0,0,46,3,0,2
180240,111,106,9,34,68,9,77,0,77,0,0,0,0,0,11,0,0,4,0,5,0,0,0,7,1,0,1,0,0,0,0,0,16,0,0,0,0,0,0,10,0,0,1,0,0,19,1,0,1
180241,174,175,10,69,95,10,105,0,105,1,0,0,1,0,6,0,0,3,0,7,0,0,0,21,0,0,0,0,1,0,0,0,25,0,1,0,0,0,0,7,0,0,4,0,0,22,2,0,4
180242,81,75,10,35,36,10,46,0,46,3,0,0,0,0,6,0,0,1,0,5,0,0,0,6,0,0,0,0,0,0,0,0,3,0,0,0,0,0,0,5,0,0,4,0,0,13,0,0,0
180243,183,181,13,66,104,13,117,0,117,1,0,0,0,1,4,0,0,3,0,2,0,0,0,17,0,1,0,0,0,0,0,0,17,0,1,0,0,0,1,23,0,0,3,0,0,41,1,0,1
180244,2058,2013,16,785,1263,10,1273,0,1273,10,1,1,0,1,101,1,1,15,0,55,0,4,1,358,1,0,0,0,9,0,2,1,94,1,8,0,0,3,0,229,1,0,90,0,0,265,9,4,7
180245,1413,1389,10,589,815,9,824,0,824,14,2,2,3,0,48,0,0,10,0,30,0,0,2,244,0,1,0,0,7,0,0,0,64,1,2,0,0,0,0,128,0,1,67,0,2,174,14,1,7
180246,1890,1862,14,781,1099,10,1109,0,1109,9,0,2,1,0,107,0,1,12,0,49,0,1,0,302,1,0,0,0,3,0,1,2,105,2,5,0,0,1,1,160,0,2,69,0,1,255,9,1,7
180247,480,470,1,185,294,1,295,0,295,1,0,0,0,0,30,0,0,1,0,5,0,0,0,48,0,2,0,0,4,0,0,4,46,0,0,0,0,0,1,26,0,0,16,0,0,104,4,0,3
180248,345,342,22,119,209,17,226,0,226,4,0,0,0,0,11,1,0,11,0,11,0,0,0,47,0,0,0,0,1,0,0,1,24,0,1,0,0,0,1,52,0,0,16,1,0,38,4,0,2
180249,81,80,3,21,57,3,60,0,60,1,0,0,0,0,6,0,0,3,0,2,0,0,0,8,0,1,0,0,0,0,0,0,8,0,1,0,0,0,0,10,0,0,1,0,0,19,0,0,0
180250,210,209,14,87,111,12,123,0,123,0,0,0,0,0,20,0,0,4,0,4,0,0,0,18,0,0,0,0,0,0,0,0,21,0,1,0,0,0,0,20,0,0,0,0,0,33,0,0,2
180251,333,327,3,142,188,3,191,0,191,7,0,0,0,0,12,0,0,1,0,7,0,1,0,66,0,1,1,0,1,0,0,0,26,0,0,0,0,0,0,29,0,0,9,0,0,27,1,1,1
180252,204,199,11,52,141,11,152,0,152,1,0,0,0,0,14,0,0,3,0,0,0,0,0,6,0,1,0,0,0,0,0,0,34,0,0,0,0,0,0,60,0,0,1,0,1,29,1,0,1
180253,270,270,10,126,134,10,144,0,144,4,0,0,0,1,8,0,0,0,0,7,0,0,0,33,0,0,0,0,0,0,1,0,28,0,0,0,0,0,1,31,0,0,1,0,0,25,3,0,1
180254,687,673,26,287,374,26,400,0,400,2,0,0,0,0,22,1,0,15,0,12,0,0,0,81,0,0,0,0,2,0,0,1,71,1,0,0,0,0,0,77,0,0,21,0,0,89,0,0,5
180255,201,203,19,67,116,18,134,0,134,1,0,0,0,0,19,0,0,2,1,3,0,0,0,17,0,0,0,0,1,0,0,0,27,0,0,0,0,0,0,27,0,0,5,0,1,29,0,0,1
180256,288,283,21,111,156,21,177,0,177,1,0,0,0,0,7,0,1,7,0,7,0,0,0,22,1,0,0,0,0,0,0,0,25,0,0,0,0,0,1,43,0,0,7,0,0,50,4,0,1
180257,456,450,37,119,301,36,337,0,337,2,0,1,0,0,25,0,0,8,0,3,0,0,0,51,1,0,1,0,3,0,0,1,67,0,1,0,0,1,1,57,0,1,11,0,0,96,5,0,1
180258,174,175,14,53,108,13,121,0,121,2,0,0,0,0,4,1,0,1,0,4,0,0,0,21,1,1,0,0,0,0,0,0,12,0,0,0,0,0,0,36,0,0,9,0,0,28,0,1,0
180259,198,195,2,40,156,2,158,0,158,5,0,0,0,0,3,0,0,7,0,0,0,0,2,39,0,0,0,0,0,0,0,0,27,0,0,0,1,0,1,23,0,0,1,0,1,43,4,0,1
180260,78,77,4,12,62,4,66,0,66,0,0,0,0,0,3,0,0,3,1,1,0,0,0,16,0,0,0,0,0,0,0,1,11,0,0,0,0,0,0,11,0,0,1,0,0,16,2,0,0
180261,633,634,23,243,368,22,390,0,390,0,0,0,0,0,16,0,0,4,0,18,1,1,0,82,0,0,0,0,1,0,0,1,84,0,2,0,0,0,0,93,0,0,14,6,1,56,4,1,5
180262,345,343,35,126,186,33,219,0,219,3,0,0,0,0,5,0,0,11,0,7,0,0,0,33,1,0,0,0,0,0,0,1,36,0,0,0,0,0,0,36,0,0,5,0,0,75,0,1,5
180263,78,77,5,23,50,5,55,0,55,1,0,0,0,0,3,0,0,3,0,2,0,0,0,9,0,0,1,0,0,0,0,0,9,0,0,0,0,0,0,10,0,0,3,0,0,13,1,0,0
180264,444,442,26,176,242,26,268,0,268,7,0,0,0,3,15,1,0,10,0,15,0,0,0,57,0,1,0,0,4,0,1,0,47,0,0,0,0,0,0,42,0,0,8,0,0,56,1,0,0
180265,261,260,10,86,165,10,175,0,175,5,0,0,1,0,8,0,0,3,0,5,0,0,0,38,0,0,0,0,1,0,0,0,37,0,1,0,0,0,0,18,0,0,1,0,0,52,4,0,1
180266,309,304,9,152,149,8,157,0,157,0,0,0,1,0,4,0,0,1,0,3,0,0,0,23,0,0,0,0,0,0,0,1,41,1,0,0,0,0,0,50,0,0,1,0,0,26,5,0,0
180267,156,156,7,45,104,7,111,0,111,2,1,0,1,1,3,0,0,1,0,0,0,0,0,25,0,0,0,0,1,0,0,1,13,0,0,0,0,0,2,27,0,0,3,0,0,26,1,2,1
180268,999,990,12,265,724,10,734,0,734,16,0,0,1,0,27,1,2,5,0,13,0,0,1,142,0,0,0,0,0,0,0,4,131,1,5,0,0,0,2,133,0,0,29,0,6,200,13,0,2
180269,72,74,1,20,51,1,52,0,52,0,0,0,0,0,3,0,0,6,0,0,0,0,0,12,0,0,0,0,0,0,0,0,1,0,0,0,0,1,0,13,0,1,0,0,0,13,0,1,1
180270,1023,1002,48,428,550,45,595,0,595,11,1,1,2,2,26,0,0,3,0,33,0,0,0,126,0,5,1,0,10,1,0,0,98,0,3,0,0,1,0,81,0,2,58,0,1,121,2,1,5
180271,747,740,3,91,653,3,656,0,656,9,0,0,2,0,27,0,0,11,0,15,0,0,0,87,0,0,0,0,0,0,0,3,66,0,0,0,0,0,0,284,0,0,7,0,0,127,13,0,5
180272,231,231,21,91,120,20,140,0,140,3,0,0,0,0,8,0,0,1,1,9,0,0,1,27,1,2,0,0,0,0,0,0,13,0,0,0,0,0,1,28,0,1,5,0,0,38,1,0,0
180273,243,237,30,62,151,30,181,0,181,2,0,1,0,1,10,0,0,4,0,8,0,0,0,35,0,2,0,0,1,0,0,1,37,2,0,0,0,0,0,19,0,0,4,0,0,49,4,0,1
180274,429,423,32,171,230,28,258,0,258,1,0,1,0,0,9,0,0,2,0,7,0,0,0,47,0,2,0,0,3,0,0,0,47,0,1,0,0,0,2,49,0,0,12,0,0,68,4,0,3
180275,333,336,21,73,239,21,260,0,260,3,0,0,0,0,11,0,0,11,0,8,0,0,0,52,0,0,0,0,1,1,0,1,26,0,0,0,0,0,0,47,0,0,14,0,0,76,7,0,2
180276,270,269,14,54,202,14,216,0,216,2,0,0,0,0,8,0,0,3,0,8,0,0,0,34,0,0,0,0,4,0,0,0,39,0,1,0,0,0,1,56,0,0,2,0,0,51,5,0,2
180277,174,175,1,72,101,1,102,0,102,2,0,0,0,0,4,0,1,2,0,2,0,0,0,15,0,0,0,0,0,0,0,1,13,0,0,0,0,0,0,31,0,0,1,0,0,28,0,0,2
180278,120,118,11,39,71,10,81,0,81,1,0,0,0,0,1,0,0,2,0,4,0,0,0,12,0,0,0,0,1,0,0,0,14,0,0,0,0,1,1,14,0,0,2,0,0,26,2,0,0
180279,612,600,12,246,354,12,366,0,366,4,0,0,1,0,18,2,0,3,0,8,0,0,1,68,0,4,0,0,2,0,0,1,55,1,1,0,0,0,0,54,0,0,15,0,0,118,8,0,2
180280,153,149,17,57,80,16,96,0,96,0,0,0,1,0,15,0,0,2,0,0,0,0,0,13,0,0,0,0,0,0,0,1,15,0,1,0,0,0,0,5,0,0,2,0,1,38,1,0,1
180281,75,73,6,18,54,3,57,0,57,1,0,0,0,0,4,0,0,3,0,4,0,0,0,3,0,0,0,0,0,1,0,0,5,0,0,0,0,0,0,12,0,0,0,1,1,21,1,0,0
180282,468,459,40,179,253,36,289,0,289,2,0,0,1,0,9,0,0,7,0,7,0,0,0,77,0,3,0,0,1,0,0,0,18,0,0,0,0,0,0,43,0,0,16,0,0,98,2,1,4
180283,390,388,24,138,230,22,252,0,252,0,1,0,1,1,34,0,0,5,0,10,0,1,2,58,0,0,0,0,0,1,0,0,22,0,2,0,0,0,0,43,0,0,6,0,0,59,5,1,0
180284,57,55,3,21,33,3,36,0,36,1,0,0,0,0,2,0,0,1,0,1,0,0,0,11,0,0,0,0,0,0,0,0,7,1,0,0,0,0,0,4,0,0,0,0,0,7,1,0,0
180285,705,696,28,231,446,28,474,0,474,8,0,1,0,0,24,2,0,8,1,16,0,0,0,126,0,3,0,1,0,0,0,1,52,0,0,1,0,0,2,94,1,1,24,0,0,97,8,1,2
180286,135,134,13,49,75,11,86,0,86,2,2,0,0,0,6,0,0,1,0,1,0,0,0,10,0,0,0,0,0,0,0,2,7,0,0,0,0,0,0,14,0,0,1,1,1,36,2,0,0
180287,315,315,26,113,179,23,202,0,202,3,0,0,0,1,10,0,0,1,0,3,0,0,0,33,0,0,0,0,2,0,0,2,22,0,0,0,0,0,0,43,0,0,15,0,0,61,6,0,0
180288,108,106,14,36,60,12,72,0,72,5,0,0,0,0,7,0,0,0,0,5,0,0,0,6,0,0,0,0,0,0,0,0,10,0,0,0,0,0,0,17,0,0,4,0,0,18,0,0,0
180289,258,254,19,114,127,17,144,0,144,2,0,1,0,0,9,0,0,2,0,7,0,0,0,24,1,0,0,0,1,0,0,0,34,0,0,0,0,0,0,31,0,0,2,0,1,27,1,0,1
180290,879,876,42,366,473,40,513,0,513,7,2,0,2,2,48,0,0,7,1,28,0,0,1,126,0,0,0,2,9,0,0,0,54,4,2,0,0,1,1,87,0,0,29,0,0,90,7,2,1
180291,165,44,12,127,28,10,38,0,38,1,0,0,0,0,4,0,0,1,0,0,0,0,0,3,0,0,0,0,0,0,0,1,5,0,0,0,0,0,0,3,0,0,2,0,0,17,1,0,0
180628,351,343,26,114,211,26,237,0,237,2,0,0,0,0,11,0,0,7,0,8,0,0,0,28,0,1,0,0,0,0,0,2,27,1,0,0,1,0,1,57,2,0,15,1,0,66,4,1,2
180629,252,252,11,94,147,11,158,0,158,4,2,0,1,0,15,0,1,4,0,6,0,0,0,25,0,0,0,0,1,0,0,0,38,0,1,0,0,0,0,31,0,0,8,0,0,17,1,0,3
180630,318,306,15,127,176,15,191,0,191,1,0,0,0,0,7,0,0,4,0,8,0,0,0,63,0,0,0,0,0,0,0,0,23,0,0,0,0,1,0,16,0,0,22,0,0,44,1,1,0
180631,219,211,18,89,112,18,130,0,130,2,0,0,0,0,10,0,0,2,1,3,0,0,0,17,1,0,0,0,0,0,0,0,33,0,0,0,0,0,1,15,1,0,6,0,0,37,1,0,0
180632,138,134,9,49,80,9,89,0,89,1,0,1,0,1,4,1,0,7,0,2,0,0,0,16,0,0,0,0,0,0,0,1,26,0,0,0,0,0,0,13,0,0,2,0,1,10,2,0,1
180633,471,468,21,137,313,21,334,0,334,6,1,1,0,1,18,0,0,1,0,16,0,0,1,74,0,0,0,0,5,0,0,0,86,1,0,0,1,0,1,48,0,0,11,0,0,57,4,0,1
180634,273,273,16,58,199,16,215,0,215,1,0,0,0,0,11,0,0,15,0,9,0,0,0,24,1,0,0,0,0,0,0,3,49,0,1,0,0,0,0,40,0,0,4,0,0,54,2,0,1
180635,318,319,7,78,233,7,240,0,240,2,0,0,0,1,8,0,0,11,0,14,0,0,0,32,0,0,0,0,1,0,0,1,81,0,0,0,0,0,0,26,0,0,3,0,0,54,4,0,2
180636,558,553,28,186,344,28,372,0,372,3,0,0,0,0,8,0,0,2,0,21,0,1,0,88,0,1,0,1,0,0,0,2,89,1,2,0,0,0,1,42,0,0,31,0,1,70,3,0,5
180637,354,355,22,118,214,22,236,0,236,4,0,0,0,0,7,0,0,2,0,15,0,0,0,36,0,0,0,0,0,0,0,0,69,0,0,0,0,0,0,32,0,0,12,0,0,57,2,0,0
180638,966,955,43,384,540,42,582,0,582,5,0,0,0,1,22,1,1,8,0,26,0,0,0,130,0,0,1,0,4,1,0,4,97,1,1,0,0,0,1,95,0,0,43,0,2,127,7,0,4
180639,387,382,34,120,233,34,267,0,267,1,0,0,0,1,19,1,0,4,0,2,0,0,1,59,0,0,0,0,1,1,1,1,41,0,0,0,0,0,0,59,0,0,21,0,1,49,2,0,2
180640,261,260,26,68,167,26,193,0,193,1,0,1,0,0,8,0,0,3,0,16,1,0,0,29,0,0,0,0,2,0,0,0,44,0,0,0,0,0,0,36,0,0,3,1,0,47,0,0,1
180641,369,362,32,142,195,32,227,0,227,1,0,0,0,1,3,0,0,3,0,19,0,0,0,33,0,2,0,0,0,0,0,0,49,0,0,0,0,0,0,39,0,0,13,0,0,60,4,0,0
180642,249,247,21,91,137,21,158,0,158,1,0,0,0,0,14,0,0,3,0,15,0,0,0,18,0,0,0,0,0,0,0,0,44,0,0,0,0,0,1,37,0,0,1,0,0,24,0,0,0
180643,138,139,7,46,87,5,92,0,92,0,0,0,0,0,8,1,0,2,0,1,0,0,0,23,0,0,0,0,0,0,0,0,23,0,0,0,0,0,1,12,0,0,8,0,0,12,1,0,0
180644,165,168,5,65,95,5,100,0,100,1,0,0,0,0,4,0,0,3,1,2,0,0,0,32,0,0,0,0,1,0,0,1,24,0,0,0,0,0,0,10,0,0,3,0,0,17,1,0,0
180645,231,237,7,57,167,7,174,0,174,2,1,0,0,0,9,0,0,3,0,9,0,0,0,38,0,0,0,0,0,0,0,1,50,0,1,0,0,0,1,20,0,0,4,0,1,31,3,0,0
180646,801,807,40,290,471,40,511,0,511,3,3,0,2,2,19,0,1,7,1,22,0,0,1,109,0,0,0,1,7,0,1,1,80,1,2,0,0,0,1,72,1,0,44,1,0,122,5,0,2
180647,267,264,15,101,151,15,166,0,166,2,0,1,0,0,13,0,0,2,0,5,0,0,0,21,0,0,0,0,0,0,0,1,42,0,0,0,0,0,0,35,0,0,15,0,0,28,0,0,1
180648,408,409,35,138,235,35,270,0,270,1,0,0,1,0,7,0,0,1,0,13,1,0,0,44,0,0,0,0,4,0,0,0,71,0,1,0,2,0,0,79,0,2,7,0,0,35,1,0,0
180649,354,350,14,140,200,14,214,0,214,3,1,0,0,0,11,0,1,5,0,4,0,0,0,49,0,0,0,0,0,0,1,2,27,0,0,0,0,0,1,48,0,0,3,0,2,50,4,0,2
180650,87,90,3,16,68,3,71,0,71,0,1,0,0,0,7,0,0,2,0,0,0,0,0,11,0,0,0,0,0,0,0,1,13,0,0,0,0,0,0,16,0,0,0,0,0,18,2,0,0
180651,204,201,9,66,129,9,138,0,138,1,0,0,0,0,8,0,1,3,0,5,0,1,0,42,0,0,0,0,0,0,0,1,17,1,0,0,0,0,0,19,1,1,5,0,0,26,2,0,4
180652,51,52,1,2,48,1,49,0,49,0,0,0,0,0,2,0,0,2,0,3,0,0,0,5,0,0,0,0,0,0,0,0,6,0,0,0,0,0,0,23,0,0,0,0,0,8,0,0,0
180653,525,525,34,183,308,34,342,0,342,6,0,0,0,0,9,0,0,4,0,17,0,1,0,64,0,1,0,0,4,0,0,0,67,1,2,0,0,0,0,74,0,0,15,0,0,64,7,2,4
180654,171,175,9,54,108,9,117,0,117,1,0,0,0,0,7,0,0,8,0,7,0,0,0,18,0,0,0,0,0,0,0,0,21,0,0,0,0,0,0,13,0,0,5,0,0,35,1,1,0
180655,306,303,4,123,181,2,183,0,183,1,0,0,0,0,5,0,0,4,0,13,0,0,0,31,0,3,0,0,4,0,0,0,32,2,0,0,0,0,0,49,0,0,12,1,0,24,2,0,0
180656,195,193,0,92,103,0,103,0,103,0,0,0,0,0,3,0,0,7,0,4,0,0,0,17,0,1,0,1,5,0,0,0,30,0,0,0,0,0,0,19,0,0,3,0,0,11,0,0,2
180657,471,465,25,209,238,24,262,0,262,3,0,0,0,0,22,0,0,9,0,17,0,0,0,50,0,0,0,0,1,0,0,1,52,0,1,0,0,0,1,66,0,0,14,0,0,24,1,0,0
180658,438,428,21,173,244,21,265,0,265,5,0,0,1,1,4,0,0,11,0,16,0,1,0,47,0,1,0,0,1,0,0,3,54,0,0,0,0,1,1,71,0,0,4,0,6,32,3,1,1
180659,285,283,4,121,161,3,164,0,164,3,3,1,0,0,8,0,0,4,0,12,0,0,0,35,0,0,0,0,3,0,0,0,23,0,0,0,0,0,1,25,0,0,6,0,0,34,1,3,2
180660,123,121,13,47,66,10,76,0,76,0,0,0,0,0,1,1,1,5,0,2,0,0,0,11,0,0,0,0,0,0,0,0,20,0,0,0,0,0,1,18,0,0,1,0,0,15,0,0,0
180661,120,120,3,40,78,2,80,0,80,0,1,0,0,0,1,0,0,2,0,3,0,0,0,15,0,1,0,0,3,0,0,0,20,0,0,0,0,0,0,17,0,1,4,0,0,12,0,0,0
180662,168,165,3,67,99,2,101,0,101,0,0,0,0,0,7,0,0,5,0,3,1,0,0,17,0,0,0,0,0,0,0,0,16,0,0,0,0,0,0,36,0,0,2,0,0,13,0,0,1
180663,237,234,29,64,146,27,173,0,173,4,1,0,0,1,14,0,0,1,0,4,0,0,0,24,0,0,0,0,1,0,0,0,33,0,0,0,1,0,1,43,0,0,10,0,0,33,0,0,2
180664,246,243,16,80,151,15,166,0,166,2,0,0,0,0,7,0,0,3,0,12,1,0,0,23,0,0,0,0,2,0,0,0,56,0,1,0,0,0,0,40,0,0,1,0,0,16,1,0,1
180665,408,404,17,147,245,16,261,0,261,4,0,0,0,0,4,0,0,3,1,8,0,0,0,88,0,4,0,0,0,0,0,0,40,0,0,0,0,0,0,33,1,0,12,0,1,56,0,2,4
180666,198,194,24,52,122,24,146,0,146,1,0,0,0,0,8,0,0,3,0,9,0,0,0,21,0,1,1,0,0,0,0,0,27,0,0,0,0,0,0,56,0,0,1,0,0,18,0,0,0
180667,351,369,14,107,230,14,244,0,244,1,0,0,1,0,9,0,0,2,0,22,0,0,0,67,0,0,0,0,1,0,0,1,47,0,1,0,0,0,0,47,0,0,10,0,1,32,1,0,1
180668,273,271,10,86,177,10,187,0,187,3,0,1,0,1,5,0,0,9,0,5,0,0,0,41,0,0,0,0,0,0,0,0,46,1,0,0,0,0,0,32,0,1,7,0,0,27,3,3,2
180669,204,202,16,68,120,16,136,0,136,0,0,1,0,0,11,0,0,4,0,1,0,0,0,21,0,0,0,0,0,0,0,0,31,1,0,0,0,0,0,20,0,0,8,0,1,35,2,0,0
180670,165,169,0,29,136,0,136,0,136,1,0,0,0,0,18,0,0,7,0,4,0,0,0,36,0,0,0,0,1,0,0,0,16,0,0,0,0,1,0,22,0,0,11,0,0,17,1,0,1
180671,372,366,34,144,196,32,228,0,228,3,0,0,1,0,7,0,1,2,2,19,0,0,0,54,1,0,0,0,1,0,0,1,53,0,0,0,0,0,1,41,0,0,17,0,1,19,3,0,1
180672,1335,1329,30,465,842,28,870,0,870,15,1,1,0,1,34,0,0,14,0,50,0,0,0,268,1,1,0,0,9,0,1,0,109,0,6,0,3,0,3,135,0,0,84,0,3,119,8,0,4
180673,408,402,26,161,223,24,247,0,247,1,0,0,0,0,5,0,0,3,0,9,0,1,0,81,0,1,0,0,0,0,0,0,47,2,2,0,0,0,0,42,0,0,13,0,0,35,3,1,1
180674,255,246,19,108,130,17,147,0,147,3,0,0,0,0,7,0,0,8,0,6,0,0,0,17,0,0,0,0,4,0,0,0,34,0,0,0,0,0,0,22,0,0,2,0,0,44,0,0,0
180675,618,607,29,233,356,29,385,0,385,3,0,0,0,3,9,0,0,8,0,16,0,0,1,138,0,1,0,0,1,0,0,0,59,0,0,0,0,0,1,63,0,0,30,1,0,46,3,0,2
180676,348,341,32,158,159,31,190,0,190,3,0,0,0,0,18,0,1,11,0,7,0,1,0,43,0,1,0,0,2,0,0,0,46,0,0,0,0,0,0,28,0,0,14,0,0,13,1,0,1
180677,426,425,27,127,272,27,299,0,299,4,1,0,2,0,16,0,0,2,0,20,0,1,0,65,1,0,0,0,2,1,0,0,59,0,0,0,0,0,0,59,0,0,23,0,1,40,2,0,0
180678,678,675,15,242,421,15,436,0,436,3,1,0,1,0,17,0,0,11,0,25,0,1,0,137,0,1,0,1,0,0,1,1,96,0,0,0,0,0,3,53,1,0,15,0,0,61,4,0,3
180679,1137,1127,40,416,683,38,721,0,721,10,2,0,1,4,26,0,0,4,1,50,0,0,0,207,2,0,0,0,18,0,0,0,73,1,1,0,0,0,2,131,0,0,58,0,1,120,4,0,5
180680,132,136,4,41,87,4,91,0,91,0,0,0,0,0,6,0,0,1,0,3,0,0,0,11,0,0,0,0,1,0,0,0,15,0,0,0,0,0,0,28,0,0,7,0,0,16,3,0,0
180681,507,497,19,200,288,19,307,0,307,4,0,0,0,0,19,1,0,1,0,10,0,0,0,73,0,2,0,0,2,0,0,0,54,1,0,0,0,0,0,69,0,1,9,0,0,57,2,1,1
180682,195,194,12,78,107,10,117,0,117,3,0,0,0,0,7,0,0,3,0,11,0,0,0,18,1,0,0,0,0,0,0,0,24,1,0,0,0,0,0,26,0,0,7,0,0,14,1,0,1
180683,237,236,7,67,163,7,170,0,170,2,0,1,0,0,18,0,0,9,0,2,0,0,0,32,2,0,0,0,3,0,0,0,35,0,0,0,0,0,0,24,0,0,12,0,0,30,0,0,0
180684,385,388,15,107,263,15,278,0,278,2,0,0,0,0,11,0,0,6,0,16,0,0,1,86,0,0,0,0,2,0,0,1,37,0,1,0,0,0,0,53,0,0,20,0,0,40,1,0,1
180685,306,299,19,96,191,19,210,0,210,3,0,1,1,0,7,0,0,3,0,14,0,0,0,40,0,0,0,0,1,0,0,3,49,0,2,0,0,0,0,56,0,0,5,0,0,22,2,0,1
180686,345,344,24,135,187,23,210,0,210,4,1,0,0,0,20,0,0,1,1,6,0,0,1,39,1,0,0,0,1,0,0,0,75,2,0,0,0,0,0,23,0,1,4,0,1,28,1,0,0
180687,225,221,1,94,130,1,131,0,131,0,0,0,1,0,4,0,0,1,0,16,0,0,1,18,0,0,0,0,2,0,0,0,31,0,0,0,0,0,1,20,0,0,5,0,0,27,2,0,2
180688,234,231,2,95,137,2,139,0,139,0,0,0,0,0,1,0,0,1,0,19,0,0,0,20,0,0,0,0,3,0,0,1,36,2,0,0,0,0,0,22,0,0,4,0,0,28,2,0,0
180689,558,563,30,211,318,29,347,0,347,7,0,0,0,0,13,0,0,3,0,14,0,1,1,73,0,0,0,0,6,0,0,0,69,0,1,0,0,0,2,81,0,0,21,1,0,47,5,0,2
180690,789,786,18,256,515,18,533,0,533,7,1,2,2,0,19,0,1,5,0,27,0,2,0,163,0,0,0,0,9,1,0,2,76,1,3,0,0,0,3,91,0,1,29,0,0,76,4,1,7
180691,333,326,9,116,208,9,217,0,217,0,2,0,0,0,18,1,0,2,0,7,0,0,0,66,0,0,0,0,2,0,0,1,40,1,0,0,0,0,0,19,0,0,9,0,0,45,2,1,1
180692,450,444,22,188,241,21,262,0,262,2,1,0,0,0,15,0,0,3,0,15,0,0,0,44,1,2,0,0,1,0,0,2,56,0,0,0,0,1,1,72,0,0,18,0,0,21,4,0,3
180693,249,251,20,73,159,17,176,0,176,2,0,0,0,0,4,0,0,3,0,17,0,0,0,16,0,0,0,0,1,0,1,0,38,1,2,0,0,0,0,20,0,1,8,0,0,57,2,0,3
180694,804,798,34,321,451,32,483,0,483,3,1,0,0,0,26,0,0,1,0,31,0,0,0,116,0,0,0,0,7,0,0,0,82,0,0,0,0,0,0,133,0,0,18,0,0,58,5,0,2
180695,489,493,38,195,261,33,294,0,294,1,0,0,0,0,10,0,0,5,0,16,0,0,1,47,0,0,0,0,6,0,0,0,84,1,1,0,0,0,1,52,0,0,14,0,0,48,0,1,6
180696,348,346,23,115,211,22,233,0,233,2,0,0,1,0,19,0,0,4,0,6,0,1,0,49,0,0,0,0,0,0,0,0,55,0,0,0,0,0,0,31,0,0,11,0,0,48,5,0,1
180697,243,243,18,31,194,18,212,0,212,0,0,0,0,0,11,0,0,5,0,8,0,0,0,40,0,0,0,0,1,0,0,1,20,0,0,0,0,1,0,76,1,0,5,0,0,38,3,1,1
180698,36,33,0,8,28,0,28,0,28,0,0,0,0,0,1,0,0,1,0,1,0,0,0,1,0,0,0,0,1,0,0,0,7,0,0,0,0,0,0,11,0,0,0,0,0,4,0,0,1
180699,1263,1250,26,498,740,25,765,0,765,11,0,0,1,1,22,0,0,23,0,52,0,1,1,214,1,2,0,0,5,1,0,3,70,0,3,0,0,0,0,139,0,3,55,0,0,143,7,1,6
180700,129,128,9,32,88,9,97,0,97,0,0,0,0,0,9,0,0,6,0,6,0,0,0,15,0,0,0,0,1,0,0,1,23,0,0,0,0,0,0,15,1,0,4,0,0,15,0,0,1
180701,1653,1629,35,700,921,32,953,0,953,7,0,1,0,0,43,0,0,10,0,65,0,1,0,328,0,0,0,1,5,0,1,0,95,0,1,0,2,0,1,140,0,0,74,0,0,166,8,0,4
180702,291,291,23,89,179,23,202,0,202,0,0,1,0,0,13,0,0,2,0,6,1,0,0,41,0,0,0,0,1,0,0,1,45,1,0,0,0,0,0,38,0,0,6,0,0,41,2,1,2
180703,432,445,29,145,260,27,287,0,287,4,1,0,0,1,12,0,0,4,0,21,0,0,0,82,0,0,0,0,2,0,0,2,45,0,0,1,0,0,1,28,0,0,19,0,0,57,7,0,0
180704,630,611,48,262,320,48,368,0,368,4,1,0,0,0,34,1,0,9,0,11,0,0,0,81,0,0,0,0,3,0,0,0,41,1,2,0,0,0,2,89,0,0,9,0,0,72,3,0,5
180705,2154,2132,40,948,1167,39,1206,0,1206,13,2,1,5,2,95,2,0,20,0,51,0,0,0,412,0,5,1,0,2,0,0,2,112,2,3,0,0,0,4,218,2,2,70,0,1,147,15,4,13
180706,1743,1730,9,772,965,6,971,0,971,13,0,0,2,2,42,0,0,10,0,46,0,0,2,369,0,2,1,0,8,2,1,2,68,1,5,0,1,2,2,170,0,1,73,0,1,116,13,1,15
181066,270,267,4,102,164,4,168,0,168,0,0,0,0,0,17,1,0,4,0,10,0,0,2,24,1,0,0,0,3,0,0,0,39,0,1,0,0,0,0,36,0,0,2,0,0,24,3,0,1
181067,72,74,4,20,48,4,52,0,52,0,0,0,0,0,2,0,0,1,0,4,0,0,0,4,0,0,0,0,0,0,0,1,10,0,0,0,0,0,0,11,0,0,1,0,0,18,0,0,0
181068,129,127,2,43,84,2,86,0,86,0,0,0,0,0,6,0,0,3,0,8,0,0,0,18,0,0,0,0,0,0,0,0,10,0,0,0,0,0,0,21,0,0,6,0,0,14,0,0,0
181069,159,162,13,50,97,12,109,0,109,0,0,0,1,1,15,1,0,4,0,6,0,0,0,18,0,0,0,0,1,0,0,1,4,0,0,0,0,0,0,14,0,0,13,0,0,27,0,0,3
181070,165,163,12,37,116,12,128,0,128,0,0,0,0,0,4,0,0,1,0,5,0,0,0,22,0,0,0,0,0,0,0,0,16,0,0,0,0,0,0,35,0,0,4,0,0,28,0,1,12
181071,429,423,24,154,251,24,275,0,275,9,1,0,0,0,41,0,0,3,0,19,0,0,0,45,0,0,0,0,1,0,1,0,51,0,0,0,0,0,0,50,0,0,1,0,0,47,2,2,2
181072,129,128,7,48,75,6,81,0,81,1,0,0,0,0,8,0,0,1,0,6,0,0,0,10,0,0,0,0,0,0,0,0,18,0,0,0,0,0,0,21,0,0,3,0,0,13,0,0,0
181073,72,69,6,29,37,6,43,0,43,0,0,1,0,0,8,1,0,4,0,0,0,0,0,3,0,0,0,0,0,0,0,0,1,0,0,0,0,0,0,5,0,0,2,0,0,17,1,0,0
181074,141,142,6,44,91,6,97,0,97,0,0,0,0,0,12,1,0,1,0,5,0,0,0,11,0,2,0,0,0,0,0,0,13,0,0,0,0,0,0,14,0,0,5,0,0,30,1,1,1
181075,102,101,1,47,54,1,55,0,55,0,0,0,0,0,3,0,0,2,0,4,0,0,0,7,0,0,0,0,0,0,0,0,9,0,0,0,0,0,0,16,0,0,1,1,0,12,0,0,0
181076,198,193,10,66,122,10,132,0,132,2,0,0,0,0,17,0,0,6,0,6,0,0,0,24,0,1,0,0,1,0,0,1,19,0,0,0,0,0,0,29,0,0,0,0,0,24,0,0,2
181077,741,739,38,284,424,33,457,0,457,0,2,0,0,0,23,0,0,4,0,33,0,0,0,89,0,1,0,0,3,1,0,0,68,3,1,0,0,0,0,65,0,0,21,1,0,139,3,0,0
181078,156,158,0,50,106,0,106,0,106,0,0,1,0,0,4,0,0,5,0,6,0,0,0,7,0,0,0,0,0,0,0,0,7,0,0,0,0,0,0,22,0,0,0,0,0,53,1,0,0
181079,372,373,24,129,219,24,243,0,243,2,0,0,0,0,19,1,0,5,0,11,0,0,1,55,0,0,0,0,3,0,0,1,43,1,0,0,0,0,0,35,0,0,10,0,1,54,1,0,0
181080,75,75,5,27,43,5,48,0,48,1,0,0,0,0,6,0,0,3,0,1,0,0,0,6,0,0,0,0,1,0,0,0,10,0,0,0,0,0,0,3,0,0,1,0,0,16,0,0,0
181081,219,216,0,82,137,0,137,0,137,1,0,0,1,0,5,0,0,1,0,6,0,0,0,17,0,0,0,0,0,0,0,0,30,0,0,0,0,0,0,36,0,0,1,0,0,36,2,0,1
181082,675,666,19,306,351,18,369,0,369,4,0,0,0,0,27,0,1,6,0,29,0,0,0,87,0,0,0,0,1,0,0,2,73,0,0,0,0,0,0,49,0,1,10,0,0,74,3,1,1
181083,534,526,12,244,279,11,290,0,290,2,0,0,0,2,10,0,0,13,0,10,0,0,0,63,0,0,0,0,1,0,0,0,34,2,0,0,0,0,1,60,0,0,6,0,0,71,6,1,8
181084,198,196,13,66,119,13,132,0,132,2,0,0,0,0,9,0,0,4,0,8,0,0,0,26,0,0,0,0,0,0,0,1,30,0,0,0,0,0,0,29,0,0,3,0,0,19,0,0,1
181085,246,238,12,99,135,12,147,0,147,2,0,0,0,0,12,0,0,2,0,2,0,0,0,31,0,0,0,0,3,0,0,2,28,1,1,0,1,1,0,24,0,0,3,1,0,32,1,0,0
181086,408,402,19,146,243,19,262,0,262,0,0,0,0,0,11,0,0,3,0,8,0,0,0,63,0,0,0,0,13,0,3,1,42,0,1,0,0,0,0,21,0,0,14,0,0,80,2,0,0
181087,54,55,8,7,39,8,47,0,47,0,0,0,0,0,3,0,0,2,0,2,0,0,0,4,0,1,0,0,0,0,0,0,5,0,0,0,0,0,1,3,0,0,1,0,0,18,3,1,3
181088,156,150,8,46,102,8,110,0,110,1,0,0,0,0,11,0,0,1,0,9,0,0,1,14,0,1,0,0,3,0,0,0,22,0,0,0,0,0,0,14,0,0,7,0,0,22,4,0,0
181089,474,467,23,189,264,21,285,0,285,2,0,0,1,0,6,0,1,5,0,1,0,0,1,62,0,2,0,0,3,0,0,1,64,0,0,0,0,0,1,56,0,0,15,0,2,58,2,0,2
181090,81,81,1,20,60,1,61,0,61,0,0,0,0,0,2,0,0,1,0,5,0,0,1,12,0,0,0,0,0,0,0,0,7,0,0,0,0,0,0,14,0,0,3,0,0,16,0,0,0
181091,489,480,24,190,280,19,299,0,299,4,0,1,0,0,13,0,0,6,0,21,0,0,0,69,0,1,0,0,1,0,0,1,63,0,0,0,0,0,0,36,0,0,4,0,0,75,1,0,3
181092,471,469,29,190,255,26,281,0,281,6,0,0,0,2,10,0,0,1,0,16,0,0,0,55,0,0,0,0,2,0,0,0,71,0,0,0,0,0,0,41,0,0,16,0,0,58,3,0,0
181093,222,220,17,91,114,17,131,0,131,0,0,0,0,0,9,0,0,1,0,10,0,0,0,14,0,0,0,2,0,0,0,1,26,0,0,0,0,0,1,34,0,0,2,0,0,29,0,0,2
181094,177,172,13,48,116,13,129,0,129,0,0,0,0,0,2,0,0,2,0,9,0,0,0,20,0,0,0,0,0,0,0,0,18,0,0,0,0,0,0,23,0,0,8,0,0,43,4,0,0
181095,261,258,23,75,167,19,186,0,186,0,0,0,0,0,18,1,0,6,0,6,0,0,0,28,0,0,0,0,0,0,0,0,38,0,1,0,0,0,0,23,0,0,5,0,0,56,3,0,1
181096,147,145,11,33,103,11,114,0,114,0,0,0,0,1,19,0,0,5,0,9,0,0,1,17,0,0,0,0,0,0,0,0,13,0,1,0,0,0,0,22,0,0,0,0,0,22,2,0,2
181097,189,184,6,70,113,6,119,0,119,2,0,0,0,1,15,0,0,1,0,4,0,0,0,13,0,0,0,0,3,0,0,1,24,0,0,0,0,0,2,25,0,0,1,0,0,26,0,0,1
181098,291,291,15,79,198,14,212,0,212,0,0,1,0,0,29,0,0,6,1,17,0,0,0,40,0,0,0,0,0,0,0,2,44,0,0,0,1,0,0,20,0,0,4,0,0,43,3,0,1
181099,516,508,21,205,290,21,311,0,311,4,0,0,0,1,27,1,0,3,0,20,0,0,0,100,0,0,0,0,0,0,0,1,57,0,0,0,0,0,0,27,0,0,8,0,0,55,6,0,1
181100,72,73,1,23,49,0,49,0,49,1,0,0,0,0,1,0,0,1,0,2,0,0,0,5,0,0,0,0,0,0,0,0,12,1,0,0,0,0,0,14,0,0,0,0,0,12,0,0,0
181101,354,352,28,127,201,26,227,0,227,4,0,0,0,1,26,0,0,2,0,19,0,2,0,43,0,0,0,0,2,0,0,3,46,0,1,0,0,0,0,35,0,0,4,1,0,32,2,0,4
181102,798,788,38,327,437,34,471,0,471,4,0,1,2,0,60,0,0,13,0,25,0,0,0,87,1,0,0,1,7,1,1,0,77,0,0,0,0,0,2,68,0,2,9,1,1,107,0,1,0
181103,177,178,14,67,98,12,110,0,110,1,0,0,0,0,1,0,0,2,0,4,0,0,0,34,0,0,0,0,0,0,0,0,15,0,0,0,0,0,1,13,0,0,1,0,0,35,2,0,1
181104,192,190,10,77,105,10,115,0,115,1,0,0,0,0,5,0,0,4,1,5,0,0,0,23,0,0,0,0,1,0,0,1,14,0,0,0,0,0,0,15,0,0,1,0,0,40,2,0,2
181105,408,403,13,132,264,12,276,0,276,3,0,1,0,0,10,0,1,7,0,24,0,0,1,47,0,0,0,0,0,0,0,1,37,1,0,0,0,0,0,45,0,0,17,0,0,76,5,0,0
181106,183,181,10,62,112,9,121,0,121,1,1,0,0,0,12,1,1,4,0,5,0,0,0,17,0,0,0,0,1,0,0,0,15,0,0,0,0,0,0,28,0,0,5,0,0,28,1,0,1
181107,156,158,13,51,94,11,105,0,105,0,0,0,0,0,0,1,0,1,0,8,0,0,0,15,0,0,0,0,1,0,0,0,13,0,0,0,0,0,1,21,0,0,2,0,0,40,2,0,0
181108,297,293,10,90,197,10,207,0,207,0,1,0,0,0,12,1,0,2,0,14,0,0,1,38,0,0,0,0,1,0,0,1,44,1,0,0,0,0,0,30,0,0,14,0,0,47,0,0,0
181109,132,132,10,48,76,8,84,0,84,1,1,0,0,1,4,0,0,1,0,4,0,0,0,11,0,0,0,0,1,0,0,0,18,0,0,0,0,0,0,23,0,0,0,0,1,16,0,0,2
181110,204,198,20,60,124,20,144,0,144,0,0,1,1,0,10,0,0,1,1,6,0,0,0,21,0,0,0,0,0,0,0,1,30,0,0,0,0,0,0,27,0,1,4,0,0,39,0,0,1
181111,177,177,10,63,104,10,114,0,114,1,0,0,0,0,9,0,0,2,0,11,0,0,0,9,0,0,0,0,1,1,0,0,36,0,0,0,0,0,0,26,0,0,1,0,0,17,0,0,0
181112,1218,1191,7,529,682,7,689,0,689,2,0,1,3,1,33,1,0,6,0,53,0,0,0,203,1,1,0,0,9,0,0,1,66,0,0,0,0,0,0,111,1,0,65,0,0,118,7,2,4
181113,1197,1182,6,452,739,6,745,0,745,5,0,0,3,0,50,1,0,10,0,44,0,1,1,183,0,0,0,0,7,0,0,0,64,0,1,0,0,0,0,150,0,2,74,0,0,137,8,1,3
181114,1008,999,9,386,613,9,622,0,622,3,0,0,2,1,43,0,0,14,1,32,0,0,0,156,0,2,0,0,8,0,0,1,59,0,2,0,0,0,1,110,1,0,52,0,0,123,6,2,3
181115,477,465,8,190,279,8,287,0,287,6,0,0,2,0,14,0,0,1,1,10,0,0,0,73,0,1,0,0,1,0,0,1,38,3,1,0,0,0,1,50,0,0,13,1,0,68,0,1,1
181116,264,263,15,80,169,15,184,0,184,1,0,0,0,1,12,0,0,1,0,7,0,0,0,42,0,0,0,0,2,0,0,0,34,0,1,0,0,0,0,26,0,0,6,0,0,44,5,0,2
181117,108,108,2,23,83,2,85,0,85,0,0,0,0,0,5,0,0,1,0,5,1,0,0,17,0,0,0,0,0,0,0,0,13,0,0,0,0,0,0,24,0,0,1,0,0,17,1,0,0
181118,156,18,1,139,16,1,17,0,17,1,0,0,0,0,1,0,0,1,0,1,0,0,0,0,0,0,0,0,0,0,0,0,1,0,0,0,0,0,0,6,0,0,1,0,0,5,0,0,0
181311,2043,2010,29,887,1132,24,1156,0,1156,15,2,0,3,7,77,2,0,31,0,78,0,1,1,345,2,0,1,0,21,0,1,1,67,1,5,0,0,0,1,179,0,0,160,1,2,132,7,2,11
181312,1044,1042,11,426,607,11,618,0,618,6,0,3,1,1,39,0,0,18,0,36,0,1,1,182,0,0,0,0,16,0,0,0,40,0,3,0,0,0,1,95,0,1,67,0,0,96,3,0,8
181313,1008,995,17,368,626,14,640,0,640,6,0,1,2,1,61,1,0,17,0,35,0,2,0,216,0,0,0,0,12,0,0,1,53,0,0,0,0,0,1,107,0,0,51,0,3,67,3,0,0
181314,1848,1810,27,737,1094,17,1111,0,1111,14,2,3,5,0,83,0,0,24,2,39,0,1,3,382,0,1,0,1,28,0,1,0,90,2,7,0,0,0,0,163,0,1,79,0,0,157,8,1,14
181315,2145,2064,8,749,1389,7,1396,0,1396,14,2,2,3,0,149,0,0,36,0,102,1,1,1,447,2,0,0,0,19,0,0,0,54,2,2,0,0,0,1,254,0,1,198,0,1,90,2,1,11
181316,1752,1710,21,608,1128,16,1144,0,1144,10,0,0,6,4,182,0,1,28,1,44,0,3,3,352,0,0,1,0,21,0,2,0,48,0,3,0,0,0,1,159,0,1,164,0,1,100,4,1,4
181317,1884,1600,7,856,1025,3,1028,0,1028,20,3,1,2,1,81,1,0,19,0,64,0,1,1,383,1,0,0,0,27,0,1,3,58,0,2,0,1,0,4,170,0,0,114,0,1,53,7,2,7
181318,1776,1717,18,686,1077,13,1090,0,1090,8,4,2,2,0,169,1,1,19,0,64,0,0,0,332,1,0,0,2,19,1,0,2,47,1,3,0,0,1,1,172,0,1,138,1,3,84,5,1,5
181319,1341,1311,22,518,804,19,823,0,823,15,0,1,2,0,49,1,0,12,0,46,0,1,1,284,1,2,0,0,9,0,0,0,46,0,1,0,0,0,1,128,0,1,110,0,2,102,4,0,4
181320,2247,2206,24,832,1397,18,1415,0,1415,16,4,0,1,0,76,1,0,25,0,87,1,1,0,478,0,3,0,0,22,0,0,0,108,0,5,0,0,1,0,197,1,5,176,0,1,184,9,1,12
181321,885,863,17,374,497,14,511,0,511,5,3,2,1,0,29,0,2,5,0,21,0,0,0,164,0,2,0,0,8,0,0,1,61,0,4,0,0,0,1,64,0,0,52,0,1,80,3,0,2
181322,1929,1887,11,708,1213,8,1221,0,1221,27,3,8,3,0,93,0,0,23,1,84,0,0,1,394,2,0,0,1,27,0,1,1,65,1,0,0,0,0,1,198,0,3,129,1,2,137,4,0,11
181323,1881,1851,30,725,1131,25,1156,0,1156,18,2,1,5,1,98,0,0,22,0,62,0,2,1,356,0,1,0,0,17,0,0,5,80,1,3,0,0,0,3,188,0,1,161,0,1,116,6,0,5
181324,1680,1640,21,655,1013,12,1025,0,1025,14,3,3,2,0,59,0,0,25,0,55,0,0,0,348,0,1,0,0,16,0,0,0,45,1,2,0,0,1,1,165,0,0,132,1,0,141,4,0,6
181325,1908,1883,37,808,1079,21,1100,0,1100,9,1,0,1,0,76,3,0,17,0,52,0,2,0,371,0,1,0,0,20,0,0,2,64,0,4,0,0,0,1,173,0,2,133,1,0,147,6,1,13
181326,1092,1081,24,465,606,21,627,0,627,7,3,2,2,0,54,4,0,12,1,25,0,1,1,206,1,0,0,0,16,0,0,0,53,0,2,0,0,0,1,91,0,0,53,0,1,80,6,1,4
181327,1359,1335,24,492,849,18,867,0,867,9,1,0,2,1,53,0,0,12,0,54,0,1,0,314,3,0,0,0,11,0,1,1,79,1,3,0,0,0,1,97,1,0,107,0,0,104,6,1,4
181328,2271,2235,33,887,1351,33,1384,0,1384,13,1,3,2,0,120,0,0,39,0,62,0,1,0,450,0,0,0,0,30,0,1,1,83,1,1,0,0,0,4,216,0,0,150,0,3,191,1,3,8
181329,1875,1847,24,693,1162,20,1182,0,1182,12,5,0,0,0,110,1,2,17,0,69,0,1,0,346,2,0,0,0,26,0,0,0,85,2,1,0,0,0,0,172,0,1,179,0,1,138,3,2,7
181330,1566,1543,20,588,963,15,978,0,978,9,0,2,7,1,67,0,0,12,0,42,0,3,2,320,2,0,0,0,14,0,0,2,59,0,2,0,0,1,0,166,0,1,146,0,0,116,4,0,0
181331,1779,1750,16,644,1124,11,1135,0,1135,15,0,4,2,5,67,1,0,18,0,69,1,1,1,388,3,1,0,0,35,1,1,0,71,0,9,0,0,0,1,142,0,1,146,0,1,131,4,2,14
181332,1497,1433,27,558,922,17,939,0,939,8,0,1,1,0,80,3,0,16,0,47,1,1,1,282,1,1,0,0,20,0,0,1,45,1,4,0,1,0,1,163,0,0,158,0,0,96,2,0,4
181333,2040,2005,16,756,1272,12,1284,0,1284,11,3,1,4,1,108,0,0,27,1,65,0,1,0,364,0,0,0,0,16,0,1,0,74,0,6,0,1,0,2,249,2,2,179,0,0,151,7,0,8
181334,1860,1825,15,615,1233,12,1245,0,1245,11,3,2,3,2,89,0,1,17,0,73,0,1,1,344,0,0,0,0,18,1,0,0,82,0,3,0,0,0,2,252,0,2,169,1,1,144,9,2,12
181335,1044,1034,27,383,640,21,661,0,661,6,1,0,1,0,51,0,0,17,0,48,0,0,0,184,0,0,0,0,13,1,0,0,32,2,2,0,0,0,0,134,1,0,104,0,0,60,3,0,1
181336,831,818,14,361,457,13,470,0,470,5,1,1,1,0,25,0,0,14,0,11,0,0,0,161,2,0,0,0,10,0,0,0,52,1,1,1,0,0,0,68,0,0,45,0,1,62,2,1,5
181337,417,226,66,224,136,57,193,0,193,4,1,0,2,1,11,0,0,5,0,7,0,2,0,46,0,0,1,0,4,0,0,0,18,1,0,0,0,0,0,28,0,0,26,0,0,32,2,0,2,01,04,2019,00,15
