210003,1353,1343,17,957,382,14,396,0,396,13,6,1,0,1,32,0,0,27,1,12,2,1,0,209,0,0,0,2,4,1,1,2,14,1,0,0,0,0,0,22,0,0,17,0,1,20,1,4,1
210004,2148,2133,9,1296,844,8,852,0,852,19,2,2,5,0,72,3,0,32,0,29,1,0,2,470,1,1,2,1,4,0,0,5,31,2,0,1,0,0,3,38,3,0,19,0,1,94,4,1,4
210005,567,571,22,329,216,22,238,0,238,11,1,0,1,1,31,0,1,11,1,7,0,1,1,125,0,0,0,0,0,0,0,0,7,0,0,0,0,0,0,12,1,1,5,0,0,15,2,0,3
210012,1380,1377,25,941,417,22,439,0,439,17,2,1,0,1,54,1,0,19,0,10,1,1,0,214,1,1,0,0,3,2,0,3,3,1,0,0,1,0,0,15,1,1,8,0,0,73,2,0,3
210013,930,924,9,669,253,8,261,0,261,10,1,0,1,1,11,0,2,8,0,2,0,2,1,132,0,0,1,0,0,0,1,1,5,1,1,0,0,0,1,4,0,0,15,1,0,50,7,0,2
210015,2214,2197,8,1721,485,8,493,0,493,29,6,2,4,1,62,3,0,8,1,9,1,1,2,263,2,3,0,0,0,0,0,1,9,2,0,0,0,2,4,23,2,1,2,0,1,38,6,1,4
210017,987,980,20,753,220,14,234,0,234,21,0,1,1,1,17,2,1,8,1,7,1,0,1,117,0,1,0,0,0,1,1,1,2,0,0,0,0,0,2,9,0,0,3,0,0,31,3,0,1
210019,1341,1337,24,969,363,9,372,0,372,8,0,0,3,0,64,2,2,31,0,11,0,0,1,184,0,0,2,0,0,0,0,2,4,2,1,1,0,1,1,10,0,1,12,4,0,17,3,2,3
210021,1734,1729,17,1320,397,17,414,0,414,19,0,1,5,2,53,1,2,28,0,6,1,1,1,215,1,2,0,0,1,0,0,2,7,0,0,1,0,0,3,26,0,1,7,2,0,24,0,0,2
210029,813,807,17,609,197,7,204,0,204,25,1,1,0,0,32,2,0,18,0,2,1,0,5,77,0,1,0,0,0,0,0,1,1,0,0,0,1,0,0,14,1,0,2,0,0,16,0,1,2
210030,525,523,10,364,153,8,161,0,161,4,1,0,0,0,32,2,0,28,1,9,0,0,0,49,1,2,0,0,0,0,0,0,1,0,0,0,1,0,0,4,0,0,0,0,2,18,4,0,2
210031,699,696,5,522,172,5,177,0,177,22,3,0,1,1,7,1,0,9,0,9,0,0,0,82,0,0,0,0,0,1,0,2,2,0,0,0,0,0,1,10,0,0,1,0,0,21,4,0,0
210032,2199,2183,36,1192,975,32,1007,0,1007,11,1,1,2,2,65,0,1,9,0,39,0,0,0,550,1,0,0,1,8,0,0,1,47,0,4,1,0,0,1,93,0,1,33,0,0,121,9,1,4
210035,1035,1031,21,678,340,17,357,0,357,14,2,0,0,0,58,0,0,29,0,7,0,2,0,175,1,0,0,0,1,1,0,0,9,0,0,0,0,1,0,13,0,0,2,1,0,31,7,2,1
210172,573,573,15,321,238,14,252,0,252,7,0,1,4,7,6,1,1,6,0,1,1,2,2,54,2,1,0,0,1,0,0,5,26,0,0,0,0,0,0,12,0,1,1,0,2,79,25,0,4
210173,1974,1955,15,1285,674,15,689,0,689,14,1,0,0,1,126,1,1,12,0,27,0,0,0,207,1,0,0,0,3,1,0,2,92,2,1,0,0,0,2,47,1,0,9,0,1,125,7,0,5
210174,1239,1227,21,665,554,20,574,0,574,13,0,0,1,0,58,0,0,15,0,19,0,0,1,265,0,0,0,0,0,0,0,1,42,0,0,0,1,0,0,42,0,0,32,2,1,70,5,0,6
210175,2037,2022,44,1193,801,43,844,0,844,9,0,1,0,0,84,1,1,13,0,27,0,2,2,379,0,0,0,0,4,0,0,1,89,2,2,0,0,0,1,87,0,0,40,0,3,75,8,2,11
210176,1284,1270,17,728,544,12,556,0,556,17,2,1,0,1,80,1,2,15,2,18,0,0,1,212,0,1,1,1,2,0,0,1,74,1,1,1,0,1,0,34,0,0,6,0,0,65,9,2,4
210177,1419,1406,42,742,635,42,677,0,677,10,0,1,1,0,95,2,0,14,0,10,0,1,1,259,0,1,0,0,0,0,1,2,90,1,0,0,1,0,0,50,0,0,17,0,1,112,3,2,2
210178,1821,1798,4,1094,723,4,727,0,727,16,3,1,0,0,47,3,0,11,1,38,0,0,1,312,1,0,0,0,1,1,0,1,55,1,1,0,0,1,0,82,1,0,37,0,0,99,6,2,5
210179,1707,1697,14,879,816,12,828,0,828,16,2,0,0,0,66,0,0,14,0,39,0,2,0,304,1,0,0,0,5,0,0,3,71,0,0,0,0,0,5,102,0,1,70,0,2,108,6,1,10
210180,1809,1792,4,1002,803,4,807,0,807,14,0,1,0,1,51,1,0,14,0,38,0,0,0,334,0,0,0,0,13,0,0,0,70,1,2,0,0,0,2,98,0,0,33,0,0,116,5,4,9
210203,1170,1191,45,595,532,43,575,0,575,15,0,2,0,1,17,0,0,3,0,19,1,0,1,236,0,0,1,0,9,0,1,3,52,1,2,0,0,0,2,51,1,0,32,0,0,113,5,2,5
210204,621,641,26,267,329,25,354,0,354,5,0,0,1,0,34,1,0,5,0,12,0,1,0,141,0,0,1,0,5,0,0,1,47,1,1,0,1,0,1,17,0,0,6,1,0,61,6,2,3
210205,348,356,10,155,183,10,193,0,193,0,0,0,0,0,16,0,1,4,0,4,1,0,0,54,2,0,0,0,0,0,0,1,26,0,0,0,0,0,0,22,0,0,3,0,2,51,2,1,3
210206,234,231,13,103,118,13,131,0,131,0,1,0,0,0,12,0,0,9,0,0,0,0,1,29,0,0,0,0,0,0,0,0,20,0,0,1,0,0,0,14,0,0,0,0,1,38,4,0,1
210207,117,116,3,46,69,2,71,0,71,3,0,1,0,1,1,0,0,3,0,1,0,0,0,16,0,0,0,0,0,0,0,0,17,0,0,0,0,0,0,7,0,0,2,0,1,18,0,0,0
210208,723,714,39,366,319,38,357,0,357,11,2,0,0,2,20,0,0,5,0,14,0,0,0,138,0,0,1,0,8,0,0,0,43,1,0,0,0,0,0,25,0,1,5,0,2,60,2,8,9
210209,417,413,28,129,260,28,288,0,288,4,0,1,0,0,13,0,0,14,0,6,0,0,0,78,0,0,0,1,10,0,0,2,32,0,0,0,0,0,0,41,0,0,11,0,0,63,8,1,3
210210,777,770,21,326,431,20,451,0,451,6,1,0,0,0,21,0,0,9,0,10,0,0,2,188,0,2,0,0,6,0,0,2,50,0,2,0,1,0,0,23,2,0,19,1,1,90,10,2,3
210211,249,247,9,94,146,9,155,0,155,2,0,1,0,0,9,0,1,5,0,1,0,0,0,58,0,0,0,0,17,0,0,0,13,0,0,0,0,0,1,8,1,0,0,0,0,29,1,4,4
210212,198,196,4,85,110,3,113,0,113,2,0,0,0,0,11,0,0,5,0,3,0,0,0,17,0,0,0,0,7,0,0,1,15,0,1,0,0,0,9,0,0,3,0,1,0,33,3,1,1
210223,555,552,22,334,208,13,221,0,221,7,0,0,2,0,12,0,0,2,1,5,0,0,0,100,0,0,0,0,1,0,0,0,27,0,1,2,1,0,0,16,0,0,6,0,1,31,1,0,5
210224,582,579,24,277,292,13,305,0,305,0,1,1,1,1,16,0,0,3,0,22,0,0,1,113,0,0,0,0,2,0,0,1,27,0,1,0,0,0,0,20,0,0,3,0,0,88,2,1,1
210225,1107,1098,59,636,418,53,471,0,471,8,0,0,0,0,34,3,2,6,0,21,0,0,0,188,0,0,1,0,0,0,1,1,42,0,0,0,0,0,0,36,0,1,7,0,1,109,7,2,1
210226,531,523,23,258,253,20,273,0,273,3,0,1,0,0,23,0,0,13,0,5,0,0,0,84,0,0,0,0,2,0,1,1,40,0,0,0,0,0,1,23,0,0,3,0,0,65,5,1,2
210227,1479,1467,33,733,717,29,746,0,746,15,0,1,3,0,33,0,1,2,1,50,0,0,0,317,0,0,0,0,5,0,1,1,55,0,4,0,0,0,4,52,1,0,22,0,1,146,13,6,12
210228,765,763,26,356,385,24,409,0,409,4,0,0,0,0,32,1,0,4,0,12,0,0,2,152,1,0,0,0,6,0,1,1,73,0,0,0,0,0,0,19,1,1,2,0,0,84,1,5,7
210303,1863,1854,32,1105,733,25,758,0,758,19,1,0,1,1,60,13,1,6,0,29,0,0,3,340,1,0,0,0,4,0,0,0,58,0,0,0,0,0,0,72,1,2,24,1,0,115,0,1,5
210304,2010,1989,21,1212,783,15,798,0,798,11,1,0,0,2,53,10,0,12,0,48,1,2,0,370,1,1,0,0,1,1,1,0,50,1,2,0,0,0,0,79,0,0,21,0,1,118,4,2,5
210305,1425,1397,19,925,488,12,500,0,500,20,3,5,0,1,36,3,2,4,1,30,0,0,1,227,1,0,1,0,0,0,1,1,31,0,1,0,1,0,3,49,3,0,15,0,1,52,2,2,3
210306,1329,1336,37,800,492,37,529,0,529,12,0,0,0,0,52,4,0,6,0,10,0,0,0,261,0,0,0,0,4,0,1,1,49,1,0,0,0,0,1,39,0,0,7,0,0,71,8,0,2
210307,2187,2167,16,1107,1072,8,1080,0,1080,18,0,5,2,0,82,2,0,22,0,52,0,2,2,492,4,0,0,0,0,0,0,2,69,1,0,0,0,0,0,121,0,0,16,1,0,161,14,1,11
210308,996,983,3,600,394,2,396,0,396,8,1,1,1,0,26,3,0,6,0,16,0,0,1,162,1,0,0,0,4,1,0,0,39,1,0,0,0,0,0,51,0,0,8,0,0,62,2,0,2
210309,2154,2146,13,1566,575,13,588,0,588,24,0,3,0,0,69,59,2,19,0,4,0,1,4,344,0,1,1,0,1,0,0,1,9,0,1,0,0,0,2,18,0,1,4,0,0,17,2,0,1
210310,1707,1699,22,1215,480,12,492,0,492,19,2,2,3,2,44,2,3,26,2,11,0,0,0,185,1,1,0,0,0,1,1,1,31,0,0,0,0,0,1,61,1,1,13,1,0,62,11,1,3
210311,441,436,19,219,204,18,222,0,222,3,2,0,0,1,15,0,0,9,0,13,0,0,0,88,0,3,0,0,0,0,0,0,23,0,0,0,0,0,0,19,0,0,4,0,0,40,1,0,1
210312,1278,1278,51,426,803,49,852,0,852,19,0,1,2,0,62,0,0,13,3,8,0,0,1,386,0,1,0,0,1,0,0,0,64,0,3,0,0,0,0,55,0,5,38,0,0,163,11,5,11
210313,1368,1356,22,631,720,17,737,0,737,14,0,0,2,2,46,0,0,4,0,20,0,0,0,392,0,0,0,0,5,0,1,2,50,0,0,0,0,0,0,53,0,6,21,0,0,108,8,3,0
210314,1386,1373,26,748,615,23,638,0,638,10,1,0,0,1,28,11,0,4,0,34,0,0,1,288,1,2,0,0,0,0,0,6,41,0,1,0,0,0,1,78,0,0,17,0,2,93,13,0,5
210315,405,401,2,213,190,2,192,0,192,3,1,1,0,0,24,0,0,2,0,1,0,0,0,75,0,0,0,0,0,0,0,1,22,0,0,0,0,0,0,19,0,2,1,1,0,34,2,0,3
210316,207,207,10,90,107,10,117,0,117,1,0,0,0,1,9,0,0,2,0,2,0,1,0,28,0,2,0,0,0,0,0,0,9,0,0,0,1,3,0,24,0,0,0,0,0,33,0,0,1
210317,1422,1416,22,812,593,17,610,0,610,26,0,0,0,0,55,13,0,7,0,13,0,0,0,266,0,0,0,0,0,0,0,0,51,0,0,0,0,0,0,39,0,0,6,0,0,122,8,0,4
210318,594,594,9,232,353,9,362,0,362,14,0,1,0,0,23,0,0,7,0,16,0,1,0,156,1,0,0,0,1,0,0,1,21,0,0,0,0,0,2,38,0,2,3,0,1,58,8,4,4
210319,1002,997,13,444,545,13,558,0,558,11,2,0,1,0,34,5,0,8,0,54,0,0,0,205,0,0,0,0,3,0,0,1,45,0,1,0,0,0,0,68,0,0,27,0,1,78,7,3,4
210320,495,492,11,193,291,11,302,0,302,6,1,0,0,0,24,0,0,2,1,16,0,0,0,128,0,1,0,0,1,1,0,0,25,0,0,0,0,0,1,31,0,0,13,0,0,42,4,1,4
210321,1551,1533,12,727,816,8,824,0,824,19,3,1,2,1,40,10,0,8,0,51,0,0,1,317,0,0,0,0,8,0,1,4,39,0,3,0,0,0,1,73,0,0,52,1,1,171,10,3,4
210322,624,624,34,249,346,29,375,0,375,5,0,0,0,0,23,6,0,4,0,13,0,0,0,151,1,0,0,0,6,0,0,2,29,0,1,0,1,1,1,41,1,0,8,0,1,77,1,1,1
210323,330,325,12,163,157,10,167,0,167,2,0,0,0,1,4,1,0,1,0,16,0,0,1,62,0,0,0,0,0,1,0,0,13,1,0,0,0,0,1,27,0,0,5,0,1,29,0,0,1
210324,207,201,8,98,101,8,109,0,109,0,0,0,0,0,10,0,0,1,0,0,2,0,0,26,0,0,0,0,0,0,0,0,20,0,0,0,0,0,0,14,0,0,1,0,0,33,0,0,2
210325,81,79,5,31,46,4,50,0,50,0,0,0,0,0,2,0,0,1,0,0,0,0,0,10,0,0,0,0,0,0,0,0,3,0,0,0,0,0,0,7,0,0,0,0,0,26,1,0,0
210326,2079,2062,29,1059,999,21,1020,0,1020,25,1,2,3,0,54,23,0,11,0,50,0,2,1,460,0,0,0,1,5,0,2,1,56,2,0,0,0,0,1,101,1,0,40,1,2,147,12,2,14
210327,549,544,18,210,321,18,339,0,339,4,0,0,0,0,22,2,0,4,0,1,0,0,0,108,0,0,1,0,0,1,0,1,21,0,0,0,0,0,1,102,0,0,8,0,1,54,4,2,2
210328,204,204,5,101,98,5,103,0,103,0,0,1,0,0,0,0,0,1,0,2,0,4,0,16,0,0,1,0,0,0,0,0,5,0,0,0,0,0,0,28,0,0,0,0,2,39,3,0,1
210329,123,126,2,59,62,2,64,0,64,3,0,0,1,0,4,0,0,0,0,1,0,0,0,8,0,0,0,0,0,0,0,0,4,0,2,0,1,0,0,19,0,0,4,0,0,15,1,0,1
210330,201,197,7,99,99,3,102,0,102,2,0,0,0,0,1,0,2,11,0,2,0,0,0,13,0,0,0,0,0,0,0,0,15,0,0,0,0,0,0,21,1,0,1,0,1,31,0,0,1
210332,711,704,18,198,495,18,513,0,513,8,0,1,0,0,40,3,0,12,0,22,0,0,0,174,1,0,0,0,0,0,0,0,58,0,0,0,0,0,0,67,0,0,7,2,4,106,3,2,3
210333,519,515,17,189,313,17,330,0,330,8,0,0,0,1,22,19,1,3,0,8,1,0,0,138,0,0,1,0,1,0,1,1,16,0,0,0,0,0,0,32,0,0,8,0,1,61,1,1,5
210334,1083,1079,36,419,635,29,664,0,664,9,1,0,0,1,23,19,1,9,0,27,0,0,1,310,0,0,1,0,2,0,1,3,18,0,0,1,0,0,0,52,0,0,15,0,2,150,11,0,7
210335,1260,1255,24,623,614,23,637,0,637,13,0,0,0,1,37,57,0,8,0,17,0,0,2,250,2,0,1,0,3,0,0,0,51,0,2,0,0,0,2,69,1,0,20,0,2,82,10,2,5
210336,780,774,12,420,348,12,360,0,360,3,0,0,2,0,24,28,0,6,1,20,1,0,1,131,0,1,0,0,0,0,0,1,37,0,0,0,1,0,1,34,0,0,12,0,1,48,4,1,2
210337,2052,2041,11,1055,988,9,997,0,997,34,1,0,0,2,62,16,0,11,1,35,0,1,2,437,0,0,0,0,2,0,0,2,51,0,1,0,0,0,1,84,0,1,29,0,0,194,18,3,9
210338,939,939,5,512,423,4,427,0,427,11,1,0,0,0,9,4,0,8,0,17,0,0,1,195,0,0,0,0,6,0,0,0,25,0,2,0,0,0,1,38,0,0,12,1,0,78,15,0,3
210339,732,728,31,299,408,25,433,0,433,7,1,0,2,0,25,29,0,1,0,23,0,0,1,167,0,0,0,0,2,0,0,2,34,1,1,0,0,0,0,58,2,0,9,0,1,58,3,1,5
210343,831,819,9,382,442,7,449,0,449,23,2,0,0,3,29,16,1,13,4,23,0,1,2,194,2,0,0,0,2,0,0,1,19,0,1,1,0,0,0,47,0,0,14,0,0,44,2,1,4
210344,582,580,16,217,349,16,365,0,365,7,0,0,0,1,24,0,0,14,0,16,0,0,0,147,0,0,0,0,0,0,1,2,19,1,1,0,0,0,0,35,0,2,10,0,0,71,7,3,4
210345,405,394,21,158,229,18,247,0,247,3,1,0,0,0,20,1,0,0,1,3,0,0,0,58,2,0,0,0,0,0,0,0,19,0,1,1,0,0,1,87,1,0,4,0,2,34,0,1,7
210347,132,136,1,50,81,1,82,0,82,0,0,0,1,0,6,0,0,1,0,1,0,0,0,6,0,0,0,0,0,0,0,0,4,0,0,0,0,0,1,21,0,0,0,0,1,38,2,0,0
210348,282,281,12,92,178,12,190,0,190,9,0,0,0,0,9,0,0,0,0,6,0,0,0,43,0,0,0,0,0,0,0,4,14,0,0,0,0,0,0,82,0,0,0,0,0,19,0,0,4
210349,51,52,2,16,33,2,35,0,35,1,0,0,0,0,2,0,0,0,0,2,0,0,0,8,0,0,0,0,0,0,0,0,1,0,0,0,0,0,0,14,0,0,0,0,0,7,0,0,0
210350,2373,2351,22,1608,750,15,765,0,765,23,1,0,1,1,44,15,1,22,0,44,1,0,1,363,0,0,0,0,4,0,1,1,31,1,6,0,1,0,0,46,0,0,23,0,0,120,2,1,11
210351,1146,1128,3,676,468,2,470,0,470,11,0,0,0,0,16,12,0,4,1,19,0,0,1,213,0,1,0,0,0,0,0,7,25,1,5,0,1,1,0,39,2,0,22,0,1,75,5,2,6
210352,510,509,1,226,283,1,284,0,284,4,0,0,4,1,17,1,0,3,0,6,0,0,0,122,0,0,0,0,0,0,0,0,30,0,0,1,0,0,0,24,0,1,7,0,0,53,2,1,7
210353,828,821,12,408,415,5,420,0,420,6,0,1,0,2,28,3,1,6,0,28,0,0,0,194,0,0,0,1,0,0,0,0,25,0,1,0,0,0,0,33,0,0,12,0,0,68,3,2,6
210354,303,309,4,147,153,3,156,0,156,1,2,1,0,0,4,0,0,3,0,9,0,0,1,57,0,0,0,0,0,0,0,0,12,1,1,0,0,0,0,15,0,0,14,0,0,31,2,1,1
210355,1530,1518,46,983,501,46,547,0,547,71,9,2,1,0,45,0,0,23,1,4,1,0,1,155,0,1,0,0,0,0,0,1,37,1,0,1,0,0,3,133,2,0,5,0,1,34,11,1,3
210356,1626,1619,23,1152,451,23,474,0,474,54,1,5,2,7,28,9,3,19,0,8,0,0,0,157,0,0,0,0,1,0,0,1,18,1,0,1,0,1,2,107,0,1,3,0,0,34,9,0,2
210357,735,734,19,294,422,19,441,0,441,12,1,1,0,0,24,25,0,7,0,17,0,0,1,144,0,2,0,0,0,0,0,0,37,0,1,0,0,0,1,60,1,1,7,0,0,87,2,1,9
210358,183,185,7,64,112,7,119,0,119,1,0,0,1,1,6,2,0,0,0,1,0,0,0,47,0,0,0,0,1,1,0,0,3,0,0,0,0,0,0,32,0,0,1,0,0,20,1,1,0
210359,1200,1195,25,656,519,25,544,0,544,10,0,1,1,1,25,1,0,3,0,41,0,1,0,243,2,0,0,0,2,0,2,2,47,0,1,0,0,0,0,57,1,1,12,0,0,74,8,1,7
210360,1422,1410,14,822,591,9,600,0,600,13,2,2,3,2,22,1,0,9,3,53,0,0,0,289,1,1,0,0,1,0,1,1,32,1,0,0,0,0,1,54,0,0,10,0,0,91,2,2,3
210361,1146,1139,8,790,349,7,356,0,356,7,1,0,3,0,87,3,0,24,0,3,2,4,1,158,1,0,0,2,0,1,0,0,3,0,2,0,0,1,1,33,0,0,3,1,0,8,4,1,2
210362,1755,1797,0,1073,682,0,682,0,682,4,0,0,0,0,83,0,0,69,0,0,0,0,0,120,0,0,0,0,0,0,0,0,18,0,0,0,0,0,0,245,0,0,0,0,0,136,0,0,7
210363,345,348,5,114,227,4,231,0,231,4,2,0,0,0,17,19,0,1,1,7,0,0,0,91,0,0,0,0,0,0,1,0,15,1,0,0,0,0,1,35,0,0,20,1,0,13,1,1,0
210364,491,487,13,221,257,13,270,0,270,9,1,0,0,1,21,3,0,5,0,6,0,0,0,116,0,0,0,0,1,0,0,2,13,0,0,0,0,0,0,14,0,0,2,0,1,63,6,0,6
210365,204,203,4,60,140,4,144,0,144,2,0,0,0,0,7,1,0,3,0,9,0,1,0,50,0,0,0,0,0,0,0,1,12,1,0,0,0,0,0,18,0,0,1,0,0,35,1,0,2
210677,2466,2465,3,1123,1341,2,1343,0,1343,26,3,1,1,1,151,0,0,31,1,126,0,1,1,536,1,0,0,0,12,0,0,1,30,1,9,0,0,2,0,140,0,0,92,0,1,146,11,3,15
210678,2391,2368,7,929,1456,6,1462,0,1462,41,3,6,8,1,111,4,0,25,0,122,0,0,2,609,1,0,0,0,15,0,0,1,33,0,4,0,1,0,0,173,0,2,116,0,3,158,9,0,14
210679,2349,2324,4,993,1352,4,1356,0,1356,28,2,1,3,0,100,8,1,18,0,105,0,0,1,552,1,0,0,0,12,0,0,1,32,1,3,0,1,0,1,188,0,1,112,0,2,149,15,1,17
210680,1974,1968,1,861,1112,1,1113,0,1113,16,4,3,0,2,80,5,0,22,0,85,1,0,1,490,0,1,0,0,8,0,0,1,27,1,3,0,0,0,3,147,1,1,63,0,2,135,7,0,4
210681,2115,2087,7,953,1157,5,1162,0,1162,23,1,3,6,0,121,1,0,19,0,93,1,2,1,463,1,3,0,1,9,0,2,0,38,0,1,0,0,0,1,118,0,2,92,0,2,134,11,4,9
210682,2280,2246,2,931,1347,2,1349,0,1349,25,2,0,4,1,90,1,1,22,0,97,1,0,0,635,2,0,0,0,8,0,0,1,37,0,3,0,1,0,2,181,0,1,90,0,0,127,2,2,13
210683,2286,2296,12,987,1291,8,1299,0,1299,33,0,6,4,1,84,2,0,26,0,99,0,0,0,531,0,1,0,0,9,0,0,0,38,2,7,0,2,2,1,158,0,2,94,0,1,183,5,2,6
210684,2169,2155,10,1008,1155,6,1161,0,1161,24,1,1,1,2,108,3,0,15,0,91,1,0,1,480,1,0,1,0,3,0,0,0,48,1,2,0,1,0,0,138,0,0,87,0,3,136,3,1,8
210685,1239,1271,4,532,705,2,707,0,707,11,3,1,2,2,62,1,0,18,0,43,0,1,0,301,1,0,0,0,10,1,2,3,18,0,0,0,1,0,0,98,1,0,45,0,3,71,1,1,6
210686,816,823,2,411,403,2,405,0,405,14,1,2,2,0,37,2,0,8,0,29,0,0,0,158,0,1,0,0,3,0,0,0,10,0,1,0,0,0,0,45,0,0,39,0,2,43,4,0,4
210687,1191,1189,9,558,626,7,633,0,633,8,0,2,1,0,63,3,1,17,0,39,0,0,0,258,0,0,0,0,3,0,1,2,16,1,0,0,1,0,1,57,1,1,47,0,1,100,5,0,4
210688,1647,1640,7,698,944,5,949,0,949,19,1,0,7,1,59,1,0,16,0,73,0,2,0,403,0,0,0,0,14,0,0,1,17,0,5,0,0,0,0,113,1,2,75,1,0,127,7,1,3
210689,1311,1296,2,563,746,2,748,0,748,19,3,1,0,0,74,4,0,19,0,48,0,2,1,293,1,0,0,1,9,0,0,0,20,1,5,0,0,0,0,89,2,0,60,0,0,83,5,1,7
210690,1914,1900,7,824,1088,2,1090,0,1090,27,1,3,1,2,70,9,0,22,1,90,0,0,1,415,0,0,1,0,22,0,0,4,40,0,1,0,0,0,1,117,0,1,70,0,2,164,10,6,9
210691,1836,1813,8,848,983,5,988,0,988,30,1,2,0,2,88,9,1,17,0,71,2,0,1,391,0,0,0,0,10,0,2,1,37,1,6,0,0,0,1,103,0,1,62,0,1,129,9,2,8
210692,2211,2186,12,1034,1169,8,1177,0,1177,35,0,0,1,1,64,0,0,13,1,67,0,0,1,512,0,0,0,0,14,0,0,3,50,0,1,0,1,0,0,101,0,1,75,0,2,207,11,2,14
210693,1572,1565,0,818,754,0,754,0,754,16,2,3,1,0,65,2,0,12,1,41,0,0,0,330,0,0,2,0,8,0,0,0,20,0,1,0,0,0,0,76,0,0,58,1,2,94,13,1,5
210694,1581,1572,0,766,815,0,815,0,815,13,3,2,1,1,46,0,0,11,0,47,1,0,0,352,0,0,0,0,17,0,0,1,34,0,3,0,0,0,1,96,0,1,73,0,0,94,5,1,12
210695,1443,1429,3,791,649,3,652,0,652,16,0,3,2,1,43,2,0,9,0,36,0,0,0,281,1,0,1,0,4,0,0,0,31,0,1,0,0,0,0,73,0,0,40,0,1,93,5,0,9
210696,2061,2048,0,1641,420,0,420,0,420,19,2,1,0,8,8,1,1,5,0,11,0,1,2,82,0,1,1,0,0,0,0,6,17,1,0,0,0,0,1,8,0,0,0,0,7,211,26,0,0
210697,525,525,4,236,286,3,289,0,289,5,4,0,2,0,31,1,0,12,0,14,0,0,0,107,0,0,1,0,0,0,0,0,4,0,1,0,1,0,0,27,0,2,15,0,2,53,4,0,3
210698,2004,2056,69,965,978,61,1039,0,1039,47,0,0,0,2,90,0,0,23,0,59,0,0,0,437,0,0,0,0,10,0,0,7,39,0,0,2,0,0,0,116,0,0,79,0,0,107,11,0,10
210699,1458,1440,5,704,750,4,754,0,754,16,2,2,2,1,73,1,0,26,0,57,0,1,0,294,1,1,0,0,8,0,1,0,26,1,0,0,0,0,0,95,0,0,65,0,1,72,4,0,4
210700,1140,1133,2,530,608,2,610,0,610,8,0,0,4,2,53,0,0,8,0,45,0,0,0,277,0,0,0,0,9,0,0,2,15,0,2,0,0,0,0,59,0,1,40,0,1,79,0,3,2
210701,2052,2042,5,1045,1002,5,1007,0,1006,23,1,2,3,2,78,2,0,17,0,55,1,0,0,441,0,0,0,0,6,0,0,2,46,1,4,0,0,0,0,96,0,0,61,0,0,149,5,1,10
210702,2223,2206,3,1033,1188,2,1190,0,1190,18,2,1,4,3,157,8,0,13,0,53,0,1,0,483,1,0,0,0,14,0,0,1,46,1,1,0,5,0,1,128,0,1,108,3,2,117,9,0,9
210703,1761,1741,3,715,1043,3,1046,0,1046,21,3,0,5,1,174,6,0,20,0,67,1,0,0,408,0,0,0,0,7,1,0,0,25,3,5,0,1,0,2,111,0,0,82,0,0,92,4,1,6
210704,1800,1799,5,809,988,3,991,0,991,11,1,1,4,3,141,3,0,22,0,67,0,1,0,359,0,0,1,0,13,1,1,0,25,0,6,0,1,0,1,121,0,0,93,0,2,102,0,2,9
210705,2013,1998,8,838,1169,6,1175,0,1175,17,2,3,3,1,185,3,0,30,0,75,0,0,0,468,2,0,0,0,10,1,0,1,29,1,3,0,0,0,1,111,1,3,83,0,2,119,9,2,10
210706,1524,1508,2,670,854,0,854,0,854,18,1,2,3,0,114,1,0,23,1,36,0,0,0,324,2,0,1,1,6,0,0,2,36,0,6,0,0,0,0,80,0,0,81,0,2,95,8,5,6
210707,1458,1457,6,641,812,5,817,0,817,14,5,5,4,0,92,0,0,18,0,49,0,0,0,339,0,0,0,0,7,0,1,1,43,0,1,0,0,0,0,82,0,1,53,1,2,81,15,1,2
210708,1812,1806,7,950,855,7,862,0,862,12,0,1,4,0,42,0,0,14,1,61,1,1,1,374,0,4,0,0,14,0,0,1,33,1,3,0,0,0,1,95,0,1,61,0,2,112,10,5,7
210709,1677,1690,6,706,966,5,971,0,971,18,1,0,1,2,51,1,1,20,0,50,0,1,1,472,0,1,0,0,5,0,0,1,37,0,3,0,0,0,0,104,0,0,67,0,0,127,3,0,4
210710,1269,1262,1,501,767,1,768,0,768,15,1,0,0,0,48,0,0,9,1,52,1,0,1,360,1,0,0,0,9,0,0,3,20,1,2,0,0,0,2,125,0,0,51,0,0,51,4,3,8
210711,906,897,6,370,532,4,536,0,536,4,2,0,0,1,60,0,0,13,0,32,0,0,0,180,0,0,0,0,4,0,0,0,12,2,1,0,0,0,0,141,0,1,57,1,0,18,2,2,3
210712,678,205,55,481,148,49,197,0,197,2,0,1,1,2,15,1,0,2,0,10,1,1,0,78,1,1,0,0,0,0,0,0,20,0,0,0,1,0,1,18,0,0,6,1,1,28,4,1,0,01,04,2019,01,15
