230090,1548,1532,18,639,895,14,909,0,909,20,0,0,0,0,232,2,1,98,0,21,0,0,0,333,0,1,1,0,3,0,0,1,34,0,0,0,0,0,0,64,0,0,25,0,1,69,1,0,2
230091,1359,1349,20,586,758,15,773,0,773,3,1,0,0,1,213,2,0,80,0,15,0,0,0,269,0,0,0,1,5,0,0,0,55,1,2,0,0,0,1,32,0,0,19,0,0,66,5,0,2
230092,1707,1683,25,737,953,17,970,0,970,19,0,4,1,1,267,8,0,102,0,17,0,0,3,338,1,0,0,0,1,0,0,1,54,0,0,0,0,0,0,36,0,1,22,1,0,81,7,0,5
230093,2004,1970,13,889,1105,10,1115,0,1115,14,1,1,0,0,303,4,1,121,0,22,0,1,0,385,1,0,0,0,8,0,0,2,45,0,2,0,0,0,0,79,0,0,39,0,0,81,2,0,3
230094,777,759,9,324,445,8,453,0,453,8,0,0,0,0,134,2,1,57,0,17,0,0,0,147,0,0,0,0,4,0,0,2,10,0,0,0,0,0,0,19,1,0,3,0,0,44,3,0,1
230095,1302,1283,18,576,712,14,726,0,726,10,0,2,0,0,197,1,0,92,0,10,1,0,0,269,1,0,0,0,2,0,0,0,32,0,1,0,0,0,0,24,0,1,24,0,1,49,7,0,2
230096,447,441,1,183,263,1,264,0,264,3,0,0,0,1,75,1,0,13,0,3,0,0,1,108,0,0,0,0,4,0,0,0,12,0,0,0,0,0,0,9,0,0,2,0,0,30,1,1,0
230097,228,227,0,102,126,0,126,0,126,3,0,0,0,0,33,0,0,4,1,2,0,0,0,26,0,0,0,0,2,0,0,2,24,0,0,0,0,0,0,9,0,0,2,0,0,18,0,0,0
230098,105,102,0,41,64,0,64,0,64,1,1,0,0,0,17,0,0,20,0,3,0,0,0,8,0,0,0,0,0,0,0,0,4,0,0,0,0,0,0,2,0,0,0,0,0,6,2,0,0
230099,438,429,11,184,243,11,254,0,254,2,0,0,0,0,39,1,0,38,0,6,0,1,0,87,0,0,0,0,2,0,0,3,34,0,0,0,0,0,0,9,0,0,4,1,0,27,0,0,0
230100,204,200,5,78,121,5,126,0,126,0,0,1,0,0,15,0,0,10,0,5,0,1,0,40,0,0,0,0,3,0,0,2,15,0,0,0,0,0,0,13,0,0,1,0,0,20,0,0,0
230101,321,322,7,147,167,7,174,0,174,1,0,1,1,1,42,1,0,14,0,3,0,0,0,46,0,0,0,0,2,0,0,0,15,0,1,0,0,0,0,4,0,0,0,0,0,35,7,0,0
230102,531,531,15,197,319,15,334,0,334,0,1,0,1,1,74,0,0,30,0,5,0,0,1,155,0,0,0,0,1,0,0,0,20,0,1,0,0,0,0,18,0,0,1,0,1,23,1,0,0
230103,390,390,4,141,246,3,249,0,249,1,0,1,1,0,44,0,0,13,1,6,0,0,0,81,0,0,0,0,2,0,0,0,42,0,0,0,0,0,0,31,0,0,2,0,0,22,2,0,0
230104,552,542,2,267,285,0,285,0,285,0,0,0,0,0,71,0,0,20,0,3,0,0,0,123,0,0,0,0,1,0,0,1,25,0,0,0,0,0,0,18,0,0,2,0,0,19,1,0,1
230105,546,542,1,218,327,1,328,0,328,0,0,0,0,1,104,1,0,10,0,8,0,0,0,111,0,0,0,0,3,1,0,0,24,0,0,0,0,0,0,12,0,0,8,0,0,43,2,0,0
230106,588,579,45,219,327,42,369,0,369,6,0,0,0,1,97,0,1,63,0,4,0,0,0,106,0,0,0,0,3,0,0,1,32,0,0,0,0,0,0,5,0,0,4,0,0,42,3,1,0
230107,525,534,19,187,321,17,338,0,338,2,1,0,0,1,77,0,0,12,0,6,0,0,1,127,0,1,0,0,2,0,0,2,37,1,1,0,0,0,0,36,0,0,8,0,0,19,2,1,1
230108,456,448,6,196,254,6,260,0,260,2,0,0,1,1,60,1,0,12,0,10,0,0,0,112,0,0,0,0,0,0,0,2,30,0,2,0,0,0,0,8,0,0,3,0,0,15,1,0,0
230109,351,346,16,148,190,13,203,0,203,0,0,0,0,0,35,0,0,12,0,3,0,0,0,50,0,1,1,0,2,0,0,0,24,0,0,0,0,0,0,35,0,0,2,0,0,35,3,0,0
230110,627,618,26,223,381,23,404,0,404,4,1,0,0,0,91,0,0,31,0,7,0,0,1,136,0,0,0,0,9,0,0,0,36,1,2,0,0,1,0,26,0,0,17,0,0,35,5,0,1
230111,324,318,20,112,193,19,212,0,212,2,0,0,0,1,41,0,0,57,0,1,0,0,0,51,0,0,0,0,3,0,0,0,24,0,0,0,0,0,0,12,0,0,3,0,0,17,0,0,0
230112,447,436,8,189,251,7,258,0,258,1,0,1,0,0,36,0,0,11,0,9,0,0,1,103,0,0,0,0,3,0,0,1,26,0,0,0,0,1,0,19,0,0,7,0,0,39,0,0,0
230113,387,381,14,142,231,14,245,0,245,4,0,0,1,1,72,0,0,9,1,2,0,0,0,87,0,1,0,0,2,0,0,1,15,0,0,0,0,0,1,13,0,0,5,0,0,27,3,0,0
230114,741,735,27,287,429,25,454,0,454,0,2,1,0,0,88,0,0,36,0,12,0,0,0,158,0,2,0,0,3,0,0,0,55,0,0,0,0,0,1,28,0,0,14,0,0,50,2,0,2
230115,708,695,22,292,395,21,416,0,416,5,0,0,1,0,83,1,1,35,0,8,0,0,0,162,0,1,0,0,4,0,0,0,34,0,1,0,0,0,1,27,1,1,22,0,1,25,1,0,1
230332,1503,1487,36,531,947,25,972,0,972,13,1,1,0,2,208,4,2,80,0,21,0,0,0,359,0,0,1,0,4,0,0,0,29,3,1,0,0,0,1,89,0,5,31,1,0,106,6,2,2
230333,870,868,8,318,544,8,552,0,552,3,1,0,0,0,120,1,1,51,0,17,0,0,0,188,0,0,0,0,6,0,0,1,18,0,0,0,0,0,0,54,0,1,17,0,1,70,1,0,1
230334,1377,1363,12,607,762,8,770,0,770,9,0,1,0,2,163,1,0,38,0,12,0,0,2,329,0,1,0,0,2,0,0,1,44,1,1,0,0,0,2,59,0,0,16,1,0,80,0,0,5
230335,1434,1413,18,531,891,12,903,0,903,7,3,0,0,4,152,1,0,83,1,15,0,0,1,424,0,2,0,0,2,0,0,0,50,0,2,1,0,0,0,33,0,0,10,0,0,102,7,0,3
230336,1434,1415,20,571,843,20,863,0,863,18,1,0,0,0,186,0,0,85,0,18,0,0,0,300,0,0,0,0,2,0,0,3,34,0,1,0,0,0,1,54,0,1,17,0,0,130,12,0,0
230337,672,667,15,256,401,15,416,0,416,3,0,0,1,0,105,2,0,33,0,3,0,0,1,129,0,0,0,0,0,0,0,0,23,0,0,0,0,0,0,21,0,1,10,0,0,79,4,0,1
230338,1515,1507,25,629,869,17,886,0,886,10,0,0,0,4,186,0,0,93,0,23,0,0,0,320,0,0,0,1,1,0,0,0,50,1,0,0,1,0,0,59,1,0,22,0,1,106,5,0,2
230339,1005,995,19,432,556,17,573,0,573,2,0,0,0,1,136,0,1,55,0,6,0,0,1,209,0,0,0,0,3,0,0,0,27,0,0,0,0,0,0,37,0,2,4,0,1,83,4,0,1
230340,183,183,8,51,124,8,132,0,132,0,0,0,0,0,32,0,0,6,0,3,0,0,0,38,0,0,0,0,0,0,0,1,6,0,0,0,0,0,1,12,0,0,3,0,0,30,0,0,0
230341,1041,1030,20,453,574,14,588,0,588,12,0,0,0,2,131,0,0,51,1,16,0,1,0,230,2,1,0,0,0,1,0,0,26,0,1,0,0,0,0,31,0,0,24,0,2,49,5,2,0
230342,774,765,9,324,443,7,450,0,450,4,1,0,0,0,95,1,0,52,0,7,0,0,1,188,0,0,0,0,1,0,0,0,12,0,0,0,0,0,1,31,0,0,17,0,0,38,1,0,0
230343,885,876,7,411,468,6,474,0,474,10,1,0,0,0,113,2,0,44,0,7,0,0,1,180,0,0,0,0,0,0,0,0,30,1,0,0,0,0,0,32,0,1,13,0,0,37,0,0,2
230344,1179,1162,66,444,679,56,735,0,735,8,4,1,0,1,138,2,0,83,0,24,0,0,1,318,0,1,0,0,1,0,0,1,41,2,1,0,0,0,1,42,1,1,5,0,1,49,3,0,5
230345,720,707,9,290,421,9,430,0,430,1,0,0,0,0,102,0,0,51,0,7,0,0,0,159,0,0,0,0,2,0,0,0,25,0,0,0,0,0,1,18,0,1,16,0,0,46,0,0,1
230346,330,327,30,97,206,27,233,0,233,0,0,0,0,0,39,1,0,11,0,7,0,0,0,102,0,0,0,0,0,0,0,0,20,0,0,0,0,0,1,22,0,0,0,0,1,24,5,0,0
230347,1230,1211,48,449,742,39,781,0,781,7,0,1,2,2,144,1,0,72,0,9,1,0,1,360,0,1,0,0,1,1,0,1,59,1,0,0,0,0,0,34,0,0,17,0,2,59,5,0,0
230348,408,410,30,142,236,30,266,0,266,3,0,0,0,2,57,1,0,26,1,6,0,0,0,102,0,0,0,0,0,0,0,0,33,0,0,0,1,0,1,10,0,0,1,1,0,19,2,0,0
230349,207,206,7,77,125,5,130,0,130,1,0,0,0,0,36,1,0,15,1,2,0,0,1,30,0,0,0,0,0,0,0,0,11,0,0,0,0,0,0,5,0,0,2,0,0,21,0,0,4
230350,1428,1420,14,585,835,8,843,0,843,13,2,0,0,1,231,1,1,53,0,24,0,1,0,385,0,0,0,0,1,1,0,1,22,0,0,0,0,0,0,32,1,1,12,0,0,56,2,1,1
230351,318,317,84,87,158,73,231,0,231,22,4,5,2,1,34,2,1,28,1,2,1,2,1,50,0,0,2,1,1,0,0,0,16,0,0,0,0,0,0,15,2,1,2,0,0,31,3,1,0
230352,228,224,7,108,113,7,120,0,120,0,0,0,0,0,25,0,0,11,1,0,0,0,0,51,0,0,0,0,0,0,0,0,7,0,0,0,0,1,0,6,0,0,0,0,0,18,0,0,0
230353,618,615,30,167,428,23,451,0,451,7,0,0,1,1,85,0,0,33,0,13,0,0,0,184,0,0,0,0,0,0,0,0,32,0,1,0,0,0,0,37,0,0,15,0,1,40,1,0,0
230354,171,168,4,51,116,4,120,0,120,4,0,0,0,0,15,0,0,4,0,1,0,0,0,52,1,0,0,0,0,0,0,1,16,0,0,0,0,0,0,10,0,0,4,0,0,12,0,0,0
230355,174,177,8,31,137,6,143,0,143,0,2,0,0,0,17,0,0,19,0,4,0,0,0,59,1,0,0,0,0,0,0,0,7,0,0,0,0,0,0,7,0,0,7,0,0,20,0,0,0
230356,564,555,46,158,364,42,406,0,406,0,0,0,0,0,106,0,0,49,0,3,0,0,0,153,0,1,0,0,0,0,0,0,42,0,0,0,0,0,1,9,0,1,8,0,0,33,0,0,0
230357,954,937,54,360,546,48,594,0,594,6,0,0,0,0,193,2,0,73,0,1,0,0,1,184,1,1,0,0,0,0,0,2,35,0,1,0,0,0,0,8,0,0,11,0,0,71,3,1,0
230358,1032,1021,36,436,564,32,596,0,596,5,0,2,0,0,230,1,1,52,0,3,0,0,0,183,1,0,0,0,1,0,0,0,34,0,1,0,0,0,1,23,0,0,4,0,0,52,2,0,0
230451,2238,2222,5,887,1348,3,1351,0,1351,15,0,0,4,2,372,0,0,152,1,32,1,0,0,498,1,0,0,1,5,1,0,0,47,1,0,0,0,0,0,69,0,1,46,1,3,89,7,0,2
230452,1614,1600,9,634,972,8,980,0,980,11,0,2,0,1,324,2,0,123,1,14,0,0,0,324,0,0,1,0,4,0,0,0,19,1,0,0,0,0,0,43,0,0,47,0,1,59,2,0,1
230453,597,599,0,281,316,0,316,0,316,5,1,0,1,0,79,0,0,24,0,2,0,0,0,118,0,0,0,0,0,0,0,0,18,0,0,0,0,0,0,25,0,0,11,0,0,28,1,1,2
230454,1122,1108,2,420,700,2,702,0,702,5,0,0,0,2,218,0,0,100,0,11,0,0,0,254,2,0,1,0,1,0,0,0,17,0,1,0,0,0,0,32,1,1,19,1,1,33,2,0,0
230455,522,519,7,214,301,7,308,0,308,2,0,0,0,0,119,0,0,33,1,2,0,0,1,98,3,0,0,0,0,0,0,0,14,0,0,0,0,0,0,6,0,0,3,0,0,26,0,0,0
230456,153,149,4,45,104,4,108,0,108,1,0,0,0,0,16,0,0,19,0,1,0,0,0,39,0,0,0,0,0,0,0,0,7,0,0,0,0,0,0,9,0,0,0,0,0,15,1,0,0
230457,1866,1824,23,858,985,23,1008,0,1008,7,0,1,0,0,407,1,0,73,0,9,0,0,0,316,1,1,0,0,2,0,0,0,23,1,0,0,0,0,0,29,1,0,30,0,2,97,5,0,2
230458,156,164,0,42,114,0,114,0,114,3,0,0,0,0,53,1,0,16,0,3,0,0,0,11,0,0,0,0,1,0,0,0,10,0,0,0,0,0,0,3,1,0,0,0,0,12,0,0,0
230459,66,64,0,12,54,0,54,0,54,0,0,0,0,0,11,0,0,11,0,1,0,0,0,18,0,0,0,0,0,0,0,0,2,0,0,0,0,0,0,3,0,0,0,0,0,8,0,0,0
230460,270,269,5,123,142,5,147,0,147,2,0,0,0,0,50,1,0,7,0,1,0,0,0,45,0,0,0,0,0,0,0,0,7,0,0,0,0,0,1,2,0,0,2,0,0,27,1,0,1
230461,240,243,2,87,152,1,153,0,153,2,0,0,0,0,37,0,0,16,0,8,0,0,0,43,0,0,0,0,0,0,0,1,7,0,0,0,0,0,1,21,0,0,5,0,0,10,2,0,0
230462,585,591,12,196,377,12,389,0,389,1,0,0,0,2,158,1,0,41,0,6,0,2,0,107,0,0,0,0,0,0,0,2,13,0,0,0,1,0,0,20,1,0,3,0,0,27,4,0,0
230463,456,462,10,171,275,10,285,0,285,1,2,0,0,0,111,0,0,25,0,5,0,0,0,74,0,0,0,0,0,0,0,1,13,0,0,0,0,0,1,15,0,0,0,0,0,36,0,0,1
230464,1062,1048,35,332,695,35,730,0,730,6,0,0,0,0,335,0,2,37,1,5,0,1,0,200,0,2,0,0,0,0,1,1,23,0,1,0,0,0,0,37,0,1,18,0,0,51,6,1,1
230465,345,347,17,126,202,17,219,0,219,1,1,0,0,0,112,0,0,13,0,3,0,0,0,44,0,1,0,0,0,0,0,1,8,0,0,0,0,0,0,13,0,0,3,0,0,16,2,0,1
230466,417,414,2,149,266,2,268,0,268,2,0,0,0,0,60,0,0,37,0,7,0,0,1,98,0,0,0,0,0,0,0,0,20,1,0,0,0,0,0,17,0,0,3,0,0,21,0,1,0
230467,489,487,14,205,273,11,284,0,284,3,1,0,1,0,86,1,0,14,0,1,0,0,0,95,0,1,1,0,0,0,0,0,17,1,0,0,0,0,0,22,0,1,12,0,0,26,0,0,1
230468,111,111,6,27,80,4,84,0,84,0,0,0,0,0,15,0,1,10,0,6,0,0,0,24,0,0,0,0,0,0,0,0,9,0,0,0,0,0,0,6,0,0,0,0,0,13,0,0,0
230469,387,386,14,151,222,14,236,0,236,2,0,0,0,0,64,0,0,55,0,2,0,0,0,48,0,0,0,0,0,1,0,0,20,0,0,0,0,0,0,20,0,0,0,0,0,22,2,0,0
230470,216,214,11,77,128,11,139,0,139,3,0,0,0,0,35,0,0,23,0,3,0,0,0,29,0,0,0,0,0,0,0,0,21,0,0,0,0,0,0,12,0,0,2,0,0,10,1,0,0
230471,351,349,2,122,227,2,229,0,229,0,0,0,0,0,73,1,0,24,0,6,0,0,0,74,0,0,0,0,0,0,0,0,14,0,0,0,1,0,0,16,0,0,2,0,0,18,0,0,0
230472,300,297,14,96,190,14,204,0,204,2,2,0,0,0,50,1,0,29,0,4,0,0,0,54,1,1,0,0,0,0,0,1,19,0,0,0,0,0,0,14,0,0,10,0,0,14,1,0,1
230473,774,763,52,249,476,49,525,0,525,14,1,0,0,1,187,3,0,39,0,2,0,1,0,155,0,0,0,0,0,0,0,2,40,0,0,0,0,0,0,40,0,1,10,0,0,25,3,1,0
230474,474,473,22,151,302,21,323,0,323,3,0,0,0,0,91,1,0,42,0,6,0,0,1,96,0,0,0,0,0,0,0,1,26,1,0,0,0,0,0,24,0,0,5,0,0,23,3,0,0
230475,243,241,0,90,153,0,153,0,153,0,0,0,0,0,52,1,0,13,0,7,0,0,0,36,0,0,0,0,0,0,0,0,13,0,0,0,0,0,0,15,0,0,2,0,0,11,2,1,0
230476,405,402,3,125,277,3,280,0,280,1,0,0,0,0,59,1,0,37,0,2,0,0,0,98,0,0,0,0,0,0,0,0,23,0,0,0,0,0,0,29,0,0,7,2,0,17,3,1,0
230477,489,487,18,176,303,10,313,0,313,4,0,1,1,1,64,1,0,25,0,4,0,0,0,118,1,0,0,0,2,0,0,0,33,0,2,0,0,0,0,18,0,0,7,0,0,29,2,0,0
230478,207,208,16,74,118,15,133,0,133,0,0,0,0,0,42,0,0,12,0,2,1,0,0,38,1,0,0,0,0,0,0,0,9,0,0,0,0,0,0,5,0,0,3,0,0,19,0,0,1
230479,390,388,27,119,249,22,271,0,271,3,0,1,0,0,86,2,0,16,0,5,0,0,0,95,0,0,1,0,0,1,0,1,21,0,0,0,0,0,1,15,2,0,5,0,1,13,1,0,1
230480,534,531,21,191,324,19,343,0,343,1,0,1,0,1,111,1,0,19,0,2,0,0,1,112,0,0,0,0,0,0,0,0,36,0,0,0,1,0,0,27,0,0,5,0,1,22,2,0,0
230481,399,394,23,165,211,23,234,0,234,0,0,1,0,0,77,0,0,20,0,3,0,0,0,54,0,0,1,0,0,0,0,0,19,1,0,0,0,0,0,29,1,0,8,0,1,16,2,0,1
230482,174,175,7,48,119,7,126,0,126,3,1,0,0,0,19,0,0,29,0,0,0,0,0,36,0,0,0,0,0,0,0,0,6,0,0,0,0,0,0,18,0,0,1,0,0,11,2,0,0
230483,213,212,9,88,116,9,125,0,125,3,0,0,0,0,40,0,0,12,0,2,0,0,0,34,0,0,0,0,1,0,0,1,5,1,0,0,0,0,1,11,0,0,1,0,0,12,1,0,0
230484,666,658,38,211,424,31,455,0,455,2,0,0,1,0,78,1,1,22,0,13,0,0,0,198,0,0,0,0,0,0,0,1,29,0,1,0,0,0,1,74,0,0,6,0,0,25,0,0,2
230485,282,283,17,110,155,17,172,0,172,1,0,0,0,0,41,0,0,28,0,5,0,0,1,42,0,0,0,0,0,0,0,1,7,0,0,0,0,0,0,16,0,0,3,0,0,25,1,0,1
230486,561,567,23,219,321,21,342,0,342,0,1,0,0,1,107,1,0,50,1,18,0,0,0,90,0,0,0,0,2,0,0,0,35,0,0,0,0,0,1,9,0,0,7,0,1,17,1,0,0
230487,798,789,32,319,450,29,479,0,479,9,1,0,0,0,111,0,0,32,0,6,0,1,0,197,0,0,0,0,2,0,0,0,24,0,0,0,0,0,0,15,0,1,20,0,0,59,1,0,0
230488,198,205,11,56,131,11,142,0,142,0,0,0,0,0,46,0,0,38,0,3,0,0,0,23,0,0,0,0,0,0,1,0,7,0,1,0,0,0,0,3,0,0,4,0,1,14,1,0,0
230489,336,338,2,110,224,2,226,0,226,2,0,0,0,1,82,0,0,10,0,2,0,0,0,54,1,0,0,0,2,0,0,0,13,0,0,1,0,0,0,14,0,0,3,0,0,39,1,1,0
230490,654,645,33,233,390,31,421,0,421,6,0,0,0,1,123,0,0,26,0,14,0,0,0,126,0,0,0,1,0,0,0,1,19,0,4,0,0,0,0,32,1,0,21,0,1,38,4,0,3
230491,228,235,11,68,150,10,160,0,160,0,0,0,0,0,45,3,1,35,0,3,0,0,0,39,0,0,0,0,0,0,0,0,7,0,0,0,0,0,1,8,0,0,0,0,0,15,1,0,2
230492,2139,2115,42,876,1233,30,1263,0,1263,28,0,1,3,1,379,1,0,84,1,32,0,0,0,433,0,0,0,0,10,0,0,0,23,0,0,0,0,0,1,112,0,1,39,0,1,105,3,1,4
230493,2199,2180,35,927,1239,33,1272,0,1272,14,0,0,1,2,310,3,0,52,0,28,0,0,1,499,0,0,0,0,13,0,0,1,34,0,0,0,0,0,0,121,0,4,36,0,1,146,3,2,1
230494,1371,1357,23,562,788,21,809,0,809,7,0,0,0,0,189,1,0,36,0,19,0,0,0,324,0,1,1,0,8,0,0,1,35,0,1,0,0,0,0,61,0,0,38,0,1,76,8,1,1
230495,2226,2196,31,937,1263,26,1289,0,1289,8,0,1,2,2,300,1,0,82,0,35,0,0,1,475,0,0,0,0,17,0,1,0,35,0,1,0,0,0,1,131,1,2,72,0,1,111,4,0,5
230496,1887,1891,43,781,1074,32,1106,0,1106,10,0,0,4,2,314,0,0,60,0,29,0,0,0,428,2,0,0,0,5,1,1,0,35,0,1,0,0,0,0,100,1,1,37,0,0,69,3,1,2
230497,369,369,5,132,233,4,237,0,237,4,0,0,1,0,69,0,0,13,0,3,0,0,0,78,0,0,0,0,1,0,0,0,16,1,0,0,0,0,0,27,0,0,1,0,0,21,2,0,0
230498,411,414,17,148,250,13,263,0,263,3,0,0,1,0,58,0,0,21,0,10,0,0,1,79,0,1,0,0,5,0,0,0,12,0,0,0,0,0,0,21,1,0,8,0,1,37,4,0,0
230499,873,869,35,322,525,26,551,0,551,4,0,0,1,2,116,0,2,15,0,16,0,0,0,239,1,0,0,0,5,0,0,1,23,1,0,0,0,0,0,52,1,0,7,0,0,62,3,0,0
230500,1188,1176,55,458,684,46,730,0,730,3,0,0,0,1,144,3,0,30,0,36,0,0,0,252,0,0,0,0,1,0,0,1,45,0,1,0,0,0,0,86,0,0,24,0,0,88,11,1,3
230501,543,542,21,187,342,14,356,0,356,2,0,0,0,0,58,0,0,10,0,9,1,0,0,141,1,0,0,0,0,0,0,0,42,0,1,0,0,0,0,24,0,1,4,0,0,54,8,0,0
230502,525,521,22,203,301,21,322,0,322,3,0,0,1,1,115,2,0,23,1,9,1,0,1,93,0,1,0,0,0,0,0,0,26,0,0,0,1,0,1,12,0,0,2,0,0,28,0,1,0
230503,369,362,19,126,225,18,243,0,243,2,0,0,1,0,54,0,0,33,0,6,0,0,0,79,0,0,0,0,0,0,0,1,23,0,0,0,0,1,0,20,0,0,9,0,0,13,1,0,0
230504,279,279,15,61,203,15,218,0,218,2,0,0,0,0,53,1,0,8,0,8,0,0,0,72,0,0,0,0,0,0,0,0,18,0,0,0,0,0,0,23,0,0,5,0,1,25,0,0,2
230505,690,677,20,271,401,18,419,0,419,5,0,0,1,0,142,1,0,23,0,10,0,0,0,131,0,0,0,0,1,0,0,2,30,0,0,0,1,0,0,27,1,0,4,0,1,38,0,0,1
230506,216,221,9,60,149,7,156,0,156,5,0,0,0,1,25,0,0,8,1,6,0,0,0,78,1,0,0,0,1,0,0,2,12,0,0,0,1,0,0,7,0,0,0,0,0,6,1,0,1
230507,639,631,73,239,330,70,400,0,400,8,0,0,0,0,90,2,0,27,0,7,0,0,0,99,0,0,0,0,2,0,0,1,65,0,1,0,0,0,0,26,0,0,4,0,1,60,4,1,2
230508,687,673,23,276,394,17,411,0,411,1,5,0,0,0,108,0,0,22,0,6,0,1,0,157,0,0,1,0,0,0,0,0,15,0,0,0,0,0,2,30,0,1,7,0,0,49,6,0,0
230509,357,353,9,112,237,8,245,0,245,2,0,0,0,1,33,0,0,57,0,3,0,0,0,77,0,1,0,1,1,0,0,1,16,1,0,0,0,0,0,25,0,0,1,0,0,21,3,1,0
230510,93,95,5,28,61,4,65,0,65,0,0,0,0,0,9,0,1,12,0,2,0,0,0,12,0,0,0,0,0,0,0,0,5,0,0,0,0,0,0,8,0,0,0,0,0,16,0,0,0
230511,897,885,53,358,494,45,539,0,539,10,0,1,1,0,199,1,0,16,0,5,0,0,0,172,0,2,1,0,3,0,1,0,32,1,0,0,1,1,0,29,0,0,8,0,0,49,2,0,4
230512,726,720,80,275,392,59,451,0,451,3,0,0,1,0,140,0,0,21,0,18,0,0,0,146,0,0,0,0,1,0,0,2,31,1,1,0,1,0,0,21,0,1,11,0,0,46,4,0,2
230513,369,367,15,156,200,13,213,0,213,1,1,0,0,1,74,0,0,14,1,3,0,0,0,83,0,0,0,0,0,0,0,0,8,0,0,0,0,0,0,12,0,0,5,0,1,9,0,0,0
230514,570,563,23,195,355,20,375,0,375,1,1,0,1,1,103,1,1,39,0,3,0,0,0,132,0,0,1,0,0,0,0,0,16,0,0,0,0,0,0,32,0,0,8,0,0,33,2,0,0
230515,429,419,36,153,242,34,276,0,276,1,1,0,0,1,43,0,0,15,0,7,0,0,0,91,0,0,0,0,0,0,0,1,28,0,0,0,0,0,0,22,2,0,7,0,0,53,3,1,0
230516,435,431,31,151,260,24,284,0,284,5,1,0,0,2,126,0,0,26,0,6,0,0,0,0,43,0,0,0,0,0,0,0,29,0,1,0,0,0,0,15,0,1,2,0,0,22,2,3,0
230517,519,526,12,212,297,10,307,0,307,1,0,0,1,0,91,1,0,21,0,5,0,0,1,121,0,0,0,0,3,0,0,1,16,0,0,0,0,0,0,27,0,0,4,0,0,14,0,0,0
230518,357,356,5,150,202,5,207,0,207,1,0,0,0,1,43,1,0,13,0,6,0,0,0,56,0,0,0,0,0,0,0,0,21,0,0,0,0,0,0,25,0,0,2,0,1,28,7,0,2
230519,621,609,23,262,343,16,359,0,359,10,0,0,1,0,53,2,0,16,1,14,0,0,0,140,0,0,0,0,0,0,0,1,47,1,1,0,0,0,0,22,0,1,10,0,0,37,1,0,1
230520,336,331,9,112,218,6,224,0,224,1,0,0,0,0,57,0,0,19,0,3,0,0,0,83,0,0,0,0,0,0,0,0,23,0,0,0,0,0,0,16,0,0,4,0,0,18,0,0,0
230521,1506,1498,66,610,843,53,896,0,896,27,7,2,1,1,235,2,1,38,1,15,0,1,2,333,0,0,0,0,5,1,1,1,44,0,3,0,0,0,1,41,0,0,11,0,0,112,6,0,4
230522,510,500,24,188,302,20,322,0,322,1,1,0,0,0,72,0,0,23,0,3,0,0,1,131,0,0,0,0,1,0,0,0,19,0,0,0,0,0,0,20,0,0,2,0,0,48,0,0,0
230523,162,45,6,122,34,6,40,0,40,0,0,0,1,0,10,0,0,3,0,2,0,0,0,13,0,0,0,0,1,0,0,0,2,1,0,0,0,0,0,3,0,0,1,0,0,3,0,0,0
230536,660,648,11,308,341,11,352,0,352,9,0,0,0,5,87,1,0,29,1,4,0,0,0,146,0,0,0,0,1,0,0,0,10,0,3,0,0,0,0,16,0,0,5,0,0,33,1,0,1
230537,1245,1228,17,552,678,15,693,0,693,7,1,1,1,1,176,3,1,89,0,24,0,0,1,245,0,0,2,0,2,0,0,0,19,0,0,0,0,0,0,35,0,0,25,0,0,56,3,1,0
230538,744,724,10,305,429,10,439,0,439,4,0,3,1,2,94,0,0,47,0,9,0,0,0,167,0,0,0,0,1,0,0,0,17,0,2,0,0,0,0,21,0,0,25,0,0,43,3,0,0
230539,891,878,26,427,442,22,464,0,464,2,0,2,0,0,108,1,1,45,0,12,0,0,0,178,0,0,0,0,0,0,0,0,23,0,0,0,0,0,0,35,0,1,11,0,0,38,7,0,0
230540,798,780,18,389,393,16,409,0,409,5,0,0,0,0,94,0,0,53,0,5,0,0,0,154,2,0,0,0,1,0,0,1,15,0,0,0,0,0,1,15,0,0,20,0,0,36,3,1,3
230541,489,487,20,215,254,20,274,0,274,4,0,0,1,1,67,1,0,20,0,3,0,0,1,88,1,0,0,0,0,0,0,1,17,0,0,0,0,1,0,18,0,0,11,0,0,34,5,0,0
230542,705,692,32,274,402,29,431,0,431,5,0,0,1,1,81,0,2,27,0,10,0,0,0,136,0,0,0,0,1,0,0,0,38,0,1,0,0,0,0,64,0,0,20,0,1,42,0,0,1
230543,387,387,26,119,243,25,268,0,268,1,0,0,0,0,35,0,0,18,0,11,0,0,1,122,0,0,0,0,0,0,0,0,9,0,0,0,0,0,0,18,0,0,14,0,0,37,2,0,0
230544,501,491,47,212,249,40,289,0,289,5,0,0,0,1,48,1,0,31,1,4,0,0,0,105,0,1,0,0,0,0,0,0,29,0,0,0,0,0,0,15,0,0,12,0,1,33,2,0,0
230545,525,520,25,176,325,24,349,0,349,0,0,0,0,0,40,0,0,57,0,6,0,1,0,98,0,1,0,0,1,0,0,1,55,0,0,0,0,0,0,29,0,0,4,0,0,54,2,0,0
230546,267,266,10,81,176,10,186,0,186,2,0,0,0,0,29,0,0,26,0,2,0,0,0,57,0,0,0,0,1,0,0,0,24,0,0,0,0,0,0,12,0,0,15,0,0,18,0,0,0
230547,213,210,13,92,108,13,121,0,121,0,0,1,0,0,13,0,0,11,0,2,0,0,0,36,0,0,0,1,1,0,0,0,18,0,0,0,0,0,0,9,0,0,9,0,0,19,1,0,0
230548,288,287,5,86,197,5,202,0,202,1,0,1,1,0,44,0,1,12,0,9,0,0,0,79,0,1,0,0,0,0,0,0,14,0,0,0,0,0,0,12,0,0,4,0,2,19,2,0,0
230549,66,66,2,22,42,2,44,0,44,0,0,0,0,0,7,0,0,13,0,4,0,0,0,7,0,0,0,0,0,0,0,0,5,0,0,0,0,0,0,4,0,0,1,0,0,3,0,0,0
230550,621,609,16,248,359,14,373,0,373,8,0,3,1,3,72,0,0,31,0,15,0,0,0,92,1,0,1,0,0,0,0,1,39,0,0,1,0,0,0,46,0,0,22,0,0,34,2,0,1
230551,228,223,11,74,144,10,154,0,154,2,0,0,0,0,21,0,0,34,1,3,0,0,0,37,0,0,0,0,0,0,0,0,23,1,0,0,0,0,0,16,0,0,8,0,0,8,0,0,0
230552,465,455,28,201,238,26,264,0,264,0,1,0,0,1,52,2,0,15,0,9,1,0,0,89,0,1,0,0,0,0,0,0,31,1,0,0,0,0,1,23,0,1,6,0,1,28,1,0,0
230553,486,485,25,157,305,24,329,0,329,4,1,0,0,0,32,0,1,16,0,10,0,0,0,116,0,0,0,0,2,0,0,0,31,0,1,0,0,0,0,48,0,0,7,0,0,53,6,1,0
230554,246,246,12,87,147,12,159,0,159,0,0,0,0,0,28,0,0,12,0,1,0,0,0,50,0,0,0,0,0,0,0,1,14,0,0,0,0,0,0,25,0,0,5,0,0,21,1,0,1
230555,720,709,24,253,444,23,467,0,467,3,2,0,0,2,113,0,1,33,0,7,0,0,2,164,0,0,0,0,3,0,0,1,32,0,0,0,0,0,0,45,0,0,14,0,0,41,4,0,0
230556,444,426,21,166,260,18,278,0,278,3,0,0,1,1,35,0,0,36,0,5,0,0,0,48,0,0,0,0,0,0,0,0,24,0,1,0,1,0,1,17,0,0,10,0,1,90,4,0,0
230557,711,703,20,259,433,19,452,0,452,4,0,0,0,0,74,0,0,25,0,12,1,0,0,185,1,3,0,0,0,0,0,0,52,0,1,0,1,0,0,33,0,0,13,0,0,46,1,0,0
230558,756,744,11,282,463,11,474,0,474,6,0,1,1,0,97,0,0,34,0,13,0,0,0,182,2,0,1,0,1,0,0,0,34,1,1,0,0,0,0,29,0,1,31,1,0,34,2,0,2
230559,264,260,11,112,141,11,152,0,152,3,0,0,0,0,28,0,0,13,0,10,1,0,0,48,0,0,0,0,0,0,0,1,10,1,1,0,0,0,0,17,2,0,2,0,2,13,0,0,0
230560,702,688,30,275,402,25,427,0,427,5,0,0,0,0,48,0,0,48,0,5,0,1,0,160,1,0,0,0,3,0,0,0,28,0,0,0,0,0,0,14,0,2,12,0,0,95,4,0,1
230561,258,261,27,83,150,25,175,0,175,1,1,0,0,0,36,0,0,21,0,7,0,0,0,45,0,0,0,0,0,0,0,0,12,0,0,0,0,0,0,8,0,0,5,1,0,34,3,1,0
230562,570,556,41,249,284,37,321,0,321,0,0,0,1,0,51,0,0,24,0,7,0,0,0,137,0,0,0,0,2,0,0,1,41,0,1,0,0,0,0,14,0,1,6,0,0,33,1,0,1
230563,303,303,13,95,197,11,208,0,208,2,0,0,0,0,30,0,0,16,0,11,0,0,0,68,0,0,0,0,6,0,0,1,9,0,0,0,0,0,0,17,0,0,23,0,0,22,0,0,3
230564,240,239,4,115,122,3,125,0,125,1,0,0,0,0,16,1,0,18,0,2,0,0,0,41,1,0,0,0,1,0,0,0,12,1,0,0,0,0,0,10,0,0,4,0,0,17,0,0,0
230565,294,292,19,87,188,19,207,0,207,1,0,0,0,0,37,0,0,24,0,6,0,0,0,58,0,0,0,0,0,0,0,1,32,0,0,0,0,0,0,14,0,1,17,0,0,13,3,0,0
230566,294,289,7,131,156,7,163,0,163,2,0,0,0,0,25,0,0,23,0,1,0,0,0,52,0,0,0,0,1,0,0,0,17,0,0,0,0,0,0,12,0,0,8,0,0,20,1,0,1
230567,405,399,40,125,242,38,280,0,280,1,1,0,0,0,59,0,0,14,0,12,0,0,0,90,0,0,0,0,2,1,0,0,24,0,1,0,0,0,0,34,0,0,7,0,0,32,2,0,0
230568,111,109,11,37,64,10,74,0,74,0,0,0,0,0,18,1,0,8,0,2,0,0,0,13,0,0,0,0,0,0,0,0,7,0,0,0,0,0,0,13,0,0,2,0,0,8,2,0,0
230569,630,617,27,230,374,26,400,0,400,2,0,0,1,0,82,1,0,49,0,7,0,0,1,130,0,0,0,0,2,0,0,0,45,0,0,0,0,0,0,22,0,0,9,0,0,45,4,0,0
230570,924,914,26,321,582,21,603,0,603,12,0,0,0,0,134,1,0,39,0,13,0,0,0,231,0,0,0,0,2,0,0,1,43,0,0,0,0,0,0,30,0,2,20,0,0,68,5,0,2
230571,213,38,0,175,38,0,38,0,38,0,0,0,0,1,9,0,0,6,0,3,0,0,0,6,0,0,0,0,0,0,0,0,4,0,0,0,0,1,0,4,0,0,2,0,0,1,0,0,1
230572,66,16,9,52,9,5,14,0,14,0,0,0,0,0,2,0,0,2,0,1,0,0,0,1,0,0,0,0,0,0,0,0,3,0,0,0,0,0,0,2,0,0,0,0,0,2,1,0,0
230596,429,451,6,169,254,6,260,0,260,6,1,0,0,1,71,0,0,23,0,2,0,0,0,92,0,0,0,0,0,0,0,0,10,0,0,0,0,0,1,26,0,0,11,0,0,14,1,0,1
230597,2316,2287,38,933,1355,28,1383,0,1383,10,0,0,1,2,389,3,0,125,0,36,0,1,2,478,0,0,0,0,0,0,0,0,42,1,0,0,0,0,1,128,0,0,36,1,0,122,4,1,0
230598,2298,2235,27,967,1311,20,1331,0,1331,24,1,3,1,4,387,5,1,122,0,26,0,0,0,458,0,3,2,0,7,0,1,0,35,1,0,0,0,0,1,92,0,1,46,0,3,101,4,1,1
230599,2238,2213,36,893,1312,33,1345,0,1345,16,1,1,0,1,419,2,1,145,0,13,0,0,1,474,2,1,0,3,0,0,2,2,42,2,0,0,0,0,0,69,0,1,43,0,2,96,6,0,0
230600,858,855,15,375,471,12,483,0,483,7,1,0,0,1,160,0,0,53,0,7,0,0,1,154,2,0,1,0,0,0,0,0,24,0,0,0,0,0,0,21,0,0,9,0,0,36,4,0,2
230601,1389,1376,16,661,717,11,728,0,728,1,1,0,1,3,238,1,0,81,1,2,0,0,0,250,0,1,0,1,4,0,0,1,29,0,0,0,0,0,0,27,1,1,17,1,0,64,2,0,0
230602,672,666,26,255,394,23,417,0,417,4,0,0,1,1,129,0,0,65,0,8,0,1,0,85,0,0,1,0,0,0,0,2,33,0,0,0,0,0,0,37,0,0,14,0,0,34,0,0,2
230603,198,199,10,83,105,10,115,0,115,0,0,0,0,0,17,0,1,16,0,0,0,0,0,27,0,0,0,0,0,0,0,0,17,0,0,0,1,0,0,14,0,0,3,0,0,18,0,0,1
230604,117,120,2,62,53,2,55,0,55,0,0,0,0,0,7,0,0,15,0,0,0,0,1,10,0,0,0,0,0,0,0,0,1,0,0,0,0,0,0,6,0,0,0,0,0,12,3,0,0
230605,963,958,13,374,578,11,589,0,589,4,0,1,1,0,253,0,0,55,0,8,0,0,0,171,0,0,0,0,0,0,0,0,30,0,0,0,0,0,0,34,0,0,7,3,0,20,2,0,0
230606,105,106,0,40,65,0,65,0,65,2,0,0,0,0,7,1,0,14,0,2,0,0,0,19,0,0,0,1,0,0,0,0,1,0,0,0,0,0,0,11,0,0,2,0,0,5,0,0,0
230607,678,674,10,282,388,8,396,0,396,8,0,0,0,0,74,0,0,19,0,2,0,0,0,161,0,0,0,0,1,0,0,0,45,0,0,0,0,0,0,38,0,4,10,0,0,28,4,0,2
230608,102,102,3,50,49,3,52,0,52,0,0,0,0,0,8,0,0,6,0,1,0,0,0,13,0,0,0,0,0,0,0,1,3,0,0,0,0,0,0,9,0,0,0,0,0,11,0,0,0
230609,570,560,16,217,337,16,353,0,353,5,0,0,0,0,110,0,0,28,0,6,0,0,0,116,0,0,0,0,1,0,0,0,24,0,0,0,1,0,0,28,0,0,3,0,0,30,1,0,0
230610,663,674,14,269,382,12,394,0,394,3,4,1,0,1,97,1,0,30,0,19,0,0,0,104,0,0,0,0,1,0,1,0,33,0,1,0,1,0,1,51,1,1,14,0,0,26,1,2,0
230611,1269,1257,14,449,807,13,820,0,820,3,1,0,0,1,183,0,0,37,0,23,0,0,0,339,1,1,0,0,7,0,0,0,25,0,0,0,0,0,0,83,0,0,37,0,0,75,4,0,0
230612,1548,1527,21,607,921,20,941,0,941,5,2,0,2,2,177,0,0,59,0,45,0,0,1,433,0,1,0,0,4,0,0,2,38,1,2,0,0,0,1,63,0,1,33,0,1,64,3,0,1
230613,168,168,2,57,109,2,111,0,111,0,0,0,0,0,19,0,0,16,0,0,0,0,0,46,0,0,0,0,1,0,0,0,1,0,1,0,0,0,0,3,0,0,1,0,0,23,0,0,0
230614,480,478,19,195,267,18,285,0,285,5,1,0,0,0,77,0,0,16,0,4,2,0,1,99,1,0,0,0,0,0,0,0,19,1,0,0,0,1,1,25,2,0,5,0,0,22,3,0,0
230615,885,880,23,385,481,19,500,0,500,6,3,0,2,1,121,0,0,32,0,6,0,0,0,200,1,0,0,0,0,0,0,0,50,0,0,0,0,0,1,23,0,0,8,0,1,42,3,0,0
230616,456,451,11,166,282,8,290,0,290,1,0,0,0,0,64,1,0,38,0,6,0,0,1,109,0,0,0,0,1,0,0,3,20,0,0,0,0,0,0,16,0,0,4,0,1,25,0,0,0
230617,141,143,6,40,96,5,101,0,101,0,1,0,0,0,20,0,0,34,0,1,0,0,0,19,0,0,0,0,0,0,0,0,10,0,0,0,0,0,0,8,0,0,1,1,0,6,0,0,0
230618,1026,1015,13,411,602,13,615,0,615,3,0,0,0,0,137,0,0,37,0,15,0,0,0,218,0,3,0,0,3,0,0,1,37,0,0,0,0,0,0,55,0,0,15,0,0,88,3,0,0
230619,480,476,10,224,246,10,256,0,256,0,0,0,0,0,74,0,0,28,0,2,0,0,0,90,0,0,0,0,3,0,0,0,8,0,0,0,0,0,0,17,0,0,3,0,0,25,4,1,1
230620,570,561,10,292,270,8,278,0,278,4,0,0,0,0,64,0,1,16,0,6,0,0,0,71,0,2,0,0,0,0,0,4,35,0,0,0,0,0,0,27,0,1,6,1,0,36,3,0,1
230621,105,104,3,25,77,3,80,0,80,0,0,0,1,0,22,0,0,12,0,1,0,0,0,25,0,0,0,0,0,0,0,0,2,1,0,0,0,0,0,9,0,0,0,0,0,7,0,0,0
230622,120,121,10,48,64,8,72,0,72,0,0,0,0,0,15,0,0,13,0,0,0,0,0,25,0,0,0,0,0,0,0,0,6,0,0,0,0,0,0,6,0,0,0,0,0,6,1,0,0
230623,1218,1204,54,482,684,52,736,0,736,5,1,0,2,0,280,0,0,66,0,10,0,0,0,221,0,0,0,0,0,0,0,1,52,0,2,0,0,0,2,52,0,0,11,0,0,29,2,0,0
230624,438,431,13,182,243,13,256,0,256,0,0,0,0,0,79,0,0,30,0,7,0,0,0,90,0,0,0,0,0,0,0,0,26,0,0,0,0,0,0,6,0,0,5,0,0,13,0,0,0
230625,120,123,3,38,80,2,82,0,82,0,0,0,0,0,13,0,0,10,0,4,0,0,0,34,0,0,0,0,0,0,0,0,1,0,0,0,0,0,0,6,0,0,1,0,0,13,0,0,0
230626,561,555,9,222,331,8,339,0,339,3,0,0,0,2,81,1,0,31,1,2,0,0,0,141,0,0,0,0,0,0,0,0,12,0,0,0,0,0,0,35,0,0,14,0,0,14,1,0,1
230627,159,158,3,70,86,3,89,0,89,0,0,0,1,0,5,0,0,10,0,3,0,0,1,27,0,0,0,0,0,0,0,0,16,1,0,0,0,0,0,10,0,0,1,0,0,13,1,0,0
230628,111,111,0,57,54,0,54,0,54,0,1,0,0,0,11,0,0,6,0,0,0,0,0,9,0,0,0,0,0,0,0,0,8,0,0,0,0,0,0,10,0,0,0,0,0,9,0,0,0
230629,885,871,10,382,494,9,503,0,503,3,1,1,1,0,165,0,0,46,0,9,0,2,0,173,0,1,0,0,0,0,0,2,26,0,1,0,0,0,0,38,0,0,5,1,0,23,3,0,2
230630,405,396,17,193,196,16,212,0,212,3,0,0,0,0,32,0,0,20,0,2,0,0,0,89,1,0,1,0,2,0,0,1,13,0,0,0,0,0,0,26,1,0,5,1,0,15,0,0,0
230631,303,303,7,132,167,4,171,0,171,2,0,1,0,0,45,0,0,17,0,4,0,0,0,59,0,1,0,0,0,0,0,2,14,0,0,0,0,0,0,13,0,0,1,0,0,12,0,0,0
230632,309,305,6,122,183,4,187,0,187,0,0,0,0,0,44,0,0,23,0,3,1,0,0,52,0,0,0,0,1,0,0,0,17,0,0,0,0,0,1,12,0,2,11,0,0,17,2,0,1
230633,927,910,10,369,548,10,558,0,558,3,0,0,1,0,195,1,0,13,1,17,0,0,0,165,0,0,0,0,1,0,0,1,51,1,1,0,0,0,0,26,0,0,16,0,0,61,2,1,1
230634,138,128,7,38,93,7,100,0,100,0,0,0,0,0,30,0,0,9,0,1,0,0,0,27,0,0,0,0,0,0,0,0,5,0,0,0,0,0,0,8,0,0,2,0,0,17,1,0,0
230635,243,14,4,230,10,3,13,0,13,1,0,0,0,0,3,0,0,3,0,1,0,0,0,1,0,0,0,0,0,0,0,0,0,0,0,0,0,0,0,2,0,0,0,0,0,2,0,0,0
230782,573,567,4,272,299,2,301,0,301,6,0,0,0,1,57,1,0,53,0,5,0,0,0,104,0,0,0,0,1,0,0,0,22,0,0,0,0,0,0,22,0,1,10,0,0,17,0,1,0
230783,1350,1337,8,591,751,8,759,0,759,10,2,0,1,0,125,1,1,111,0,29,0,0,1,312,0,0,2,0,2,0,0,0,32,1,0,0,0,0,1,28,0,0,19,1,2,75,1,1,1
230784,1635,1600,19,656,963,16,979,0,979,8,1,0,1,0,185,1,1,146,1,21,0,1,0,397,0,3,0,0,11,0,0,1,28,2,0,0,0,1,0,54,0,0,34,1,1,74,5,0,1
230785,1107,1079,11,386,713,8,721,0,720,4,1,0,0,0,109,1,2,124,0,17,1,1,0,315,0,0,0,0,4,0,0,0,19,1,2,0,0,0,0,35,0,0,23,0,0,57,4,0,0
230786,1104,1090,13,426,671,7,678,0,678,9,4,2,1,0,100,2,0,116,0,23,0,2,1,242,1,1,0,1,3,0,0,1,22,0,2,0,0,0,0,54,0,0,30,1,0,58,2,0,0
230787,738,733,9,328,402,8,410,0,410,5,0,0,1,0,65,0,1,69,0,13,0,0,0,137,0,0,0,0,3,0,0,1,13,0,1,0,0,0,0,38,0,0,23,0,0,36,2,0,2
230788,984,972,18,353,614,17,631,0,631,12,0,0,0,1,102,0,1,111,0,15,0,1,1,217,0,0,0,0,4,2,0,0,20,1,0,0,0,0,0,53,0,1,27,0,0,59,2,0,1
230789,1113,1172,19,322,774,17,791,0,791,11,3,0,1,3,132,0,0,110,1,21,0,0,1,304,0,0,0,0,4,0,0,1,15,0,2,0,0,1,1,55,1,0,50,0,0,70,3,0,1
230790,1050,1022,9,394,647,9,656,0,656,11,1,1,0,3,136,2,1,101,0,26,0,0,0,230,0,1,0,0,4,0,0,0,20,1,1,1,0,0,0,38,0,0,34,0,0,42,2,0,0
230791,1191,1162,22,464,710,17,727,0,727,4,1,0,1,2,124,1,0,137,0,19,0,0,0,273,0,0,0,0,3,0,0,0,16,0,1,1,0,0,0,53,0,0,33,0,0,56,1,0,1
230792,1572,1551,13,575,986,11,997,0,997,11,0,5,4,1,166,2,3,174,0,38,0,0,1,347,0,0,0,0,5,0,0,0,25,0,0,0,1,0,1,70,0,1,52,0,0,84,3,1,2
230793,1236,1219,10,542,686,8,694,0,694,4,0,0,0,1,105,2,0,150,0,19,0,2,0,265,0,1,0,0,4,0,0,0,20,0,0,0,0,0,0,36,0,1,35,0,1,41,4,0,3
230794,1110,1107,9,448,653,9,662,0,662,5,0,1,0,0,109,0,1,88,0,19,0,0,0,244,2,0,0,0,8,0,0,0,22,0,1,0,1,0,0,70,0,0,37,0,0,50,2,1,1
230795,885,905,8,338,541,6,547,0,547,4,1,2,0,5,85,1,0,79,0,9,0,0,0,219,1,2,0,0,5,1,0,1,12,1,0,0,0,0,1,52,0,2,11,0,1,46,1,0,5
230796,1002,995,6,446,553,3,556,0,556,3,0,0,1,0,107,0,0,67,0,14,0,0,0,235,0,0,0,0,8,0,1,0,21,0,0,0,0,0,0,34,0,0,18,0,2,39,4,0,2
230797,972,965,9,404,559,9,568,0,568,6,1,0,0,0,98,0,0,143,0,10,1,0,0,183,0,0,0,0,2,0,0,1,27,0,0,0,1,1,0,32,0,0,11,0,1,49,0,0,1
230798,918,901,16,402,501,15,516,0,516,6,0,1,4,1,91,0,0,68,0,15,0,0,0,209,2,0,1,0,1,1,0,0,15,0,0,0,0,0,0,34,0,0,30,0,0,35,1,1,0
230799,1239,1212,20,531,690,18,708,0,708,9,0,1,1,0,103,1,3,135,0,20,0,0,0,241,0,0,1,0,5,0,1,1,26,0,1,0,1,0,0,51,0,0,45,0,0,62,0,0,0
230800,987,973,6,431,553,3,556,0,556,6,1,0,0,0,112,1,0,111,1,8,0,1,0,182,0,0,0,1,2,0,0,0,20,1,0,0,0,0,0,39,0,0,23,0,3,39,3,0,2
230801,819,800,7,381,432,6,438,0,438,5,1,0,1,0,65,0,0,96,0,17,0,0,0,145,0,1,0,0,2,0,0,0,8,0,0,0,0,0,1,24,0,1,33,0,0,37,1,0,0
230802,987,981,9,364,617,6,623,0,623,1,0,0,1,2,107,0,0,99,0,13,0,0,1,222,0,0,0,0,6,0,0,0,30,0,0,0,0,0,0,47,0,0,42,0,1,47,3,0,1
230803,972,963,15,439,519,14,533,0,533,7,1,2,0,1,107,2,0,59,0,14,0,0,0,198,2,1,0,0,3,0,1,0,25,0,1,0,0,0,0,36,0,0,22,0,3,45,2,0,1
230804,936,935,9,428,500,8,508,0,508,7,0,0,2,2,103,0,1,90,0,10,0,1,0,199,1,0,0,0,1,0,1,0,16,0,1,0,0,0,0,30,0,1,16,0,2,21,2,0,1
230805,798,790,2,364,433,1,434,0,434,3,0,0,0,0,80,0,0,66,0,11,0,0,0,165,1,0,0,0,1,0,0,1,14,1,0,0,0,0,1,39,0,0,8,0,1,35,4,1,2
230806,936,929,10,427,499,10,509,0,509,3,1,1,0,1,115,1,0,54,0,20,0,1,1,188,1,0,0,0,3,0,0,0,14,1,1,0,0,0,0,31,0,2,22,0,0,48,0,0,0
230807,879,871,10,398,473,8,481,0,481,0,1,0,0,1,89,0,1,58,0,9,0,0,0,199,1,0,0,0,0,0,0,0,13,0,1,0,0,0,0,26,0,0,25,0,0,55,0,0,2
230808,186,31,20,159,11,16,27,0,27,0,0,0,0,0,4,0,0,3,0,2,0,0,0,8,0,0,0,0,0,0,0,0,0,0,0,0,0,0,0,3,0,0,2,0,0,5,0,0,0
231126,123,81,0,42,81,0,81,0,81,5,0,0,0,0,2,0,0,1,0,0,0,0,0,48,0,0,0,0,0,0,0,1,1,0,0,0,0,0,0,0,1,0,1,0,1,17,3,0,0,31,03,2019,23,45
