260106,546,541,18,153,375,18,393,0,393,2,1,0,0,1,0,0,0,0,0,60,0,0,1,47,0,2,0,0,46,1,0,1,12,0,1,0,0,0,0,78,0,0,0,0,0,97,9,3,31
260107,333,329,18,116,199,18,217,0,217,1,0,0,0,0,2,0,0,2,0,31,0,0,0,35,0,0,0,1,9,0,0,0,9,0,2,0,0,0,0,43,0,0,2,0,1,59,8,1,11
260108,867,855,30,206,633,28,661,0,661,9,0,0,0,1,0,0,1,0,0,107,0,0,0,60,0,1,0,0,19,2,0,0,23,0,0,0,2,1,1,201,0,0,11,1,1,109,2,6,103
260109,561,553,17,130,416,15,431,0,431,7,0,0,0,0,3,0,0,0,0,68,0,0,0,43,0,0,0,0,30,0,0,1,19,0,1,0,0,0,2,78,0,0,1,0,0,108,7,3,60
260130,1395,1385,18,533,848,14,862,0,862,7,2,0,0,0,1,0,0,2,0,88,1,0,1,98,0,0,0,0,27,0,0,1,23,1,0,0,0,0,0,150,1,0,20,0,0,172,23,20,224
260133,1227,1219,42,364,821,42,863,0,863,5,1,0,1,0,3,0,0,1,0,101,0,0,0,128,0,0,0,0,33,3,0,0,21,0,3,0,0,0,0,347,0,0,12,0,1,141,8,3,51
260140,1194,1183,48,350,797,47,844,0,844,25,0,0,0,0,0,0,1,1,2,64,0,2,0,129,2,0,0,0,32,0,0,4,41,0,1,0,1,0,0,153,0,0,6,0,0,301,20,10,49
260154,324,323,10,113,201,10,211,0,211,1,0,0,0,0,1,0,0,0,0,21,1,0,0,13,0,0,1,0,11,1,0,0,10,0,0,0,0,0,0,15,0,0,1,0,0,41,1,5,88
260276,1929,1916,35,694,1203,32,1235,0,1235,7,2,0,0,1,5,0,1,2,2,142,0,6,1,137,0,1,0,0,50,1,0,2,19,0,0,0,0,0,1,258,1,1,19,0,1,202,16,23,334
260277,1926,1902,65,776,1090,60,1150,0,1150,17,5,0,3,0,4,0,0,1,1,221,0,4,0,146,0,1,0,1,95,3,0,3,26,0,0,1,0,0,1,193,0,0,67,1,0,254,16,4,82
260278,936,925,52,286,599,51,650,0,650,3,0,0,0,0,0,1,0,1,1,130,0,1,1,87,0,0,0,0,23,3,0,0,17,0,1,1,0,0,2,203,0,0,17,0,1,105,8,3,41
260279,147,149,13,21,113,13,126,0,126,1,0,0,0,0,0,0,0,0,0,16,0,0,0,7,0,0,0,0,7,0,0,0,1,0,0,0,0,0,0,60,0,0,3,0,0,22,1,0,8
260280,1899,1884,110,766,1027,106,1133,0,1133,12,1,2,1,0,6,0,0,2,1,113,0,1,1,201,0,0,1,0,43,1,1,0,45,1,2,1,0,0,2,232,0,0,24,0,0,314,21,7,97
260281,585,587,49,207,334,44,378,0,378,8,0,0,0,0,4,0,1,0,0,47,0,0,0,46,0,0,0,0,6,0,0,0,14,0,0,0,0,0,0,92,0,0,5,0,0,125,7,3,20
260282,339,337,21,144,176,19,195,0,195,0,0,0,0,0,0,0,0,3,0,23,0,0,0,39,0,0,0,0,5,0,0,0,13,0,0,0,0,0,0,22,0,0,2,0,0,61,9,2,16
260283,336,329,35,121,185,30,215,0,215,1,0,0,0,0,4,0,0,0,1,37,0,0,1,18,0,0,0,0,6,0,0,2,12,1,0,0,0,0,0,25,0,0,2,0,0,76,11,4,14
260284,1938,1920,74,874,993,71,1064,0,1064,14,0,0,0,0,2,0,0,4,0,159,0,3,0,236,2,0,0,0,96,5,1,0,58,0,1,0,0,0,0,151,0,0,14,0,1,273,16,5,23
260285,2124,2086,38,936,1151,37,1188,0,1188,20,0,0,0,0,2,0,0,4,2,197,1,6,0,275,1,0,0,1,89,8,1,1,49,0,3,0,0,0,0,224,1,0,20,0,0,216,23,4,40
260286,1152,1135,50,384,723,45,768,0,768,8,0,0,1,0,6,0,1,0,0,182,0,0,0,152,0,0,0,0,35,0,0,0,12,0,0,0,0,0,0,147,0,0,25,0,0,142,14,4,39
260287,984,975,58,402,524,58,582,0,582,4,3,2,2,0,0,0,1,0,0,62,0,1,0,113,0,0,0,0,25,0,0,2,20,0,1,0,0,1,1,119,1,0,22,0,0,153,1,5,43
260288,1302,1285,72,509,723,70,793,0,793,7,0,0,3,0,3,0,0,0,0,75,0,0,0,129,0,0,1,0,12,3,0,1,39,0,0,0,0,0,0,125,1,0,15,0,0,293,13,7,66
260289,333,334,29,85,219,29,248,0,248,1,0,0,0,0,1,0,0,0,0,22,0,0,0,18,0,0,0,0,5,0,0,0,3,0,0,0,0,0,0,52,0,0,5,0,0,119,7,3,12
260290,1434,1408,45,400,989,45,1034,0,1034,12,0,0,1,0,0,0,0,0,2,130,0,3,1,165,0,2,0,2,63,2,1,2,81,1,1,0,0,0,1,211,1,0,16,0,0,221,11,7,97
260291,645,640,49,126,472,47,519,0,519,5,0,0,0,0,0,0,0,0,0,69,0,4,0,60,0,0,0,1,45,0,0,0,35,0,0,0,0,0,1,147,0,0,2,0,0,104,11,2,33
260292,1071,1065,40,442,590,39,629,0,629,8,0,0,2,0,5,0,0,1,0,105,0,4,0,96,0,0,0,0,15,2,0,0,25,1,0,0,0,0,1,120,0,0,18,0,0,131,6,12,77
260293,216,218,8,61,147,8,155,0,155,2,0,0,0,0,0,0,0,0,0,30,0,0,0,21,0,0,0,0,2,0,0,0,11,0,0,0,0,1,0,19,0,0,6,0,0,51,2,0,10
260294,945,938,65,269,612,64,676,0,676,5,1,1,1,0,0,0,0,1,0,126,0,0,1,90,0,1,0,0,45,0,0,0,22,0,0,0,0,0,3,229,2,1,28,0,0,101,5,2,11
260295,1500,1478,53,551,897,52,949,0,949,11,2,0,0,0,3,0,0,0,0,136,0,3,2,160,0,0,0,0,55,1,0,1,29,0,2,1,0,0,1,168,1,0,20,1,0,267,13,5,67
260296,1611,1597,83,593,936,82,1018,0,1018,14,4,0,1,0,5,0,0,0,0,283,0,3,0,105,0,0,0,0,77,0,0,2,24,2,0,0,0,0,2,159,2,0,35,1,1,243,13,3,39
260297,333,329,22,98,213,22,235,0,235,3,2,0,0,0,0,0,0,1,0,39,0,0,0,21,0,0,0,0,6,0,0,1,7,0,0,0,0,0,0,25,0,0,9,0,0,108,5,1,7
260298,102,105,10,27,65,10,75,0,75,0,0,0,0,0,0,0,0,0,0,5,0,0,0,5,0,0,0,0,0,0,0,1,0,0,0,0,0,0,0,24,0,0,0,0,0,37,0,1,2
260299,279,277,25,66,189,24,213,0,213,3,0,0,0,0,2,0,0,0,0,27,0,0,0,18,0,0,0,0,12,0,0,0,14,0,2,0,0,0,0,42,0,0,8,0,0,75,5,2,3
260300,738,733,20,215,503,20,523,0,523,4,0,2,0,1,3,0,0,0,0,62,0,0,0,55,0,0,0,1,41,0,0,0,11,0,4,0,0,0,0,183,0,0,16,0,0,117,3,2,18
260301,903,896,35,323,546,34,580,0,580,5,0,1,1,1,7,0,0,0,1,102,0,2,0,83,0,0,0,0,26,0,1,2,37,0,1,0,0,0,1,87,0,0,15,0,0,152,6,6,43
260302,396,395,16,96,285,15,300,0,300,1,0,0,1,0,0,0,0,0,0,54,0,0,0,51,0,0,0,0,10,0,0,0,4,0,0,0,0,0,0,36,0,0,3,0,1,110,4,1,24
260303,1476,1460,37,627,812,37,849,0,849,16,1,0,5,1,1,0,0,0,0,197,0,1,0,151,0,0,0,0,33,2,0,0,40,0,1,0,0,0,2,154,0,0,13,0,0,123,20,3,85
260304,1374,1367,45,577,752,45,797,0,797,10,0,0,2,0,0,0,0,0,0,162,0,0,0,138,0,0,0,1,33,0,1,0,18,1,2,0,0,0,1,148,0,0,22,0,0,167,13,6,72
260305,759,750,66,265,430,64,494,0,494,5,0,0,0,0,1,0,0,0,2,63,0,0,0,54,0,0,0,0,5,1,0,1,16,0,0,0,0,0,0,73,0,0,12,0,1,109,6,13,132
260306,360,357,15,66,279,15,294,0,294,4,0,0,0,0,0,0,0,0,0,39,0,0,0,27,0,0,0,1,13,0,0,0,5,0,1,0,0,0,0,63,1,0,6,0,0,74,0,10,50
260307,153,156,11,42,100,11,111,0,111,0,0,0,0,0,1,0,0,2,0,24,0,0,0,22,0,0,0,0,3,0,0,1,4,0,0,0,0,0,0,12,0,0,0,0,0,27,2,0,13
260308,441,437,33,89,319,33,352,0,352,6,0,0,0,0,0,0,0,0,0,44,0,2,0,35,0,0,0,0,7,0,0,0,3,0,0,0,0,0,0,64,0,0,2,0,0,111,9,8,61
260309,2175,2150,88,811,1280,84,1364,0,1364,18,1,0,1,2,14,0,0,3,1,243,0,1,0,201,0,0,0,1,55,1,0,2,62,0,2,0,0,0,0,318,1,0,76,0,0,275,16,7,63
260310,741,740,48,244,449,48,497,0,497,7,0,0,0,0,1,0,0,1,0,115,0,0,0,58,0,1,0,2,23,0,0,1,11,0,1,0,0,0,1,100,0,0,15,0,0,119,8,4,29
260311,1659,1641,48,633,979,47,1026,0,1026,12,2,2,1,0,4,0,0,1,4,170,0,0,0,132,0,0,0,1,40,1,0,1,25,0,4,0,0,0,1,356,0,0,38,1,0,151,11,11,57
260312,672,671,27,234,411,27,438,0,438,3,0,0,0,0,5,0,0,0,1,121,1,0,0,43,0,0,0,0,16,0,0,0,18,0,1,0,0,0,1,94,0,1,6,0,1,81,1,3,41
260313,516,513,22,178,316,22,338,0,338,1,0,0,1,0,1,0,0,0,0,66,0,1,1,47,0,0,0,0,10,0,0,1,31,0,1,0,0,0,0,72,1,0,5,0,0,70,0,4,25
260314,600,599,46,166,388,46,434,0,434,1,0,0,0,0,2,0,0,1,0,98,0,4,0,50,0,3,0,0,13,0,1,0,19,0,3,0,0,0,0,69,0,0,9,0,1,119,1,4,36
260315,279,278,21,84,174,21,195,0,195,2,0,0,0,0,0,0,0,0,0,17,0,6,0,35,0,0,0,0,0,0,0,0,11,0,0,0,0,0,0,22,0,0,16,0,0,51,2,3,30
260316,528,521,21,212,295,21,316,0,316,3,0,0,0,0,1,0,0,0,1,48,0,0,0,32,0,0,0,0,6,0,0,0,20,0,1,0,0,0,1,104,0,0,6,0,0,74,2,2,15
260317,762,757,33,258,471,33,504,0,504,9,0,0,1,0,2,1,0,0,1,102,0,6,0,54,0,1,0,0,27,0,0,2,23,1,1,0,0,0,0,85,0,0,9,0,0,134,3,4,38
260318,357,356,25,130,203,24,227,0,227,3,0,0,1,0,1,0,0,1,0,33,0,1,0,25,0,0,0,0,9,0,0,0,10,0,0,0,0,0,1,54,0,0,7,0,0,68,2,1,10
260319,147,148,10,58,79,10,89,0,89,1,0,0,0,0,0,0,1,0,0,9,0,0,0,5,0,0,0,0,0,0,0,0,8,0,1,0,0,0,0,31,0,0,2,0,0,30,0,0,1
260320,213,216,19,87,107,19,126,0,126,3,0,0,0,0,0,0,0,0,0,17,0,0,0,19,0,1,0,0,2,0,0,0,5,0,0,0,0,0,0,30,0,0,0,0,0,40,1,0,8
260321,1242,1229,52,375,816,51,867,0,867,6,0,0,0,0,1,0,0,0,0,237,1,2,0,86,0,0,0,1,38,2,0,0,29,1,0,0,0,0,4,135,1,0,26,0,1,259,12,4,21
260322,981,972,58,412,511,58,569,0,569,8,1,1,0,0,2,0,0,1,0,70,0,2,0,92,0,0,0,0,26,1,1,1,28,1,0,1,0,1,1,153,0,0,27,0,0,107,7,3,34
260323,1305,1298,29,470,806,29,835,0,835,6,1,0,0,0,2,1,0,1,0,112,0,2,1,173,0,1,0,0,36,2,0,0,20,0,1,0,0,0,0,206,0,0,14,0,2,171,9,13,61
260324,378,377,10,112,256,10,266,0,266,1,0,0,0,0,0,0,0,0,0,44,0,0,0,36,0,0,0,0,18,3,0,0,10,0,0,0,1,0,1,59,0,0,5,1,0,64,2,3,18
260325,927,919,66,361,503,63,566,0,566,6,0,0,2,1,6,0,0,1,0,109,0,3,0,97,0,0,0,0,11,1,0,1,23,0,0,0,1,0,0,87,0,0,14,0,0,163,13,2,25
260326,543,537,26,174,343,26,369,0,369,4,2,0,0,0,1,0,0,0,0,61,0,0,0,41,1,1,1,0,3,0,0,2,38,0,4,0,0,0,1,64,0,1,8,0,0,111,7,0,18
260327,1395,1385,49,548,801,46,847,0,847,5,0,0,0,0,0,0,0,0,1,167,0,0,0,158,0,0,1,0,29,0,0,1,46,0,1,0,0,0,1,187,2,0,44,0,0,157,8,6,33
260328,120,20,0,101,19,0,19,0,19,0,0,0,0,0,0,0,0,0,0,0,0,0,0,3,0,0,0,0,2,0,0,1,2,0,0,0,0,0,0,5,0,0,0,0,0,5,0,0,1
260538,423,414,14,148,261,14,275,0,275,3,1,0,1,0,2,0,0,0,0,64,0,2,0,34,0,0,0,0,9,0,0,0,8,0,1,0,0,0,0,63,0,0,8,0,0,61,2,0,16
260539,2199,2164,15,885,1300,14,1314,0,1314,15,1,2,2,0,4,0,0,2,0,293,0,4,1,228,0,0,0,0,44,0,0,1,27,2,9,0,0,0,0,284,0,0,57,0,1,258,10,5,64
260540,2343,2325,15,874,1454,15,1469,0,1469,15,2,0,1,2,5,0,0,5,0,268,0,9,0,220,0,0,0,0,35,4,0,0,34,0,4,0,0,0,1,389,2,1,78,0,0,299,6,3,86
260541,1263,1253,29,401,834,28,862,0,862,14,2,1,0,0,4,0,0,2,0,141,0,4,0,108,0,1,0,0,23,0,0,0,20,0,0,0,0,0,0,155,0,0,40,1,1,295,11,3,36
260542,1194,1181,63,481,652,61,713,0,713,15,0,0,0,0,3,0,0,1,1,74,0,5,0,74,1,0,0,0,65,2,0,0,33,0,0,0,0,0,0,147,0,0,19,0,2,172,8,12,79
260543,129,128,13,40,76,13,89,0,89,0,0,0,0,0,0,0,0,0,0,11,0,0,0,7,0,0,0,1,2,0,0,0,4,0,0,0,0,0,0,27,0,0,0,0,0,24,3,0,10
260544,759,757,41,114,604,41,645,0,645,9,0,0,3,1,6,0,0,3,0,96,0,4,0,94,0,0,0,0,20,2,0,0,32,0,1,0,0,0,0,70,0,2,9,0,0,220,8,6,59
260545,522,516,47,166,313,43,356,0,356,6,0,0,0,0,0,0,0,0,1,76,0,1,0,34,0,0,0,0,5,1,0,1,18,0,0,0,0,0,0,92,0,0,1,0,0,67,2,4,47
260546,114,112,16,37,61,16,77,0,77,0,0,0,0,0,1,0,0,0,1,11,0,0,0,6,0,0,0,0,6,0,0,1,3,0,0,0,0,0,0,28,0,0,0,0,0,17,0,1,2
260547,537,524,13,176,348,13,361,0,361,2,0,0,0,0,5,0,0,2,1,72,0,5,0,56,0,0,0,0,4,1,0,2,20,0,1,1,0,0,1,50,0,0,8,0,0,87,3,2,38
260548,720,711,11,239,470,11,481,0,481,5,0,0,1,0,3,0,0,0,0,104,0,0,0,71,0,0,0,0,3,0,0,2,13,0,0,0,0,0,0,70,0,0,26,0,0,149,7,2,25
260549,1023,1008,83,344,596,83,679,0,679,12,0,0,0,0,4,1,0,3,0,132,0,5,0,76,0,1,0,0,25,2,0,1,56,0,2,0,0,0,0,97,0,0,7,0,1,189,14,1,50
260550,72,68,6,20,46,6,52,0,52,0,0,0,0,0,0,0,0,0,0,16,0,0,0,6,0,0,0,0,1,1,0,0,7,0,0,0,0,0,0,6,0,0,0,0,0,14,0,1,0
260551,192,190,24,67,103,22,125,0,125,1,0,0,0,0,1,0,0,0,0,28,0,0,0,14,0,0,0,0,2,2,0,0,8,0,0,0,0,0,0,25,0,0,0,0,1,29,1,4,9
260552,144,140,9,54,81,9,90,0,90,2,0,0,0,0,0,0,0,1,0,11,0,2,0,14,0,0,0,0,4,2,0,0,6,0,0,0,0,0,0,16,0,0,2,0,0,24,1,2,3
260553,201,209,15,51,135,15,150,0,150,0,0,0,0,0,0,0,0,1,0,32,0,0,0,19,1,0,0,0,3,1,0,0,12,0,1,0,1,0,0,16,0,0,4,0,0,26,0,2,31
260554,123,125,9,47,69,7,76,0,76,2,0,0,0,0,0,0,0,0,0,17,0,0,0,2,0,0,0,0,1,1,0,0,4,0,1,0,0,0,0,33,0,0,0,0,0,14,0,0,1
260555,132,131,10,33,90,9,99,0,99,1,0,0,0,0,0,0,0,0,0,9,0,0,0,6,0,0,0,0,0,1,0,0,1,0,0,0,0,0,1,36,0,0,0,0,0,17,0,7,20
260556,66,69,12,18,36,12,48,0,48,0,0,0,0,0,0,0,0,0,0,14,0,0,0,6,0,0,0,0,0,0,0,0,1,0,0,0,0,0,0,3,0,0,0,0,0,21,2,0,1
260557,285,279,37,97,156,32,188,0,188,7,0,0,0,0,0,0,0,2,0,33,0,0,0,12,0,0,0,0,17,1,0,1,13,0,0,0,0,0,0,25,0,0,3,0,0,51,5,2,16
260558,93,93,1,11,81,1,82,0,82,3,0,0,0,0,1,0,0,3,0,14,0,1,0,12,0,0,0,0,0,0,0,1,3,0,0,0,0,0,0,17,0,0,0,0,0,23,1,0,3
260559,561,554,8,85,469,7,476,0,476,6,0,0,0,0,0,0,0,1,0,94,0,4,0,24,0,0,0,0,28,0,0,0,16,0,1,0,0,0,1,140,0,1,3,0,0,103,3,3,48
260560,126,126,2,17,107,2,109,0,109,4,0,0,0,0,0,0,0,1,0,17,0,0,0,4,0,0,0,0,1,0,0,0,5,0,0,0,0,0,1,35,0,0,0,0,0,27,1,2,11
260561,294,291,21,69,206,19,225,0,225,2,0,0,0,0,1,1,0,5,0,54,0,2,0,26,0,0,0,0,6,0,0,0,12,0,0,0,0,0,1,52,0,0,5,0,0,35,2,0,21
260562,489,463,24,162,303,24,327,0,327,8,0,0,1,0,2,0,0,0,0,33,0,3,1,61,0,0,0,0,6,1,0,0,22,0,0,0,0,0,0,63,0,0,7,0,0,85,9,1,24
260563,300,297,34,122,148,30,178,0,178,0,1,1,0,0,0,0,0,1,0,33,0,0,0,21,1,0,0,0,3,0,0,1,4,0,0,0,0,1,1,43,0,0,3,0,0,38,1,0,25
260564,183,181,11,46,126,11,137,0,137,0,0,0,0,0,0,0,0,0,1,46,0,0,0,4,0,0,0,0,1,0,0,0,11,0,0,0,0,0,0,32,0,0,1,0,1,20,2,2,16
260565,282,279,12,71,201,10,211,0,211,1,0,0,2,0,0,0,0,2,0,41,0,0,0,7,0,0,0,0,9,0,0,0,13,0,0,0,0,0,0,65,0,0,5,0,0,55,5,1,5
260566,156,156,10,42,104,10,114,0,114,1,0,1,0,0,1,0,0,0,0,22,0,4,0,7,0,0,0,0,3,0,0,0,8,0,0,0,0,0,0,27,0,0,0,0,0,34,0,1,5
260567,174,174,12,68,94,12,106,0,106,1,0,0,0,0,0,1,0,0,1,12,0,0,0,10,0,0,0,0,3,0,0,0,9,0,3,0,0,0,3,21,0,0,0,0,0,34,2,0,6
260568,486,483,40,86,360,40,400,0,400,11,0,0,0,0,0,0,0,2,0,44,0,1,0,24,0,1,0,1,7,0,0,0,21,0,3,0,0,0,0,86,0,0,10,0,0,108,10,7,64
260569,483,484,40,156,287,40,327,0,327,3,0,1,2,0,0,0,1,0,0,70,0,1,0,23,0,0,0,0,9,1,0,0,16,0,0,0,0,0,0,87,0,0,1,0,1,97,5,2,7
260570,606,603,63,122,425,59,484,0,484,11,0,0,0,0,0,0,0,8,1,65,0,0,1,34,0,1,0,0,9,0,0,0,42,0,0,0,0,0,2,145,0,0,3,0,1,76,8,11,66
260571,423,425,26,82,317,24,341,0,341,5,0,0,0,0,3,0,0,1,0,67,0,0,0,32,0,0,0,0,4,3,0,1,36,0,1,0,0,0,0,69,0,0,2,0,0,80,0,1,36
260572,273,257,23,85,166,22,188,0,188,1,0,0,0,0,1,1,0,2,0,37,1,0,0,16,0,0,0,1,4,1,0,0,9,0,1,0,0,0,0,41,0,0,1,0,0,60,1,0,10
260573,465,468,20,86,359,20,379,0,379,4,1,0,0,0,0,0,0,1,0,74,0,2,0,33,0,0,0,0,13,5,0,0,18,0,0,0,0,0,1,83,0,0,1,0,0,129,2,2,10
260574,411,401,25,118,268,25,293,0,293,2,0,0,0,0,1,0,0,2,0,50,0,0,0,17,0,0,0,0,10,5,0,0,11,0,1,0,0,0,0,95,0,0,5,0,0,86,5,0,3
260575,603,602,39,186,378,39,417,0,417,9,0,0,0,0,0,1,0,5,0,37,1,1,0,48,0,0,0,0,23,1,0,0,27,0,0,0,1,0,0,92,0,0,7,0,0,130,5,1,28
260576,153,153,14,50,90,13,103,0,103,0,0,0,0,0,0,1,0,1,0,12,0,0,0,8,0,0,0,0,6,0,0,1,6,0,0,0,0,0,0,20,0,0,1,0,0,38,1,2,6
260577,363,358,28,99,239,25,264,0,264,4,1,0,0,0,3,0,1,3,0,65,0,2,0,24,0,0,0,1,8,0,2,1,16,0,1,0,0,0,4,54,0,0,1,0,1,62,3,1,6
260578,1026,1024,53,319,658,49,707,0,707,11,0,2,0,0,10,0,0,17,0,140,0,2,1,96,1,0,0,0,24,1,0,2,20,0,1,0,0,0,0,104,2,0,19,0,0,198,13,3,40
260579,60,59,3,9,48,3,51,0,51,0,0,0,0,0,0,0,0,0,0,14,0,0,0,5,0,0,0,0,4,0,0,1,6,0,0,0,0,0,0,7,0,0,0,0,0,13,0,0,1
260580,195,194,14,33,149,13,162,0,162,1,1,0,0,1,0,0,0,3,0,28,0,1,0,15,0,0,0,0,5,0,0,1,17,0,0,0,0,0,0,29,0,0,1,0,0,36,1,2,20
260581,156,155,15,20,121,15,136,0,136,2,0,0,0,0,0,0,0,0,0,23,0,0,0,15,1,0,0,0,3,2,0,0,6,0,1,0,0,0,0,37,0,0,3,0,0,38,0,1,4
260582,828,825,43,185,600,43,643,0,643,6,1,0,1,0,2,0,0,1,0,83,0,4,0,58,0,1,0,0,24,2,0,1,34,0,1,0,0,0,0,68,0,0,10,0,2,250,9,4,81
260583,291,287,3,54,234,3,237,0,237,3,0,0,0,0,0,0,0,1,0,43,0,0,0,33,0,1,0,0,13,0,0,0,12,0,0,0,0,0,0,37,0,0,8,0,0,75,4,0,7
260584,420,416,46,152,222,46,268,0,268,4,0,0,1,1,1,0,0,1,1,53,0,4,1,29,0,0,0,0,8,1,0,0,12,0,1,0,0,1,0,34,1,0,0,0,0,92,5,1,16
260585,306,307,17,58,232,16,248,0,248,1,0,0,0,0,0,0,0,0,0,25,0,0,0,31,0,0,0,0,6,0,0,0,21,0,4,0,0,0,0,45,0,0,7,0,0,91,1,0,16
260586,261,267,7,55,199,7,206,0,206,0,0,0,0,0,2,0,0,0,0,53,0,3,0,26,0,0,0,0,4,0,0,0,9,0,0,0,0,1,0,33,0,0,3,0,0,55,6,1,10
260587,135,137,4,17,114,4,118,0,118,1,0,0,0,0,1,0,0,0,0,11,0,1,0,16,0,1,0,0,5,0,0,0,8,0,0,0,0,0,0,30,0,0,4,0,0,30,1,0,9
260588,414,401,17,148,250,16,266,0,266,4,0,0,0,0,0,0,0,1,0,41,0,0,0,31,0,0,0,0,10,0,0,0,13,0,0,0,0,0,0,71,1,1,7,0,0,62,4,3,17
260589,324,327,25,83,218,23,241,0,241,4,0,1,1,0,0,0,0,1,0,22,0,0,0,39,0,0,0,0,5,1,0,0,19,0,0,0,0,0,0,53,0,0,2,0,0,69,3,1,20
260590,369,370,28,100,242,27,269,0,269,6,0,0,0,0,0,0,0,1,0,45,0,0,0,29,0,0,2,0,9,0,0,1,23,0,0,0,1,0,0,57,0,0,5,0,0,63,7,3,17
260591,330,327,23,89,224,17,241,0,241,6,0,0,0,0,0,0,0,1,0,35,0,0,0,18,0,0,0,0,14,0,0,0,9,0,1,0,0,0,0,56,0,0,1,0,0,73,8,1,18
260592,285,278,31,90,164,31,195,0,195,2,0,0,0,0,0,0,0,0,0,48,0,1,0,17,0,0,0,0,5,2,0,0,19,0,0,0,0,0,1,40,0,0,2,0,0,40,1,1,16
260593,546,542,47,111,389,46,435,0,435,2,0,0,1,0,1,0,1,2,0,100,0,1,0,52,0,0,1,0,7,0,0,0,33,0,0,0,0,0,0,81,1,0,1,0,0,109,2,4,36
260594,711,703,36,216,461,34,495,0,495,13,1,0,1,0,0,1,0,0,0,82,0,2,0,70,0,0,0,2,19,2,0,0,42,0,5,0,0,0,1,103,0,0,20,0,0,73,7,7,44
260595,672,671,24,185,463,24,487,0,487,8,0,0,0,0,1,0,0,2,1,78,0,3,0,50,0,0,0,0,10,1,1,2,38,0,1,0,0,0,2,93,0,0,13,0,0,154,3,1,25
260596,534,531,62,170,307,57,364,0,364,4,0,0,0,0,0,0,0,3,0,74,0,1,0,28,0,0,0,0,7,0,0,0,31,0,3,0,0,0,0,81,0,0,7,0,0,100,7,1,17
260597,231,233,25,72,134,25,159,0,159,1,0,0,0,0,0,0,0,0,0,31,0,0,0,4,0,0,0,0,3,0,0,1,19,0,0,0,0,0,0,21,0,0,0,0,0,74,3,1,1
260598,423,418,53,170,203,50,253,0,253,2,0,0,0,0,0,0,0,0,0,45,0,1,0,21,0,0,0,0,11,0,0,0,18,0,0,0,0,0,0,76,0,0,0,0,0,57,8,6,8
260599,312,300,27,93,192,27,219,0,219,5,0,0,0,0,2,0,0,1,1,16,0,5,1,28,0,0,0,0,1,2,0,1,12,0,0,0,2,0,0,42,0,0,2,0,0,83,0,3,12
260600,60,59,10,12,38,10,48,0,48,2,0,0,0,0,0,0,0,0,0,7,0,2,0,3,0,0,0,0,0,0,0,0,1,0,0,0,0,0,0,18,0,0,2,0,0,11,2,0,0
260601,219,217,19,66,134,19,153,0,153,4,0,0,0,0,1,0,0,1,0,49,0,0,0,16,0,1,0,0,4,1,0,0,9,0,0,0,0,0,0,37,0,0,1,0,0,20,2,0,7
260602,453,452,31,93,330,30,360,0,360,11,0,0,0,0,0,0,0,0,0,83,0,2,0,28,0,0,0,0,17,4,0,3,12,0,1,0,0,0,2,78,1,0,3,0,1,90,0,5,19
260603,147,147,14,12,121,14,135,0,135,0,0,0,0,0,0,0,0,0,0,48,0,1,0,14,0,0,0,0,0,0,0,0,5,0,0,0,0,0,0,30,0,0,3,0,0,29,2,0,3
260604,228,225,23,78,127,23,150,0,150,5,0,0,0,0,0,0,0,0,0,28,0,1,0,20,0,0,1,0,3,0,0,1,12,0,1,0,0,0,0,23,0,0,0,0,0,47,1,2,5
260605,471,467,37,157,278,36,314,0,314,3,0,0,0,0,1,0,0,1,0,37,0,0,0,31,0,3,3,0,17,0,0,0,24,0,0,1,0,0,0,70,0,1,9,0,0,69,4,4,36
260606,387,384,29,128,231,28,259,0,259,5,0,0,0,0,0,0,0,0,0,33,0,1,1,17,0,0,0,1,18,0,0,1,16,0,0,0,0,0,0,55,0,0,5,0,1,93,2,1,9
260607,750,749,51,241,460,49,509,0,509,2,0,0,0,0,0,0,0,0,0,64,0,2,0,69,0,0,0,0,16,1,0,0,18,0,2,0,0,0,0,130,0,0,7,0,0,123,8,7,60
260608,480,472,30,141,309,30,339,0,339,5,0,0,0,0,1,0,0,0,0,69,1,1,0,56,0,0,0,0,4,0,0,1,23,0,0,0,0,1,0,64,0,0,13,0,0,80,3,3,14
260609,168,164,15,58,95,15,110,0,110,1,0,0,0,0,0,0,0,0,0,24,0,0,0,18,0,0,0,0,5,2,0,0,7,0,0,0,0,0,0,13,0,0,1,0,0,23,4,0,12
260610,585,586,26,138,421,26,447,0,447,12,0,0,0,0,3,0,0,3,0,52,0,4,0,57,0,0,0,0,16,1,0,1,40,0,0,0,0,0,1,56,0,0,6,0,1,142,4,5,43
260611,666,655,4,242,422,2,424,0,424,4,0,0,0,0,0,0,0,0,0,69,0,1,0,46,0,0,0,0,25,2,0,0,23,0,0,0,0,0,0,60,0,0,8,0,0,159,12,5,10
260612,312,312,41,114,160,38,198,0,198,3,0,0,0,0,1,1,0,7,2,24,0,2,1,25,0,0,0,0,11,1,0,0,20,0,0,0,0,0,1,43,0,0,4,0,0,40,2,2,8
260613,246,58,42,201,13,32,45,0,45,1,0,0,0,0,0,0,0,1,0,4,0,1,0,3,0,0,0,0,1,0,0,0,6,0,0,0,0,0,0,15,0,0,0,0,0,7,3,1,2
260614,60,6,0,54,6,0,6,0,6,0,0,0,0,0,0,0,0,0,0,1,0,0,0,1,0,0,0,0,1,0,0,0,1,0,0,0,0,0,0,0,0,0,0,0,0,2,0,0,0
260615,222,139,11,96,115,11,126,0,126,2,1,0,1,1,2,0,0,0,0,30,0,0,0,17,0,1,0,0,0,0,0,0,4,0,0,0,0,0,0,21,1,0,0,0,0,37,3,3,2
260962,1230,1219,12,399,819,12,831,0,831,4,1,0,1,0,14,0,0,5,0,133,1,1,0,130,0,1,0,0,48,1,0,1,13,0,3,0,1,0,1,257,0,1,74,0,0,114,3,0,23
260963,1857,1829,8,752,1101,4,1105,0,1105,17,4,2,3,0,14,0,0,10,0,197,0,4,0,187,0,0,0,0,67,3,1,1,21,0,3,0,3,0,0,254,0,0,62,0,0,203,9,1,39
260964,2241,2204,20,711,1511,19,1530,0,1530,15,3,0,1,1,13,0,0,1,0,234,0,2,0,205,0,0,0,2,104,5,0,0,6,0,5,0,2,1,0,400,0,2,155,0,0,323,15,4,31
260965,1584,1573,19,551,1015,18,1033,0,1033,9,1,0,0,0,0,0,0,1,0,169,0,0,0,185,0,0,0,0,56,5,0,2,23,0,4,0,0,0,4,250,0,0,46,0,0,235,8,0,35
260966,2256,2216,12,804,1440,12,1452,0,1452,13,2,1,2,1,8,0,1,2,0,224,0,1,1,244,0,0,0,2,69,11,0,0,19,0,4,1,0,0,0,392,1,1,61,0,0,339,11,3,38
260967,1974,1952,21,735,1219,20,1239,0,1239,11,4,3,1,0,9,0,0,3,2,190,0,1,0,187,0,0,0,0,91,4,0,0,21,0,5,0,0,0,0,360,0,0,83,0,0,210,9,4,41
260968,1488,1465,19,578,895,15,910,0,910,14,0,3,1,0,7,0,0,2,0,157,0,1,0,142,0,0,0,1,39,5,0,2,7,0,3,0,0,0,1,244,0,1,67,0,1,180,2,2,28
260969,2298,2276,19,903,1378,17,1395,0,1395,12,2,1,2,1,21,0,0,16,0,237,1,2,1,234,0,1,0,1,80,4,1,0,29,0,9,0,2,0,2,369,0,0,82,0,1,227,11,1,45
260970,2100,2074,12,810,1281,9,1290,0,1290,19,1,4,1,0,9,1,1,7,0,204,1,2,1,234,0,0,0,0,84,5,0,5,25,1,0,0,0,0,0,328,1,0,88,1,1,204,6,3,53
260971,2244,2217,12,911,1322,11,1333,0,1333,8,5,2,3,0,19,2,0,3,1,218,0,1,0,227,1,0,0,1,95,3,0,2,27,0,1,0,1,0,1,302,0,0,74,0,0,274,17,1,44
260972,1986,1959,5,766,1216,4,1220,0,1220,7,2,4,3,2,8,0,0,2,2,214,0,0,0,218,0,2,0,3,79,0,0,0,14,0,5,0,0,0,0,306,1,0,67,0,0,241,6,5,29
260973,2205,2173,15,853,1342,10,1352,0,1352,25,1,0,2,2,10,0,0,2,0,266,0,2,0,220,0,1,0,0,76,9,0,0,22,0,2,0,1,0,1,327,0,0,81,0,0,260,7,1,34
260974,2280,2243,18,882,1384,14,1398,0,1398,20,3,1,2,0,19,0,0,1,0,220,0,2,0,228,0,0,0,0,94,3,0,0,23,1,2,0,0,0,1,396,1,0,82,0,0,244,15,1,39
260975,2250,2212,8,821,1421,8,1429,0,1429,11,2,0,1,0,10,0,0,7,0,210,2,0,1,228,0,1,0,0,117,4,0,1,31,1,6,1,2,0,3,396,0,0,90,0,0,260,8,5,31
260976,2355,2337,12,932,1414,9,1423,0,1423,23,2,4,2,2,15,0,0,6,1,250,0,1,0,219,0,0,0,1,81,3,1,1,16,0,3,0,0,1,3,387,1,1,77,0,1,269,12,0,40
260977,2223,2203,8,911,1305,7,1312,0,1312,18,2,3,3,0,22,0,1,5,0,202,0,2,0,212,0,2,0,0,100,4,0,5,17,0,2,0,4,0,1,376,1,0,87,0,1,189,13,3,37
260978,2232,2197,8,973,1253,6,1259,0,1259,12,0,4,3,0,27,0,1,8,0,193,0,0,2,246,1,1,0,0,97,5,0,1,25,0,1,0,1,0,0,300,0,1,70,0,0,199,13,3,45
260979,2361,2341,9,1044,1310,7,1317,0,1317,20,1,3,5,1,14,0,1,7,0,176,0,0,0,273,0,1,0,0,76,3,0,5,33,0,2,1,1,0,0,336,0,1,74,0,0,232,7,5,39
260980,2415,2377,7,1005,1405,5,1410,0,1410,22,3,3,3,2,20,0,0,10,0,224,1,3,0,283,0,0,0,2,73,7,0,1,32,0,4,0,0,0,1,337,0,0,87,0,0,244,10,1,37
260981,2358,2341,12,1022,1326,10,1336,0,1336,15,1,4,2,1,39,0,1,1,0,200,0,1,0,281,0,1,0,0,76,4,0,1,22,0,3,0,1,0,1,290,0,0,74,0,1,261,19,2,34
260982,2259,2213,3,1016,1241,2,1243,0,1243,16,0,0,4,1,25,1,0,6,1,185,2,1,1,253,0,0,1,0,68,2,0,1,26,1,0,0,1,0,0,303,0,2,62,0,2,218,9,4,47
260983,1911,1881,9,819,1086,6,1092,0,1092,6,1,3,1,1,11,0,0,4,0,123,0,2,0,257,0,0,0,0,67,4,0,1,47,0,1,0,0,1,0,238,0,1,54,0,0,213,9,3,44
260984,2340,2317,15,1045,1284,11,1295,0,1295,24,1,3,6,0,28,2,0,3,1,179,0,0,0,318,0,0,0,2,59,9,0,1,34,0,3,0,1,0,4,237,0,0,78,0,1,247,16,4,34
260985,1548,1515,9,650,892,6,898,0,898,14,0,1,0,0,16,1,0,6,1,139,0,2,0,199,0,0,0,0,52,1,0,1,24,2,3,0,0,0,0,187,0,0,42,0,0,173,9,3,22
260986,2049,2030,10,897,1143,9,1152,0,1152,11,0,1,1,0,22,0,0,4,0,179,0,1,0,198,1,0,0,0,73,6,0,0,28,0,3,0,0,0,1,292,0,1,64,0,1,228,4,3,30
260987,174,29,0,150,24,0,24,0,24,0,0,0,0,0,0,0,0,0,0,4,0,0,0,1,0,0,0,0,1,0,0,0,2,0,0,0,0,0,0,5,0,0,1,0,0,6,0,1,3
260988,543,104,63,458,25,60,85,0,85,0,0,0,1,0,2,0,0,0,0,8,0,0,0,18,0,0,0,0,4,0,0,0,2,0,0,0,0,0,0,26,0,0,2,0,0,18,1,1,2,31,03,2019,22,46
