320562,606,613,16,174,416,16,432,0,432,2,4,3,0,0,18,0,0,3,0,27,0,1,0,116,0,1,1,0,7,0,0,0,31,1,0,0,0,0,0,88,0,0,22,0,0,102,3,0,2
320578,1368,1370,13,490,865,13,878,0,878,19,4,3,0,0,23,0,0,11,0,35,0,2,1,320,2,0,0,0,7,0,0,1,28,1,6,0,0,0,0,181,0,0,55,0,3,154,13,0,9
320579,771,775,11,254,507,10,517,0,517,1,0,0,3,0,20,0,0,7,0,33,0,0,0,175,1,1,0,0,8,0,0,0,21,0,4,0,0,0,1,111,0,0,39,0,0,85,5,1,1
320580,171,168,0,62,109,0,109,0,109,1,0,0,0,0,1,0,0,1,0,6,0,1,0,66,0,0,0,0,0,0,0,0,1,1,0,0,0,0,0,17,0,0,0,0,0,13,1,0,0
320581,1616,1622,9,573,1035,8,1043,0,1043,11,3,2,1,0,48,0,0,17,0,89,0,1,0,382,0,0,0,0,18,0,0,2,39,1,6,0,0,0,0,208,0,0,79,1,1,122,6,0,6
320582,894,888,1,323,570,1,571,0,571,4,3,0,2,0,17,0,0,7,0,44,0,0,0,190,0,1,0,0,19,0,0,0,21,0,2,0,0,0,1,128,0,1,39,0,0,81,4,1,6
320597,2211,2255,5,722,1484,5,1489,0,1489,7,2,8,4,0,47,1,0,30,0,111,0,1,2,422,0,2,1,2,18,0,0,1,34,3,3,1,0,0,3,396,1,11,131,0,3,243,0,0,1
320598,1371,1383,2,458,911,2,913,0,913,2,5,0,0,0,36,0,0,8,0,93,1,1,1,306,0,0,0,0,8,0,0,2,26,0,2,0,1,0,1,173,0,1,62,0,1,176,5,0,2
320607,1368,1377,17,413,941,14,955,0,955,11,1,3,1,0,29,0,0,5,1,113,0,0,0,296,2,1,1,1,24,0,0,1,32,0,4,0,0,0,1,168,0,0,69,0,1,177,9,0,4
320608,720,712,6,248,467,5,472,0,472,3,2,0,0,1,16,0,1,3,0,41,0,0,0,182,0,0,1,0,0,0,0,1,19,0,0,0,1,0,0,93,0,1,31,0,0,65,7,2,2
320609,435,435,10,113,313,9,322,0,322,1,0,0,0,0,10,0,0,4,0,41,0,0,0,86,0,0,0,0,8,0,0,0,21,0,1,0,0,0,1,70,1,0,24,0,0,47,6,1,0
320612,1152,1149,0,374,778,0,778,0,778,9,3,1,4,0,44,0,0,15,0,69,0,0,0,252,0,0,0,0,6,0,1,0,23,0,2,1,0,0,0,150,0,1,62,0,1,126,4,0,4
320613,747,741,8,196,543,8,551,0,551,9,1,0,0,2,14,0,0,3,0,42,0,1,0,168,0,0,0,0,14,0,0,0,37,0,2,0,0,0,0,119,0,1,24,0,1,103,6,0,4
320614,1329,1325,13,468,849,12,861,0,861,10,0,1,2,0,27,0,0,13,1,66,0,0,1,275,0,1,1,0,20,0,0,0,20,0,3,0,0,0,0,201,0,0,75,0,0,135,6,0,3
320617,1155,1145,23,380,754,21,775,0,775,10,3,0,2,0,40,1,1,10,1,47,0,0,0,192,2,1,2,0,7,1,0,0,32,0,2,0,1,0,0,173,1,1,74,0,0,156,2,0,13
320618,342,340,5,119,219,4,223,0,223,0,0,0,1,0,6,0,0,3,0,8,0,0,0,80,0,0,0,0,9,0,0,2,11,0,0,0,0,0,0,43,0,0,6,0,0,51,3,0,0
320624,549,561,10,137,403,9,412,0,412,3,1,0,1,1,13,0,0,3,0,38,0,0,0,129,0,0,0,0,11,0,0,0,8,0,1,0,1,0,0,112,0,1,26,0,0,58,2,1,2
320628,1758,1765,7,575,1176,7,1183,0,1183,18,5,1,6,1,42,0,0,19,0,101,0,1,0,365,1,1,1,1,21,0,1,1,27,0,6,0,0,0,2,300,1,1,83,0,2,157,10,1,7
320629,1686,1698,1,542,1143,1,1144,0,1144,13,3,2,8,5,41,0,0,17,0,92,0,1,0,363,1,1,0,0,22,1,0,1,27,0,4,0,2,1,0,260,1,0,97,0,2,167,7,0,5
320630,741,744,3,221,517,3,520,0,520,10,1,0,2,0,28,0,0,10,0,32,0,0,0,170,0,0,0,0,11,0,0,0,14,0,0,0,0,0,1,127,0,0,49,0,0,59,3,0,3
320631,1176,1172,10,358,810,8,818,0,818,7,1,1,0,2,14,0,1,21,2,68,0,0,0,262,0,1,0,0,11,0,0,0,29,0,2,0,1,0,1,190,0,1,63,0,0,129,5,2,4
320632,636,634,0,208,428,0,428,0,428,3,6,0,1,0,20,0,0,0,0,31,0,0,0,166,0,1,0,0,4,0,0,0,12,0,0,0,0,0,0,68,0,1,31,0,0,74,5,0,5
320633,2295,2284,1,790,1504,1,1505,0,1502,17,3,6,5,0,69,0,0,35,0,108,0,0,0,479,2,4,1,0,16,0,1,2,40,1,7,0,1,0,1,320,0,2,107,0,2,260,7,0,6
320634,1836,1841,0,656,1180,0,1180,0,1180,10,5,3,1,1,40,2,0,18,0,107,0,2,0,371,0,0,0,0,13,1,0,2,51,2,2,0,0,0,0,234,0,0,100,0,2,202,6,0,5
320635,1722,1737,3,492,1227,3,1230,0,1230,14,5,1,0,1,64,2,0,18,1,118,0,2,0,366,0,1,0,0,26,0,0,1,39,0,1,0,1,0,1,306,0,2,117,0,0,138,0,2,3
320636,2187,2198,4,571,1612,4,1616,0,1616,29,6,10,4,1,65,1,0,26,1,159,0,1,1,444,4,0,1,1,38,1,1,1,48,2,5,0,1,0,3,398,0,0,175,0,1,177,1,2,8
320637,981,979,5,269,707,5,712,0,712,6,1,0,4,1,37,2,1,3,0,81,0,0,0,175,0,2,0,0,8,0,0,0,20,1,3,0,0,0,0,169,1,0,75,0,0,115,4,1,2
320638,1827,1805,14,684,1133,10,1143,0,1143,13,2,0,3,2,35,0,0,40,0,78,0,0,0,308,1,4,0,0,20,0,1,2,47,2,8,1,2,0,0,281,1,1,85,0,1,191,10,1,3
320639,447,445,0,140,307,0,307,0,307,5,0,1,0,1,8,0,0,9,0,24,0,0,0,92,1,0,0,0,4,0,0,0,11,0,1,0,0,0,0,76,0,0,21,0,0,47,6,0,0
320640,198,203,4,61,134,3,137,0,137,0,1,1,0,0,8,0,0,2,0,24,0,0,0,22,0,0,0,0,1,0,0,1,3,0,1,0,0,0,0,34,0,0,17,0,0,21,1,0,0
320642,2178,2177,8,623,1547,8,1555,0,1555,24,3,1,7,2,75,1,0,15,0,180,0,1,0,403,1,1,0,0,31,1,0,0,33,0,3,0,0,0,2,395,0,5,165,0,1,194,7,0,4
320645,1044,1037,37,363,645,36,681,0,681,4,1,0,0,0,20,0,1,5,0,63,0,1,1,221,0,1,1,0,6,0,0,0,46,0,2,0,1,0,0,110,0,0,47,0,1,135,8,1,5
320646,135,134,11,55,69,11,80,0,80,0,0,0,1,0,2,0,0,2,0,9,0,0,0,21,0,0,0,0,2,0,0,0,3,0,0,0,0,0,0,12,0,0,4,0,0,23,0,0,1
320647,645,651,16,240,390,15,405,0,405,3,0,0,1,0,16,1,0,3,0,24,0,0,0,109,1,1,0,0,3,0,0,1,19,0,2,0,0,0,0,91,0,0,36,0,1,91,1,0,1
320648,2382,2387,30,807,1545,30,1575,0,1575,23,2,4,6,0,86,0,0,18,0,148,0,1,0,498,2,2,0,0,14,0,1,1,62,0,5,0,0,0,0,249,0,0,94,0,1,336,15,3,4
320649,2304,2325,7,766,1532,6,1538,0,1538,17,5,2,4,0,67,1,0,16,0,160,0,1,0,513,0,0,0,0,21,2,0,0,62,0,5,1,0,0,2,250,1,3,129,0,0,263,8,0,5
320650,1650,1621,6,686,958,6,964,0,964,13,0,2,2,0,43,0,0,13,0,97,0,0,0,300,1,1,0,0,10,0,0,1,43,2,6,0,1,0,0,160,0,1,78,0,1,180,5,1,3
320651,1908,1917,5,656,1247,5,1252,0,1252,12,1,3,3,1,55,0,0,19,0,114,1,2,0,438,1,0,0,0,17,0,1,2,54,2,2,0,0,1,2,258,0,2,78,0,2,171,5,1,4
320652,771,776,47,261,465,45,510,0,510,10,0,2,2,0,18,0,0,2,0,37,0,0,0,137,1,1,0,0,8,0,1,2,35,1,1,0,0,0,0,96,1,0,28,0,0,121,5,0,1
320653,2415,2392,14,1064,1342,9,1351,0,1351,12,3,5,4,0,111,2,0,9,0,98,0,0,2,437,1,2,0,0,18,0,1,4,73,1,1,2,0,0,1,175,0,0,77,0,0,284,15,1,12
320654,441,450,2,174,265,2,267,0,267,5,0,1,0,0,9,0,0,1,0,25,0,0,0,81,0,0,0,0,5,0,0,1,19,0,0,0,0,0,0,54,0,1,20,0,0,42,3,0,0
320655,537,536,22,207,308,22,330,0,330,3,0,1,0,1,11,0,0,6,0,26,0,0,0,85,0,1,0,0,4,0,0,1,25,0,3,0,0,0,0,52,0,1,26,0,1,71,8,0,4
320656,315,308,8,102,206,7,213,0,213,0,0,0,0,0,7,1,0,0,0,13,0,0,0,65,0,0,0,0,4,0,0,0,15,0,1,0,0,0,1,60,0,1,8,0,0,34,3,0,0
320657,594,591,6,264,326,4,330,0,330,3,2,1,0,0,29,0,1,1,0,14,0,0,0,97,0,1,0,0,7,0,1,1,30,0,0,0,0,0,1,32,0,0,11,0,1,91,4,1,1
320658,687,695,47,228,420,39,459,0,459,8,0,1,2,0,26,0,0,8,0,62,0,0,0,138,0,0,0,0,4,0,0,1,32,0,1,0,1,0,0,64,0,1,23,0,0,75,10,0,2
320659,690,709,709,237,411,42,453,0,453,7,0,1,3,1,42,0,0,2,1,22,0,2,0,110,1,1,1,0,3,1,0,2,38,1,0,0,0,0,2,68,0,5,29,0,1,103,5,0,1
320660,81,83,7,31,44,6,50,0,50,0,1,0,0,0,4,0,0,0,0,3,0,1,0,10,0,0,0,0,0,0,0,0,10,1,0,0,0,0,0,5,0,0,3,0,0,10,2,0,0
320661,636,636,36,191,409,36,445,0,445,8,0,1,1,0,27,1,0,5,0,26,0,1,1,133,0,0,0,0,6,0,0,0,23,0,1,0,0,0,0,65,0,0,26,0,1,110,5,0,4
320662,168,171,14,65,89,14,103,0,103,1,0,0,1,1,6,0,0,0,0,2,0,0,0,18,0,0,0,0,1,0,0,0,8,0,0,0,0,0,0,22,0,1,6,0,0,32,0,0,4
320663,819,853,28,240,555,24,579,0,579,6,1,1,1,0,34,1,0,16,0,31,0,0,1,183,0,1,0,0,8,1,0,0,35,0,2,0,0,0,0,141,0,0,26,0,1,82,6,0,1
320664,330,335,20,114,200,16,216,0,216,3,0,2,1,0,13,0,0,5,0,15,0,0,0,68,0,0,0,0,3,0,0,0,6,0,0,0,0,0,0,53,0,0,17,0,1,25,3,0,1
320665,420,422,21,122,277,21,298,0,298,4,0,1,0,0,20,0,0,0,0,23,1,0,0,78,0,0,0,0,5,0,1,0,19,0,0,0,0,0,0,69,0,0,14,0,0,62,0,0,1
320666,891,909,14,319,558,14,572,0,572,5,1,2,2,0,21,0,0,5,0,57,0,0,0,179,1,0,0,0,11,0,0,0,26,0,0,0,0,0,1,115,0,0,39,0,0,97,5,2,3
320667,186,186,16,69,101,16,117,0,117,4,0,2,0,0,2,0,0,1,0,11,0,0,0,30,0,0,0,0,3,0,0,0,13,0,0,0,0,0,0,21,0,0,4,0,0,22,2,0,2
320668,651,644,17,282,352,17,369,0,369,8,0,5,1,0,15,0,0,2,0,15,0,0,0,102,0,0,0,0,6,0,0,2,35,0,1,0,0,0,0,89,0,0,23,0,1,59,4,0,1
320669,93,94,4,21,68,4,72,0,72,2,0,0,0,0,0,1,0,1,0,3,0,0,0,13,0,0,0,0,4,0,0,0,8,0,0,0,0,0,0,20,0,0,1,0,0,17,2,0,0
320670,816,815,11,337,470,9,479,0,479,11,1,2,2,1,17,0,0,3,0,33,1,0,1,160,0,0,0,0,5,0,0,1,36,0,1,0,0,0,0,84,0,0,14,0,0,91,13,0,2
320671,390,395,0,119,271,0,271,0,271,5,1,2,1,0,15,0,0,2,0,9,0,0,0,108,0,2,1,0,4,0,0,2,20,0,1,0,0,0,1,49,0,0,12,0,0,34,1,0,1
320672,240,242,0,76,164,0,164,0,164,3,0,0,0,0,6,0,0,0,0,7,0,0,0,67,0,0,0,0,0,0,0,2,11,0,0,0,0,0,1,17,0,0,11,0,0,34,4,0,1
320673,315,316,22,104,189,22,211,0,211,2,0,0,0,0,16,0,0,0,0,17,0,0,0,72,0,1,0,0,2,0,0,0,17,0,1,0,1,0,0,24,0,0,15,0,0,38,4,0,1
320674,657,655,7,205,445,6,452,0,452,7,1,0,1,0,25,0,0,5,0,17,0,0,1,158,2,2,0,0,10,0,2,0,22,0,0,0,0,0,0,82,0,0,41,0,1,69,6,0,0
320675,555,558,19,239,297,19,316,0,316,3,0,2,0,0,11,0,0,1,0,12,0,0,1,124,0,1,0,0,2,0,0,0,25,1,0,0,0,0,0,61,0,0,27,1,1,37,5,0,1
320676,240,240,11,61,168,11,179,0,179,2,0,1,0,0,13,1,0,4,0,8,0,0,0,52,0,0,0,1,7,0,0,0,14,0,0,0,0,0,0,25,0,0,10,0,0,40,1,0,0
320677,810,812,25,322,468,20,488,0,488,2,1,30,0,0,13,0,0,1,0,37,0,0,0,117,0,0,0,0,6,0,0,1,29,1,2,0,0,0,1,78,0,0,24,0,0,139,6,0,0
320678,618,648,42,172,404,42,446,0,446,6,1,0,0,0,18,0,0,1,1,30,0,0,1,137,0,0,0,0,6,0,0,1,43,0,1,0,0,0,0,65,0,0,24,0,1,102,6,1,1
320679,336,343,1,118,217,1,218,0,218,6,1,2,1,0,12,0,0,0,0,23,0,1,0,53,0,0,0,0,2,0,0,0,19,0,0,0,0,0,0,39,0,0,15,0,0,43,1,0,0
320680,534,535,25,158,351,25,376,0,376,3,1,0,2,0,25,0,1,3,0,33,0,1,0,107,0,0,0,0,6,0,0,0,37,0,1,0,0,0,0,50,0,0,15,0,1,90,0,0,0
320681,759,765,21,281,459,19,478,0,478,7,2,3,4,0,24,0,0,11,0,29,0,1,2,129,1,0,0,0,2,0,0,2,44,0,1,0,0,0,1,69,0,0,27,1,0,113,4,0,1
320682,279,280,13,91,176,12,188,0,188,1,0,0,0,0,19,0,0,0,0,10,0,0,0,74,0,1,0,0,6,0,0,0,15,1,0,0,0,0,0,23,0,0,16,0,0,21,1,0,0
320683,726,727,34,274,421,31,452,0,452,5,1,0,0,2,17,0,0,4,0,19,0,0,1,144,0,1,0,0,8,0,0,1,31,0,2,0,1,0,1,110,0,0,6,0,1,92,4,0,1
320684,492,501,28,117,347,28,375,0,375,3,1,0,0,0,19,0,0,3,0,22,0,0,0,121,0,1,0,0,4,0,1,1,15,0,1,0,1,0,0,77,1,0,14,0,1,84,5,0,0
320685,345,347,28,106,214,25,239,0,239,2,0,1,0,0,6,0,0,0,0,13,0,0,0,57,0,0,0,0,2,0,0,0,11,0,1,0,0,0,0,60,0,0,12,1,0,69,3,0,1
320686,501,507,35,163,308,30,338,0,338,3,0,1,0,0,8,0,0,1,0,29,0,0,0,84,0,1,0,0,7,0,0,1,26,2,4,0,0,0,0,64,0,1,20,0,0,75,9,0,2
320687,432,435,25,154,254,24,278,0,278,2,0,0,0,0,11,0,0,0,0,9,0,0,0,96,0,0,0,0,3,0,0,0,26,0,0,0,0,0,0,38,0,2,12,1,0,71,3,0,4
320688,525,535,45,110,372,43,415,0,415,2,2,1,1,0,27,1,0,4,0,33,0,0,0,145,0,0,0,0,5,0,0,0,16,1,0,0,0,0,0,54,0,0,29,0,0,84,8,0,2
320689,456,456,30,181,247,28,275,0,275,1,0,0,5,0,12,0,0,6,0,17,0,0,1,75,0,0,0,0,1,0,0,0,30,0,1,0,0,0,0,51,0,0,15,0,1,55,3,0,1
320690,339,345,9,90,240,9,249,0,249,1,2,2,0,0,5,0,0,1,0,18,0,0,0,74,0,1,0,0,2,0,0,0,7,0,0,0,0,0,1,57,0,0,10,0,0,59,6,1,2
320691,411,427,22,135,256,20,276,0,276,0,0,0,0,1,8,1,0,2,0,24,0,0,0,79,1,1,0,0,3,0,0,2,21,0,3,0,0,0,1,57,0,1,8,0,0,60,0,1,2
320692,159,159,11,46,102,11,113,0,113,0,0,0,0,0,4,0,0,1,1,9,0,0,0,18,0,0,0,0,8,0,0,0,11,0,1,0,0,0,0,24,0,0,2,0,1,32,0,0,1
320693,534,531,28,209,301,24,325,0,325,3,0,3,0,2,22,1,0,3,0,13,0,0,0,74,0,0,1,0,3,0,0,0,29,0,1,0,1,0,1,75,0,0,19,0,1,67,2,2,2
320694,477,493,21,135,324,18,342,0,342,2,1,4,1,0,18,0,0,7,1,18,0,0,0,87,0,0,0,0,8,0,0,0,9,0,0,0,0,0,0,91,1,0,25,0,0,65,1,0,3
320695,216,67,23,161,32,23,55,0,55,2,0,0,0,0,3,0,0,1,0,3,0,0,0,14,0,0,0,0,0,0,0,0,8,0,0,0,0,0,0,7,0,0,1,0,0,15,1,0,0
320872,405,404,24,166,215,24,239,0,239,2,0,0,0,0,13,0,2,2,0,14,0,1,0,64,0,1,0,0,5,0,0,0,37,0,0,0,0,0,0,49,0,0,7,1,0,39,2,0,0
320873,390,390,28,121,242,27,269,0,269,4,0,0,0,0,7,0,0,6,0,12,0,0,0,65,0,0,0,0,1,0,0,1,31,0,0,0,0,0,1,54,0,1,12,1,0,67,6,0,0
320874,1689,1661,120,660,922,107,1029,0,1029,12,2,1,1,1,44,1,1,6,0,78,0,0,0,238,0,2,0,0,20,0,1,1,66,0,3,0,0,0,2,166,0,3,141,0,3,224,10,0,2
320878,525,522,52,169,306,50,356,0,356,4,0,1,0,0,19,0,0,6,0,19,0,0,0,59,1,0,0,0,4,0,0,0,47,1,2,0,0,0,0,77,0,0,23,0,0,88,3,1,1
320879,237,239,15,66,156,15,171,0,171,2,0,0,0,0,12,0,1,0,0,11,0,0,0,23,0,0,0,0,6,0,0,0,44,0,0,0,0,0,0,20,0,0,8,0,0,41,1,0,2
320883,273,273,29,78,166,29,195,0,195,3,0,0,0,1,4,0,0,0,5,11,0,1,0,50,1,0,0,0,3,0,0,0,17,0,0,0,0,0,0,45,0,0,1,0,0,49,2,0,2
320884,780,784,64,250,466,64,530,0,530,4,1,1,0,0,31,0,0,3,0,42,0,0,0,108,2,2,0,0,10,0,0,1,70,1,1,0,0,0,3,95,0,0,48,0,0,98,6,1,2
320885,171,171,20,24,127,20,147,0,147,1,0,0,0,0,10,0,0,0,0,33,1,0,0,18,0,0,0,0,2,0,0,0,16,0,0,0,0,0,0,21,0,0,11,0,0,30,4,0,0
320887,258,260,18,82,158,18,176,0,176,2,0,0,0,0,4,0,0,0,1,10,0,0,0,41,0,0,0,0,4,0,0,0,33,1,0,0,0,0,0,43,0,0,1,0,0,30,3,2,1
320888,267,270,25,72,170,25,195,0,195,2,0,0,0,0,14,0,0,2,1,13,0,1,0,50,0,0,0,0,10,0,0,0,26,0,1,0,0,0,0,20,0,0,19,0,0,36,0,0,0
320889,396,393,16,158,223,15,238,0,238,2,0,0,1,0,12,0,0,0,0,12,0,0,0,75,0,1,0,0,6,0,0,0,25,0,0,0,0,0,0,37,0,0,3,0,0,54,7,2,1
320893,1092,1090,67,362,663,67,730,0,730,6,1,1,1,0,29,1,0,7,0,75,0,1,0,158,0,0,1,0,11,0,0,2,69,0,0,0,0,0,0,86,0,0,104,0,0,169,6,0,2
320894,318,313,32,87,200,31,231,0,231,1,0,0,0,0,11,1,0,5,0,15,1,0,0,41,0,0,0,0,3,1,0,0,17,0,0,0,0,0,0,27,0,0,39,2,0,61,5,0,1
320896,378,378,28,118,233,27,260,0,260,4,0,0,1,1,6,1,0,2,1,23,1,0,0,47,0,3,0,0,1,0,0,1,63,1,0,0,0,0,1,56,1,0,4,0,0,37,3,1,1
320897,552,541,32,203,325,24,349,0,349,3,0,0,0,0,24,0,0,2,0,21,0,0,0,74,1,0,0,0,10,0,0,0,41,1,0,0,0,0,1,59,0,0,24,0,1,79,6,0,2
320898,567,561,13,216,340,11,351,0,351,6,0,0,0,0,12,0,0,2,0,11,0,0,0,116,1,2,0,0,1,0,0,1,40,3,1,0,0,0,0,50,0,2,40,0,0,59,3,0,1
320899,852,863,70,362,425,65,490,0,490,8,0,1,2,0,20,0,1,4,0,32,0,0,1,122,0,0,0,0,6,0,1,0,70,3,1,0,0,1,0,57,0,3,23,0,0,125,6,0,3
320900,444,453,40,149,258,37,295,0,295,6,0,0,0,0,8,1,1,4,0,16,1,0,1,65,0,0,0,0,4,0,0,0,36,1,3,0,0,0,0,46,0,0,11,0,0,75,9,5,2
320902,357,363,15,127,217,13,230,0,230,2,0,0,1,0,5,0,0,0,0,11,0,0,0,63,0,0,0,0,2,0,1,0,34,0,1,0,0,0,1,34,0,0,24,0,0,50,0,0,1
320903,192,190,9,69,114,9,123,0,123,1,0,0,0,0,8,1,0,0,0,6,0,0,0,25,0,0,0,0,0,0,0,0,15,0,0,0,0,0,0,26,0,0,4,0,0,34,3,0,0
321008,183,179,12,43,128,12,140,0,140,0,0,0,0,0,5,1,0,0,0,15,0,0,0,40,0,0,0,0,1,0,1,1,7,0,0,0,0,0,1,15,0,0,5,0,0,45,3,0,0
321009,444,444,39,138,277,29,306,0,306,5,0,0,0,0,26,1,0,1,0,18,0,0,0,58,0,0,0,0,5,0,0,1,21,0,0,0,0,0,0,37,0,1,16,0,0,107,6,1,2
321011,2124,2110,51,850,1228,46,1274,0,1274,19,4,1,2,1,55,0,0,33,0,87,0,1,1,431,1,0,0,1,27,2,1,1,75,0,2,1,0,0,0,196,0,0,73,0,3,229,16,4,7
321012,882,875,26,358,498,26,524,0,524,4,2,0,0,0,10,1,1,6,0,27,0,0,0,185,0,0,0,1,6,0,0,0,20,0,2,0,1,0,0,58,0,0,56,0,0,131,9,0,4
321013,423,423,26,169,232,22,254,0,254,1,1,0,0,1,9,0,0,1,0,15,0,0,0,66,1,0,0,0,10,0,0,1,30,0,0,0,0,0,0,35,0,0,13,0,0,62,7,0,1
321014,651,668,62,218,380,53,433,0,433,8,1,0,0,1,25,0,1,5,1,41,0,0,0,117,1,0,0,0,8,0,0,0,34,0,0,0,0,0,0,71,0,0,30,0,1,84,3,0,1
321015,606,608,54,265,292,49,341,0,341,9,1,0,2,0,19,0,0,0,1,20,0,0,0,101,0,0,1,0,6,0,0,1,42,0,0,0,0,0,0,43,1,0,18,1,2,68,3,1,1
321016,576,573,44,185,352,39,391,0,391,5,1,1,1,0,7,1,0,2,0,37,0,0,0,126,0,1,0,0,2,0,0,1,19,0,4,0,0,0,0,64,0,1,19,0,0,92,2,0,5
321017,141,139,18,36,92,13,105,0,105,0,0,1,0,0,5,0,0,0,0,7,0,0,0,22,0,0,0,0,2,0,0,0,11,0,0,0,0,0,0,15,0,0,5,0,0,34,2,0,1
321018,261,258,31,71,162,28,190,0,190,1,0,0,0,0,21,0,0,1,0,9,0,0,0,61,0,0,0,0,2,0,0,0,7,0,0,0,0,0,0,29,0,0,8,1,0,46,4,0,0
321019,795,794,68,313,422,60,482,0,482,10,0,0,3,0,26,0,0,3,0,21,0,0,1,132,0,0,0,0,4,0,0,0,41,0,2,0,0,0,1,82,0,0,30,0,1,114,10,0,1
321020,1128,1119,21,465,644,19,663,0,663,9,1,0,0,0,21,2,0,3,0,35,0,1,0,237,0,0,0,0,9,0,0,0,31,0,1,1,0,1,1,106,0,0,54,1,0,140,7,0,2
321021,558,554,16,237,307,14,321,0,321,4,1,0,2,0,15,1,0,0,0,23,0,0,0,137,1,1,0,0,1,0,0,0,20,0,3,0,0,0,0,35,0,2,10,0,0,60,3,0,2
321022,468,468,21,178,272,18,290,0,290,5,0,0,0,3,10,0,0,5,0,19,0,0,0,110,0,1,0,1,5,0,0,1,12,1,1,1,0,0,1,29,0,0,13,0,0,70,2,0,0
321023,468,467,39,150,282,36,318,0,318,5,0,1,0,1,8,1,0,2,0,28,0,0,0,106,0,0,0,0,4,0,0,1,20,0,0,0,0,0,1,37,0,0,15,1,2,83,1,1,0
321024,486,481,38,92,357,37,394,0,394,1,0,1,1,1,11,0,0,0,0,9,0,0,0,60,0,0,0,0,2,0,0,0,3,0,0,0,0,0,0,234,1,0,21,0,0,43,4,0,2
321025,672,666,65,219,397,56,453,0,453,2,0,1,0,1,19,0,0,8,0,23,0,0,0,129,0,0,0,0,3,0,0,0,20,0,0,0,0,0,0,67,0,0,15,0,2,157,6,0,0
321027,234,238,30,91,116,27,143,0,143,0,0,0,0,0,12,0,0,6,0,12,0,0,1,41,0,0,0,0,0,0,0,0,8,0,0,0,0,0,0,24,0,0,8,1,0,28,2,0,0
321028,558,557,49,188,321,49,370,0,370,3,1,1,1,0,8,1,0,2,0,22,1,0,0,96,1,1,0,0,6,0,0,0,23,0,1,0,0,0,0,59,0,0,17,0,0,121,4,0,1
321029,516,529,40,171,307,38,345,0,345,4,0,3,0,0,24,0,0,7,0,32,0,0,0,91,0,0,0,0,4,0,0,0,31,0,0,0,0,0,0,47,0,0,28,0,0,68,4,0,2
321030,600,587,43,282,278,40,318,0,318,2,2,0,2,0,13,1,0,4,0,16,0,0,0,89,0,0,0,0,12,0,0,0,18,2,0,0,0,0,1,54,0,0,18,0,0,80,3,0,1
321031,873,858,25,394,458,21,479,0,479,5,0,0,0,1,12,0,0,3,0,37,0,0,0,142,0,0,0,0,6,0,0,0,16,1,0,0,0,1,3,79,0,1,50,0,0,113,5,0,4
321032,900,900,45,319,539,42,581,0,581,5,0,0,1,0,29,0,0,8,0,26,0,0,0,207,0,0,0,0,8,0,0,2,33,1,0,0,0,0,0,66,0,0,26,0,0,157,8,1,3
321033,261,252,14,101,146,14,160,0,160,1,0,1,0,0,5,0,0,2,0,7,0,0,0,75,0,0,0,0,0,0,0,1,13,0,0,0,0,0,0,17,0,0,4,0,0,32,1,0,1
321034,426,419,34,151,245,30,275,0,275,2,0,0,0,0,15,0,0,1,0,12,0,0,1,69,0,2,0,0,1,0,0,0,5,1,1,0,0,0,0,60,0,0,19,0,0,80,6,0,0
321035,1515,1513,71,636,825,54,879,0,879,19,2,0,2,0,40,0,0,8,0,67,1,2,0,276,1,0,1,0,17,0,0,1,28,0,6,0,0,0,1,122,0,1,63,0,1,201,10,1,8
321036,1032,1026,24,417,593,22,615,0,615,6,1,0,1,0,28,0,0,2,0,54,0,0,0,189,0,0,0,0,11,0,1,1,23,0,0,0,0,0,0,100,0,0,49,0,2,134,8,0,5
321037,774,784,30,318,427,29,456,0,456,5,0,0,0,0,29,0,0,0,0,12,1,0,0,146,0,0,0,0,11,0,0,0,18,0,1,0,0,0,0,92,0,0,17,0,1,116,4,1,2
321038,183,185,7,44,133,6,139,0,139,1,0,0,0,0,13,1,0,4,0,17,0,0,0,43,0,0,0,0,5,0,0,1,3,1,0,0,0,0,0,15,0,0,14,0,0,15,2,0,4
321039,375,377,29,154,197,24,221,0,221,1,0,0,0,1,9,0,0,0,0,9,0,1,0,62,0,0,0,0,0,0,0,0,23,0,0,0,1,0,0,35,2,1,17,0,0,53,5,0,1
321040,1506,1487,35,496,982,28,1010,0,1010,9,8,2,3,1,50,0,0,14,0,79,0,1,0,288,2,1,0,0,25,0,0,1,26,2,5,0,0,0,0,172,0,2,139,2,0,162,10,0,6
321041,1494,1489,28,543,934,17,951,0,951,10,5,2,2,1,34,1,0,11,0,79,1,1,0,320,0,1,1,0,10,0,1,1,18,0,2,0,0,0,1,176,0,0,82,0,0,178,5,1,7
321042,1305,1294,15,489,801,15,816,0,816,12,1,1,0,0,36,0,0,16,1,63,0,0,0,246,0,0,0,0,15,0,0,0,19,0,3,0,0,0,1,126,0,0,86,1,0,178,9,1,1
321043,1683,1667,16,604,1066,13,1079,0,1079,15,6,0,5,1,30,0,0,12,0,82,0,1,2,353,0,1,0,0,21,0,1,0,26,1,1,0,0,1,1,232,1,0,93,0,1,176,6,2,8
321044,531,526,21,234,279,18,297,0,297,1,2,0,1,0,16,0,0,4,0,8,0,0,0,71,0,0,0,0,1,0,0,0,18,1,2,0,0,0,1,47,0,0,22,0,0,97,2,2,1
321045,975,968,28,401,553,21,574,0,574,7,0,0,0,0,25,1,0,0,0,40,0,0,0,174,0,2,0,0,4,0,0,0,38,1,0,0,0,0,0,97,0,3,52,0,0,118,8,1,3
321046,501,498,14,227,261,13,274,0,274,2,1,0,0,0,16,0,0,2,0,16,0,0,0,76,1,0,0,0,2,0,0,1,19,0,0,0,0,0,2,28,0,0,17,0,1,87,3,0,0
321047,66,67,0,20,46,0,46,0,46,0,0,0,0,0,6,0,0,1,0,4,0,0,0,5,0,0,0,0,2,0,0,0,10,0,0,0,0,0,0,3,0,0,4,0,0,11,0,0,0
321373,1599,1579,7,583,1009,7,1016,0,1016,10,1,1,4,0,39,0,0,5,0,72,0,0,0,361,1,3,0,0,32,0,0,0,30,0,6,0,1,0,0,170,0,3,99,0,0,162,10,0,6
321374,1899,1880,3,696,1202,1,1203,0,1203,11,3,1,5,2,55,1,0,10,0,62,0,0,0,470,4,0,0,1,28,1,0,0,49,0,2,0,0,0,2,187,0,2,105,1,1,191,5,1,3
321375,1605,1605,9,577,1022,6,1028,0,1028,15,5,4,4,1,50,0,0,14,2,83,0,0,0,325,1,0,1,1,21,1,0,1,40,0,3,0,0,0,0,171,0,2,106,0,0,166,7,0,4
321376,1755,1738,7,664,1085,6,1091,0,1091,10,3,2,3,0,54,0,0,15,1,80,0,1,0,398,0,2,1,0,19,1,0,0,40,0,4,0,0,0,0,133,0,2,123,1,0,186,5,0,7
321377,1566,1549,13,595,958,13,971,0,971,9,3,1,4,1,46,0,0,9,0,65,0,2,0,347,0,1,1,0,19,1,0,0,28,0,0,0,3,0,0,169,0,0,124,0,1,119,7,4,7
321378,1929,1918,17,752,1162,15,1177,0,1177,13,1,0,3,3,41,1,0,11,0,95,0,0,1,442,1,2,2,0,26,0,1,0,29,0,2,0,0,0,2,172,0,1,114,0,0,194,8,1,11
321379,1680,1663,16,688,977,15,992,0,992,10,7,0,2,1,54,1,0,19,0,78,0,1,3,344,0,2,1,0,19,0,0,1,40,0,2,0,0,0,0,130,0,1,83,0,2,177,9,1,4
321380,2022,1991,10,879,1133,10,1143,0,1143,20,3,2,2,0,44,1,0,16,0,70,0,1,0,458,1,1,0,1,39,1,0,0,41,1,6,0,1,0,1,164,0,0,80,0,2,164,14,2,7
321381,1506,1486,10,601,899,6,905,0,905,18,2,1,2,2,39,0,1,6,0,75,0,0,0,327,0,0,0,0,13,0,0,0,22,0,1,1,0,0,0,150,0,0,82,0,1,154,4,1,3
321382,1464,1452,11,591,865,8,873,0,873,17,0,0,2,0,40,1,0,12,0,60,0,2,0,309,0,1,0,0,26,0,0,0,24,0,0,0,0,1,1,132,0,2,101,0,1,131,8,0,2
321383,1593,1582,8,637,950,6,956,0,956,12,2,2,3,0,47,3,0,13,0,77,0,2,0,325,0,0,0,0,11,2,0,0,25,0,0,0,0,0,1,172,0,1,97,1,0,150,9,0,1
321384,1908,1890,14,750,1147,11,1158,0,1158,16,3,7,3,0,35,0,0,19,0,77,0,2,0,390,0,1,0,1,24,1,0,2,20,1,1,0,0,0,0,213,1,2,129,0,0,189,10,1,10
321385,1719,1701,13,655,1057,7,1064,0,1064,9,2,0,2,1,52,0,0,9,0,67,0,2,0,373,1,0,0,0,19,1,0,0,29,2,0,0,1,0,1,178,0,1,118,0,0,185,5,3,3
321386,1749,1734,11,526,1213,10,1223,0,1223,20,3,3,3,0,55,1,0,15,0,92,1,1,0,362,0,3,0,0,26,0,0,0,30,0,5,0,1,0,1,268,0,6,111,0,1,204,7,1,3
321387,1911,1897,9,699,1205,7,1212,0,1212,16,4,2,3,3,87,3,0,19,0,69,0,0,0,368,0,1,0,0,28,0,0,0,33,2,4,0,1,0,0,231,0,1,145,0,1,184,4,0,3
321388,1863,1849,16,615,1233,15,1248,0,1248,18,3,1,12,4,85,0,0,20,0,79,1,1,2,385,1,0,1,0,30,0,0,0,32,2,8,0,0,0,2,233,1,0,104,0,2,205,5,2,8
321389,2043,2005,8,740,1295,8,1303,0,1303,13,7,4,5,1,83,1,1,20,0,105,0,0,0,420,1,0,0,0,23,0,1,1,22,0,3,0,1,0,1,259,0,0,141,0,2,175,5,2,6
321390,1674,1650,12,587,1077,10,1087,0,1087,12,2,7,0,1,88,1,0,24,0,66,0,2,0,309,2,0,0,0,23,0,0,1,22,3,6,0,0,0,0,237,1,1,109,0,1,160,3,0,6
321391,1860,1859,16,683,1167,10,1177,0,1177,12,3,3,3,1,76,1,0,34,0,80,0,1,0,352,0,1,0,0,26,0,0,1,22,0,4,0,1,0,0,232,0,0,127,0,0,176,12,2,7
321392,1944,1933,6,616,1322,6,1328,0,1328,9,2,3,3,0,128,1,2,36,1,90,0,0,0,432,1,0,0,0,24,1,1,1,35,2,8,0,0,0,0,248,0,1,162,0,1,124,3,2,7
321393,1560,1546,7,562,992,6,998,0,998,9,5,0,4,0,44,2,0,20,0,69,0,0,0,372,2,1,0,0,14,1,0,0,29,1,1,0,0,0,1,168,0,0,91,1,3,154,2,0,4
321394,1698,1675,7,516,1180,2,1182,0,1182,13,4,0,1,0,53,2,1,11,1,91,1,1,2,354,0,2,0,1,16,0,0,0,38,0,8,0,0,0,0,228,0,1,135,1,0,201,10,1,5
321395,1626,1605,8,662,958,6,964,0,964,10,2,3,0,1,57,0,0,11,0,68,0,0,1,361,0,0,1,1,27,0,0,0,20,1,1,0,0,0,1,181,1,0,80,1,0,129,3,0,3
321396,363,106,58,260,68,35,103,0,103,0,0,1,0,0,6,0,0,2,0,8,0,0,0,31,0,0,0,0,1,0,0,0,2,0,0,0,0,0,0,15,0,0,10,0,0,26,1,0,0
321418,1800,1802,0,618,1182,0,1182,0,1182,10,3,0,7,2,58,0,0,23,0,100,0,2,0,362,1,1,0,0,19,1,0,2,37,0,1,0,1,0,1,305,0,0,103,0,1,133,1,1,7,01,04,2019,16,15
